# t = , y1 = , y2 = , y3 =
0.000000 8.000000 20.000000 2.000000
0.014060 8.084359 19.789697 2.125059
0.028120 8.166646 19.583808 2.247792
0.042179 8.246907 19.382241 2.368245
0.056239 8.325187 19.184905 2.486464
0.070299 8.401529 18.991711 2.602494
0.084359 8.475977 18.802572 2.716379
0.098418 8.548572 18.617404 2.828161
0.112478 8.619354 18.436123 2.937883
0.126538 8.688365 18.258646 3.045586
0.140598 8.755643 18.084896 3.151311
0.154657 8.821226 17.914792 3.255096
0.168717 8.885153 17.748259 3.356981
0.182777 8.947460 17.585221 3.457004
0.196837 9.008182 17.425606 3.555202
0.210896 9.067356 17.269341 3.651610
0.224956 9.125014 17.116357 3.746266
0.239016 9.181193 16.966583 3.839203
0.253076 9.235923 16.819954 3.930456
0.267135 9.289238 16.676402 4.020059
0.281195 9.341169 16.535864 4.108043
0.295255 9.391746 16.398276 4.194442
0.309315 9.441001 16.263576 4.279286
0.323374 9.488963 16.131703 4.362607
0.337434 9.535661 16.002598 4.444435
0.351494 9.581123 15.876203 4.524799
0.365554 9.625376 15.752462 4.603728
0.379613 9.668449 15.631318 4.681251
0.393673 9.710367 15.512717 4.757395
0.407733 9.751157 15.396605 4.832187
0.421793 9.790844 15.282931 4.905654
0.435852 9.829453 15.171642 4.977823
0.449912 9.867008 15.062690 5.048718
0.463972 9.903533 14.956025 5.118366
0.478032 9.939051 14.851599 5.186789
0.492091 9.973586 14.749364 5.254013
0.506151 10.007159 14.649276 5.320060
0.520211 10.039792 14.551289 5.384955
0.534271 10.071507 14.455358 5.448719
0.548330 10.102325 14.361441 5.511374
0.562390 10.132266 14.269496 5.572942
0.576450 10.161351 14.179481 5.633445
0.590510 10.189598 14.091355 5.692903
0.604569 10.217026 14.005078 5.751337
0.618629 10.243656 13.920613 5.808766
0.632689 10.269505 13.837921 5.865210
0.646749 10.294590 13.756965 5.920688
0.660808 10.318930 13.677708 5.975219
0.674868 10.342542 13.600114 6.028821
0.688928 10.365442 13.524150 6.081512
0.702988 10.387648 13.449780 6.133310
0.717047 10.409174 13.376971 6.184232
0.731107 10.430037 13.305690 6.234295
0.745167 10.450253 13.235906 6.283516
0.759227 10.469836 13.167586 6.331910
0.773286 10.488800 13.100701 6.379494
0.787346 10.507162 13.035219 6.426283
0.801406 10.524934 12.971112 6.472292
0.815466 10.542130 12.908351 6.517537
0.829525 10.558764 12.846907 6.562031
0.843585 10.574850 12.786753 6.605790
0.857645 10.590399 12.727861 6.648828
0.871705 10.605425 12.670206 6.691157
0.885764 10.619940 12.613761 6.732792
0.899824 10.633957 12.558500 6.773746
0.913884 10.647486 12.504400 6.814032
0.927944 10.660540 12.451435 6.853662
0.942004 10.673130 12.399583 6.892650
0.956063 10.685266 12.348818 6.931006
0.970123 10.696961 12.299119 6.968743
0.984183 10.708224 12.250463 7.005873
0.998243 10.719066 12.202829 7.042407
1.012302 10.729496 12.156195 7.078356
1.026362 10.739526 12.110539 7.113732
1.040422 10.749164 12.065842 7.148544
1.054482 10.758420 12.022083 7.182805
1.068541 10.767303 11.979242 7.216523
1.082601 10.775823 11.937301 7.249710
1.096661 10.783988 11.896240 7.282374
1.110721 10.791807 11.856041 7.314527
1.124780 10.799289 11.816686 7.346176
1.138840 10.806441 11.778157 7.377332
1.152900 10.813272 11.740437 7.408005
1.166960 10.819790 11.703508 7.438201
1.181019 10.826002 11.667355 7.467932
1.195079 10.831917 11.631961 7.497204
1.209139 10.837541 11.597309 7.526028
1.223199 10.842882 11.563385 7.554410
1.237258 10.847947 11.530173 7.582359
1.251318 10.852743 11.497658 7.609883
1.265378 10.857277 11.465826 7.636990
1.279438 10.861555 11.434661 7.663687
1.293497 10.865584 11.404151 7.689982
1.307557 10.869370 11.374282 7.715882
1.321617 10.872919 11.345039 7.741395
1.335677 10.876238 11.316410 7.766527
1.349736 10.879332 11.288383 7.791285
1.363796 10.882208 11.260943 7.815676
1.377856 10.884870 11.234079 7.839707
1.391916 10.887325 11.207780 7.863384
1.405975 10.889578 11.182032 7.886714
1.420035 10.891634 11.156825 7.909702
1.434095 10.893498 11.132147 7.932356
1.448155 10.895176 11.107987 7.954680
1.462214 10.896672 11.084334 7.976681
1.476274 10.897991 11.061178 7.998365
1.490334 10.899138 11.038507 8.019737
1.504394 10.900118 11.016313 8.040802
1.518453 10.900935 10.994584 8.061567
1.532513 10.901593 10.973312 8.082036
1.546573 10.902098 10.952486 8.102215
1.560633 10.902452 10.932097 8.122109
1.574692 10.902660 10.912136 8.141722
1.588752 10.902727 10.892595 8.161061
1.602812 10.902656 10.873463 8.180128
1.616872 10.902450 10.854733 8.198931
1.630931 10.902115 10.836396 8.217472
1.644991 10.901653 10.818444 8.235756
1.659051 10.901068 10.800869 8.253789
1.673111 10.900364 10.783663 8.271573
1.687170 10.899543 10.766818 8.289115
1.701230 10.898610 10.750326 8.306417
1.715290 10.897568 10.734181 8.323483
1.729350 10.896419 10.718374 8.340319
1.743409 10.895167 10.702900 8.356928
1.757469 10.893816 10.687750 8.373313
1.771529 10.892367 10.672918 8.389479
1.785589 10.890825 10.658398 8.405429
1.799649 10.889191 10.644182 8.421168
1.813708 10.887468 10.630265 8.436697
1.827768 10.885660 10.616640 8.452022
1.841828 10.883769 10.603301 8.467145
1.855888 10.881797 10.590242 8.482070
1.869947 10.879748 10.577457 8.496801
1.884007 10.877623 10.564940 8.511339
1.898067 10.875424 10.552686 8.525690
1.912127 10.873156 10.540689 8.539855
1.926186 10.870818 10.528945 8.553838
1.940246 10.868415 10.517446 8.567642
1.954306 10.865948 10.506189 8.581270
1.968366 10.863419 10.495169 8.594724
1.982425 10.860830 10.484379 8.608008
1.996485 10.858184 10.473816 8.621125
2.010545 10.855482 10.463475 8.634076
2.024605 10.852726 10.453351 8.646865
2.038664 10.849918 10.443440 8.659495
2.052724 10.847061 10.433736 8.671968
2.066784 10.844155 10.424236 8.684286
2.080844 10.841203 10.414936 8.696452
2.094903 10.838207 10.405831 8.708469
2.108963 10.835167 10.396917 8.720339
2.123023 10.832086 10.388190 8.732063
2.137083 10.828966 10.379646 8.743646
2.151142 10.825807 10.371282 8.755088
2.165202 10.822612 10.363093 8.766392
2.179262 10.819381 10.355076 8.777560
2.193322 10.816117 10.347227 8.788595
2.207381 10.812821 10.339543 8.799498
2.221441 10.809494 10.332021 8.810271
2.235501 10.806137 10.324656 8.820917
2.249561 10.802753 10.317446 8.831437
2.263620 10.799341 10.310387 8.841834
2.277680 10.795904 10.303476 8.852109
2.291740 10.792442 10.296711 8.862265
2.305800 10.788957 10.290087 8.872302
2.319859 10.785450 10.283603 8.882223
2.333919 10.781922 10.277254 8.892030
2.347979 10.778374 10.271039 8.901725
2.362039 10.774808 10.264954 8.911308
2.376098 10.771224 10.258997 8.920782
2.390158 10.767623 10.253166 8.930149
2.404218 10.764006 10.247456 8.939409
2.418278 10.760375 10.241866 8.948565
2.432337 10.756730 10.236394 8.957618
2.446397 10.753072 10.231037 8.966570
2.460457 10.749402 10.225792 8.975423
2.474517 10.745721 10.220657 8.984176
2.488576 10.742030 10.215630 8.992833
2.502636 10.738330 10.210708 9.001395
2.516696 10.734621 10.205890 9.009862
2.530756 10.730904 10.201173 9.018237
2.544815 10.727180 10.196554 9.026521
2.558875 10.723449 10.192033 9.034714
2.572935 10.719714 10.187607 9.042819
2.586995 10.715973 10.183274 9.050836
2.601054 10.712228 10.179031 9.058767
2.615114 10.708480 10.174878 9.066613
2.629174 10.704729 10.170812 9.074376
2.643234 10.700975 10.166831 9.082055
2.657293 10.697220 10.162934 9.089654
2.671353 10.693464 10.159118 9.097172
2.685413 10.689708 10.155383 9.104611
2.699473 10.685952 10.151726 9.111972
2.713533 10.682196 10.148146 9.119256
2.727592 10.678442 10.144641 9.126465
2.741652 10.674689 10.141209 9.133598
2.755712 10.670939 10.137850 9.140658
2.769772 10.667192 10.134561 9.147645
2.783831 10.663447 10.131341 9.154560
2.797891 10.659707 10.128189 9.161405
2.811951 10.655970 10.125102 9.168179
2.826011 10.652238 10.122081 9.174885
2.840070 10.648511 10.119123 9.181523
2.854130 10.644790 10.116227 9.188094
2.868190 10.641074 10.113392 9.194599
2.882250 10.637364 10.110617 9.201038
2.896309 10.633661 10.107899 9.207413
2.910369 10.629965 10.105239 9.213725
2.924429 10.626277 10.102635 9.219974
2.938489 10.622595 10.100085 9.226161
2.952548 10.618922 10.097589 9.232287
2.966608 10.615257 10.095145 9.238353
2.980668 10.611601 10.092752 9.244359
2.994728 10.607954 10.090410 9.250307
3.008787 10.604315 10.088117 9.256196
3.022847 10.600687 10.085872 9.262029
3.036907 10.597067 10.083674 9.267805
3.050967 10.593458 10.081522 9.273525
3.065026 10.589859 10.079416 9.279191
3.079086 10.586271 10.077353 9.284802
3.093146 10.582694 10.075334 9.290359
3.107206 10.579127 10.073358 9.295863
3.121265 10.575571 10.071423 9.301315
3.135325 10.572027 10.069528 9.306716
3.149385 10.568495 10.067673 9.312065
3.163445 10.564974 10.065857 9.317364
3.177504 10.561465 10.064080 9.322614
3.191564 10.557969 10.062339 9.327814
3.205624 10.554485 10.060635 9.332965
3.219684 10.551013 10.058967 9.338069
3.233743 10.547554 10.057334 9.343126
3.247803 10.544108 10.055735 9.348135
3.261863 10.540674 10.054170 9.353098
3.275923 10.537254 10.052637 9.358016
3.289982 10.533848 10.051137 9.362889
3.304042 10.530454 10.049668 9.367717
3.318102 10.527074 10.048230 9.372501
3.332162 10.523708 10.046823 9.377241
3.346221 10.520356 10.045445 9.381938
3.360281 10.517017 10.044095 9.386593
3.374341 10.513692 10.042774 9.391206
3.388401 10.510382 10.041481 9.395777
3.402460 10.507086 10.040215 9.400308
3.416520 10.503804 10.038976 9.404798
3.430580 10.500536 10.037762 9.409247
3.444640 10.497283 10.036574 9.413657
3.458699 10.494044 10.035411 9.418028
3.472759 10.490820 10.034272 9.422360
3.486819 10.487610 10.033158 9.426654
3.500879 10.484416 10.032066 9.430910
3.514938 10.481236 10.030998 9.435129
3.528998 10.478071 10.029952 9.439310
3.543058 10.474920 10.028928 9.443455
3.557118 10.471785 10.027925 9.447564
3.571178 10.468665 10.026944 9.451637
3.585237 10.465560 10.025983 9.455674
3.599297 10.462469 10.025042 9.459677
3.613357 10.459394 10.024121 9.463645
3.627417 10.456334 10.023219 9.467579
3.641476 10.453290 10.022336 9.471478
3.655536 10.450260 10.021472 9.475345
3.669596 10.447246 10.020626 9.479178
3.683656 10.444247 10.019798 9.482979
3.697715 10.441263 10.018987 9.486747
3.711775 10.438294 10.018193 9.490483
3.725835 10.435341 10.017416 9.494187
3.739895 10.432403 10.016655 9.497860
3.753954 10.429480 10.015910 9.501502
3.768014 10.426573 10.015181 9.505113
3.782074 10.423681 10.014467 9.508693
3.796134 10.420804 10.013768 9.512244
3.810193 10.417943 10.013083 9.515765
3.824253 10.415097 10.012413 9.519256
3.838313 10.412266 10.011757 9.522719
3.852373 10.409450 10.011115 9.526152
3.866432 10.406650 10.010487 9.529557
3.880492 10.403865 10.009871 9.532933
3.894552 10.401095 10.009268 9.536282
3.908612 10.398341 10.008679 9.539603
3.922671 10.395602 10.008101 9.542896
3.936731 10.392878 10.007536 9.546163
3.950791 10.390169 10.006982 9.549402
3.964851 10.387475 10.006440 9.552615
3.978910 10.384796 10.005910 9.555802
3.992970 10.382133 10.005390 9.558962
4.007030 10.379484 10.004882 9.562097
4.021090 10.376851 10.004384 9.565206
4.035149 10.374233 10.003897 9.568290
4.049209 10.371629 10.003419 9.571349
4.063269 10.369041 10.002952 9.574383
4.077329 10.366467 10.002495 9.577393
4.091388 10.363908 10.002047 9.580378
4.105448 10.361365 10.001609 9.583339
4.119508 10.358836 10.001180 9.586277
4.133568 10.356321 10.000760 9.589190
4.147627 10.353822 10.000348 9.592081
4.161687 10.351337 9.999946 9.594948
4.175747 10.348867 9.999551 9.597792
4.189807 10.346411 9.999166 9.600614
4.203866 10.343970 9.998788 9.603413
4.217926 10.341543 9.998418 9.606190
4.231986 10.339131 9.998056 9.608945
4.246046 10.336733 9.997701 9.611677
4.260105 10.334350 9.997354 9.614389
4.274165 10.331981 9.997014 9.617079
4.288225 10.329626 9.996682 9.619747
4.302285 10.327286 9.996356 9.622395
4.316344 10.324959 9.996037 9.625021
4.330404 10.322647 9.995725 9.627627
4.344464 10.320349 9.995419 9.630213
4.358524 10.318065 9.995120 9.632778
4.372583 10.315794 9.994827 9.635323
4.386643 10.313538 9.994540 9.637848
4.400703 10.311295 9.994260 9.640354
4.414763 10.309067 9.993985 9.642840
4.428822 10.306852 9.993716 9.645307
4.442882 10.304650 9.993452 9.647754
4.456942 10.302463 9.993194 9.650182
4.471002 10.300289 9.992942 9.652592
4.485062 10.298128 9.992695 9.654983
4.499121 10.295981 9.992453 9.657355
4.513181 10.293847 9.992216 9.659709
4.527241 10.291727 9.991984 9.662045
4.541301 10.289619 9.991757 9.664363
4.555360 10.287526 9.991534 9.666663
4.569420 10.285445 9.991317 9.668945
4.583480 10.283377 9.991104 9.671210
4.597540 10.281322 9.990895 9.673457
4.611599 10.279281 9.990691 9.675687
4.625659 10.277252 9.990491 9.677900
4.639719 10.275236 9.990295 9.680096
4.653779 10.273233 9.990103 9.682276
4.667838 10.271243 9.989916 9.684438
4.681898 10.269265 9.989732 9.686585
4.695958 10.267300 9.989552 9.688714
4.710018 10.265347 9.989376 9.690828
4.724077 10.263407 9.989204 9.692926
4.738137 10.261480 9.989035 9.695007
4.752197 10.259564 9.988870 9.697073
4.766257 10.257661 9.988708 9.699123
4.780316 10.255771 9.988550 9.701158
4.794376 10.253892 9.988395 9.703177
4.808436 10.252026 9.988243 9.705181
4.822496 10.250171 9.988095 9.707170
4.836555 10.248329 9.987949 9.709144
4.850615 10.246499 9.987807 9.711103
4.864675 10.244680 9.987667 9.713047
4.878735 10.242873 9.987531 9.714977
4.892794 10.241078 9.987397 9.716892
4.906854 10.239295 9.987266 9.718792
4.920914 10.237523 9.987138 9.720679
4.934974 10.235763 9.987013 9.722551
4.949033 10.234014 9.986890 9.724409
4.963093 10.232277 9.986770 9.726254
4.977153 10.230551 9.986652 9.728084
4.991213 10.228837 9.986537 9.729901
5.005272 10.227133 9.986424 9.731704
5.019332 10.225441 9.986314 9.733494
5.033392 10.223760 9.986206 9.735271
5.047452 10.222090 9.986100 9.737034
5.061511 10.220431 9.985997 9.738784
5.075571 10.218783 9.985895 9.740522
5.089631 10.217146 9.985796 9.742246
5.103691 10.215520 9.985699 9.743957
5.117750 10.213904 9.985604 9.745656
5.131810 10.212299 9.985510 9.747342
5.145870 10.210705 9.985419 9.749016
5.159930 10.209121 9.985330 9.750677
5.173989 10.207548 9.985242 9.752326
5.188049 10.205985 9.985157 9.753963
5.202109 10.204433 9.985073 9.755587
5.216169 10.202891 9.984991 9.757200
5.230228 10.201359 9.984911 9.758801
5.244288 10.199837 9.984832 9.760390
5.258348 10.198326 9.984755 9.761967
5.272408 10.196824 9.984680 9.763533
5.286467 10.195333 9.984606 9.765087
5.300527 10.193852 9.984534 9.766630
5.314587 10.192380 9.984463 9.768161
5.328647 10.190918 9.984394 9.769681
5.342707 10.189467 9.984326 9.771190
5.356766 10.188025 9.984260 9.772688
5.370826 10.186592 9.984195 9.774175
5.384886 10.185169 9.984131 9.775651
5.398946 10.183756 9.984069 9.777116
5.413005 10.182352 9.984008 9.778570
5.427065 10.180958 9.983948 9.780014
5.441125 10.179573 9.983890 9.781447
5.455185 10.178197 9.983833 9.782870
5.469244 10.176831 9.983777 9.784282
5.483304 10.175474 9.983722 9.785684
5.497364 10.174126 9.983668 9.787076
5.511424 10.172787 9.983616 9.788458
5.525483 10.171457 9.983564 9.789829
5.539543 10.170136 9.983514 9.791191
5.553603 10.168824 9.983465 9.792543
5.567663 10.167521 9.983416 9.793884
5.581722 10.166227 9.983369 9.795216
5.595782 10.164941 9.983323 9.796539
5.609842 10.163665 9.983278 9.797852
5.623902 10.162397 9.983233 9.799155
5.637961 10.161137 9.983190 9.800449
5.652021 10.159886 9.983147 9.801733
5.666081 10.158644 9.983106 9.803008
5.680141 10.157410 9.983065 9.804274
5.694200 10.156184 9.983025 9.805530
5.708260 10.154967 9.982986 9.806778
5.722320 10.153758 9.982948 9.808016
5.736380 10.152557 9.982910 9.809246
5.750439 10.151364 9.982874 9.810466
5.764499 10.150180 9.982838 9.811678
5.778559 10.149004 9.982803 9.812881
5.792619 10.147835 9.982769 9.814075
5.806678 10.146675 9.982735 9.815261
5.820738 10.145522 9.982702 9.816438
5.834798 10.144378 9.982670 9.817607
5.848858 10.143241 9.982638 9.818767
5.862917 10.142112 9.982607 9.819919
5.876977 10.140991 9.982577 9.821062
5.891037 10.139877 9.982547 9.822197
5.905097 10.138771 9.982518 9.823324
5.919156 10.137673 9.982490 9.824443
5.933216 10.136582 9.982462 9.825554
5.947276 10.135498 9.982435 9.826657
5.961336 10.134422 9.982408 9.827752
5.975395 10.133354 9.982382 9.828839
5.989455 10.132292 9.982357 9.829918
6.003515 10.131238 9.982332 9.830990
6.017575 10.130191 9.982307 9.832053
6.031634 10.129152 9.982283 9.833109
6.045694 10.128119 9.982260 9.834158
6.059754 10.127094 9.982237 9.835199
6.073814 10.126076 9.982214 9.836232
6.087873 10.125064 9.982192 9.837258
6.101933 10.124060 9.982171 9.838277
6.115993 10.123062 9.982150 9.839289
6.130053 10.122072 9.982129 9.840293
6.144112 10.121088 9.982109 9.841290
6.158172 10.120111 9.982089 9.842279
6.172232 10.119141 9.982069 9.843262
6.186292 10.118177 9.982051 9.844238
6.200351 10.117220 9.982032 9.845207
6.214411 10.116270 9.982014 9.846168
6.228471 10.115326 9.981996 9.847123
6.242531 10.114389 9.981978 9.848071
6.256591 10.113458 9.981961 9.849012
6.270650 10.112534 9.981945 9.849947
6.284710 10.111616 9.981928 9.850875
6.298770 10.110704 9.981912 9.851796
6.312830 10.109798 9.981897 9.852710
6.326889 10.108899 9.981881 9.853619
6.340949 10.108006 9.981866 9.854520
6.355009 10.107120 9.981852 9.855415
6.369069 10.106239 9.981837 9.856304
6.383128 10.105365 9.981823 9.857186
6.397188 10.104496 9.981809 9.858062
6.411248 10.103634 9.981796 9.858932
6.425308 10.102777 9.981783 9.859796
6.439367 10.101926 9.981770 9.860653
6.453427 10.101082 9.981757 9.861505
6.467487 10.100243 9.981744 9.862350
6.481547 10.099410 9.981732 9.863189
6.495606 10.098583 9.981720 9.864022
6.509666 10.097761 9.981709 9.864850
6.523726 10.096945 9.981697 9.865671
6.537786 10.096135 9.981686 9.866487
6.551845 10.095331 9.981675 9.867297
6.565905 10.094532 9.981665 9.868101
6.579965 10.093738 9.981654 9.868899
6.594025 10.092950 9.981644 9.869691
6.608084 10.092168 9.981634 9.870478
6.622144 10.091391 9.981624 9.871260
6.636204 10.090619 9.981614 9.872035
6.650264 10.089853 9.981605 9.872806
6.664323 10.089092 9.981596 9.873570
6.678383 10.088336 9.981587 9.874330
6.692443 10.087586 9.981578 9.875084
6.706503 10.086840 9.981569 9.875832
6.720562 10.086100 9.981561 9.876576
6.734622 10.085365 9.981552 9.877314
6.748682 10.084636 9.981544 9.878046
6.762742 10.083911 9.981536 9.878774
6.776801 10.083191 9.981529 9.879496
6.790861 10.082477 9.981521 9.880213
6.804921 10.081767 9.981513 9.880926
6.818981 10.081062 9.981506 9.881633
6.833040 10.080362 9.981499 9.882335
6.847100 10.079667 9.981492 9.883032
6.861160 10.078977 9.981485 9.883724
6.875220 10.078292 9.981478 9.884411
6.889279 10.077611 9.981472 9.885093
6.903339 10.076935 9.981465 9.885771
6.917399 10.076264 9.981459 9.886443
6.931459 10.075598 9.981453 9.887111
6.945518 10.074936 9.981447 9.887775
6.959578 10.074279 9.981441 9.888433
6.973638 10.073626 9.981435 9.889087
6.987698 10.072978 9.981430 9.889736
7.001757 10.072334 9.981424 9.890381
7.015817 10.071695 9.981419 9.891021
7.029877 10.071061 9.981413 9.891656
7.043937 10.070430 9.981408 9.892287
7.057996 10.069805 9.981403 9.892913
7.072056 10.069183 9.981398 9.893535
7.086116 10.068566 9.981393 9.894153
7.100176 10.067953 9.981388 9.894766
7.114236 10.067345 9.981384 9.895375
7.128295 10.066740 9.981379 9.895980
7.142355 10.066140 9.981375 9.896580
7.156415 10.065544 9.981370 9.897176
7.170475 10.064953 9.981366 9.897768
7.184534 10.064365 9.981362 9.898356
7.198594 10.063782 9.981358 9.898939
7.212654 10.063202 9.981354 9.899519
7.226714 10.062627 9.981350 9.900094
7.240773 10.062055 9.981346 9.900665
7.254833 10.061488 9.981342 9.901232
7.268893 10.060925 9.981338 9.901795
7.282953 10.060365 9.981335 9.902354
7.297012 10.059810 9.981331 9.902910
7.311072 10.059258 9.981328 9.903461
7.325132 10.058710 9.981324 9.904008
7.339192 10.058166 9.981321 9.904552
7.353251 10.057626 9.981318 9.905091
7.367311 10.057089 9.981314 9.905627
7.381371 10.056557 9.981311 9.906159
7.395431 10.056028 9.981308 9.906688
7.409490 10.055502 9.981305 9.907212
7.423550 10.054981 9.981302 9.907733
7.437610 10.054463 9.981299 9.908250
7.451670 10.053949 9.981297 9.908764
7.465729 10.053438 9.981294 9.909274
7.479789 10.052931 9.981291 9.909780
7.493849 10.052427 9.981288 9.910283
7.507909 10.051927 9.981286 9.910782
7.521968 10.051430 9.981283 9.911277
7.536028 10.050937 9.981281 9.911769
7.550088 10.050448 9.981278 9.912258
7.564148 10.049961 9.981276 9.912743
7.578207 10.049478 9.981274 9.913225
7.592267 10.048999 9.981271 9.913703
7.606327 10.048523 9.981269 9.914178
7.620387 10.048050 9.981267 9.914650
7.634446 10.047581 9.981265 9.915118
7.648506 10.047114 9.981263 9.915583
7.662566 10.046651 9.981261 9.916045
7.676626 10.046192 9.981259 9.916503
7.690685 10.045735 9.981257 9.916959
7.704745 10.045282 9.981255 9.917411
7.718805 10.044832 9.981253 9.917859
7.732865 10.044385 9.981251 9.918305
7.746924 10.043941 9.981249 9.918748
7.760984 10.043500 9.981248 9.919187
7.775044 10.043063 9.981246 9.919623
7.789104 10.042628 9.981244 9.920056
7.803163 10.042197 9.981243 9.920486
7.817223 10.041768 9.981241 9.920914
7.831283 10.041343 9.981239 9.921338
7.845343 10.040920 9.981238 9.921759
7.859402 10.040501 9.981236 9.922177
7.873462 10.040084 9.981235 9.922592
7.887522 10.039670 9.981233 9.923004
7.901582 10.039260 9.981232 9.923414
7.915641 10.038852 9.981231 9.923820
7.929701 10.038447 9.981229 9.924224
7.943761 10.038044 9.981228 9.924624
7.957821 10.037645 9.981227 9.925022
7.971880 10.037248 9.981225 9.925417
7.985940 10.036854 9.981224 9.925810
8.000000 10.036463 9.981223 9.926199
