# t = , y1 = , y2 = , y3 = , y4 = , y5 = , y6 = 
0.000000 6.000000 1.000000 7.000000 8.000000 2.000000 4.000000
0.049087 6.000000 2.619882 6.502237 6.895864 3.015499 3.855020
0.098175 5.852797 3.667691 6.142782 6.213533 3.610078 3.818950
0.147262 5.705949 4.332336 5.886591 5.781997 3.960678 3.839821
0.196349 5.559809 4.741979 5.702631 5.502098 4.169873 3.888425
0.245437 5.414730 4.982517 5.567054 5.315478 4.297130 3.948612
0.294524 5.271060 5.111089 5.462860 5.187218 4.376883 4.011680
0.343611 5.129147 5.165551 5.378486 5.096053 4.429009 4.073137
0.392699 4.989331 5.170958 5.306333 5.028789 4.464927 4.130832
0.441786 4.851951 5.143916 5.241544 4.977084 4.491149 4.183893
0.490873 4.717336 5.095474 5.181088 4.935566 4.511348 4.232115
0.539961 4.585811 5.033027 5.123128 4.900716 4.527566 4.275624
0.589048 4.457693 4.961571 5.066584 4.870191 4.540920 4.314692
0.638135 4.333291 4.884514 5.010851 4.842416 4.552004 4.349639
0.687223 4.212903 4.804216 4.955617 4.816320 4.561127 4.380783
0.736310 4.096821 4.722339 4.900751 4.791173 4.568446 4.408419
0.785398 3.985325 4.640078 4.846227 4.766481 4.574043 4.432809
0.834485 3.878681 4.558311 4.792084 4.741913 4.577966 4.454185
0.883572 3.777148 4.477701 4.738399 4.717252 4.580249 4.472750
0.932660 3.680970 4.398764 4.685270 4.692367 4.580929 4.488680
0.981747 3.590379 4.321911 4.632806 4.667185 4.580047 4.502135
1.030834 3.505593 4.247481 4.581125 4.641680 4.577650 4.513256
1.079922 3.426816 4.175761 4.530348 4.615856 4.573793 4.522170
1.129009 3.354237 4.106999 4.480597 4.589743 4.568540 4.528999
1.178096 3.288033 4.041413 4.431995 4.563390 4.561959 4.533853
1.227184 3.228363 3.979200 4.384665 4.536860 4.554124 4.536838
1.276271 3.175369 3.920536 4.338729 4.510225 4.545113 4.538056
1.325358 3.129180 3.865583 4.294307 4.483566 4.535011 4.537608
1.374446 3.089907 3.814490 4.251519 4.456970 4.523901 4.535589
1.423533 3.057645 3.767393 4.210481 4.430528 4.511872 4.532097
1.472620 3.032471 3.724417 4.171307 4.404333 4.499014 4.527225
1.521708 3.014446 3.685675 4.134108 4.378482 4.485418 4.521068
1.570795 3.003614 3.651271 4.098991 4.353071 4.471179 4.513721
1.619882 3.000000 3.621295 4.066061 4.328198 4.456388 4.505278
1.668970 3.003613 3.595831 4.035417 4.303960 4.441141 4.495833
1.718057 3.014445 3.574950 4.007154 4.280453 4.425532 4.485481
1.767144 3.032470 3.558710 3.981362 4.257773 4.409656 4.474315
1.816232 3.057643 3.547163 3.958126 4.236013 4.393606 4.462429
1.865319 3.089905 3.540345 3.937525 4.215265 4.377478 4.449919
1.914406 3.129178 3.538285 3.919632 4.195617 4.361365 4.436879
1.963494 3.175366 3.540999 3.904516 4.177157 4.345358 4.423401
2.012581 3.228359 3.548491 3.892237 4.159969 4.329550 4.409580
2.061668 3.288030 3.560756 3.882849 4.144133 4.314031 4.395510
2.110756 3.354234 3.577775 3.876400 4.129725 4.298888 4.381281
2.159843 3.426811 3.599520 3.872932 4.116821 4.284210 4.366986
2.208930 3.505588 3.625951 3.872476 4.105488 4.270081 4.352716
2.258018 3.590374 3.657015 3.875061 4.095793 4.256584 4.338559
2.307105 3.680965 3.692652 3.880705 4.087797 4.243800 4.324605
2.356192 3.777143 3.732787 3.889419 4.081557 4.231807 4.310939
2.405280 3.878675 3.777337 3.901208 4.077124 4.220681 4.297648
2.454367 3.985319 3.826206 3.916069 4.074548 4.210496 4.284813
2.503455 4.096815 3.879290 3.933991 4.073869 4.201320 4.272518
2.552542 4.212897 3.936473 3.954955 4.075126 4.193221 4.260841
2.601629 4.333284 3.997630 3.978936 4.078352 4.186263 4.249858
2.650717 4.457686 4.062626 4.005901 4.083574 4.180506 4.239645
2.699804 4.585804 4.131317 4.035808 4.090814 4.176007 4.230274
2.748891 4.717329 4.203549 4.068610 4.100090 4.172818 4.221813
2.797979 4.851943 4.279162 4.104252 4.111413 4.170991 4.214328
2.847066 4.989324 4.357984 4.142672 4.124790 4.170569 4.207884
2.896153 5.129139 4.439839 4.183800 4.140221 4.171595 4.202540
2.945241 5.271052 4.524540 4.227560 4.157703 4.174106 4.198353
2.994328 5.414722 4.611896 4.273871 4.177226 4.178136 4.195376
3.043415 5.559801 4.701708 4.322643 4.198774 4.183714 4.193659
3.092503 5.705941 4.793772 4.373781 4.222329 4.190865 4.193247
3.141590 5.852789 4.887876 4.427185 4.247863 4.199610 4.194184
3.190677 5.999992 4.983806 4.482747 4.275346 4.209964 4.196508
3.239765 6.147195 5.081342 4.540355 4.304744 4.221940 4.200253
3.288852 6.294043 5.180260 4.599892 4.336014 4.235545 4.205450
3.337939 6.440183 5.280333 4.661236 4.369111 4.250782 4.212126
3.387027 6.585263 5.381330 4.724260 4.403986 4.267651 4.220303
3.436114 6.728932 5.483019 4.788832 4.440582 4.286144 4.229999
3.485201 6.870846 5.585166 4.854818 4.478840 4.306253 4.241228
3.534289 7.010661 5.687535 4.922078 4.518697 4.327962 4.254001
3.583376 7.148042 5.789889 4.990471 4.560083 4.351253 4.268322
3.632463 7.282657 5.891993 5.059851 4.602927 4.376103 4.284194
3.681551 7.414182 5.993611 5.130071 4.647153 4.402483 4.301614
3.730638 7.542300 6.094507 5.200980 4.692680 4.430364 4.320574
3.779725 7.666703 6.194450 5.272427 4.739426 4.459709 4.341063
3.828813 7.787090 6.293206 5.344258 4.787303 4.490479 4.363066
3.877900 7.903172 6.390549 5.416319 4.836222 4.522631 4.386564
3.926988 8.014670 6.486253 5.488453 4.886091 4.556117 4.411533
3.976075 8.121313 6.580098 5.560506 4.936814 4.590888 4.437945
4.025162 8.222847 6.671865 5.632321 4.988294 4.626888 4.465769
4.074250 8.319025 6.761344 5.703742 5.040431 4.664061 4.494970
4.123337 8.409616 6.848327 5.774616 5.093124 4.702345 4.525508
4.172424 8.494403 6.932615 5.844787 5.146268 4.741676 4.557342
4.221512 8.573180 7.014012 5.914104 5.199760 4.781989 4.590424
4.270599 8.645759 7.092332 5.982417 5.253494 4.823214 4.624705
4.319686 8.711963 7.167394 6.049576 5.307363 4.865278 4.660132
4.368774 8.771634 7.239025 6.115437 5.361259 4.908107 4.696649
4.417861 8.824628 7.307063 6.179856 5.415075 4.951624 4.734198
4.466948 8.870818 7.371350 6.242695 5.468703 4.995752 4.772715
4.516036 8.910091 7.431740 6.303817 5.522036 5.040409 4.812136
4.565123 8.942354 7.488096 6.363089 5.574966 5.085513 4.852394
4.614210 8.967528 7.540289 6.420385 5.627386 5.130980 4.893419
4.663298 8.985553 7.588202 6.475582 5.679191 5.176727 4.935140
4.712385 8.996386 7.631728 6.528560 5.730277 5.222668 4.977482
4.761472 9.000000 7.670767 6.579207 5.780541 5.268715 5.020369
4.810560 8.996387 7.705235 6.627415 5.829881 5.314781 5.063725
4.859647 8.985555 7.735056 6.673082 5.878198 5.360780 5.107470
4.908734 8.967531 7.760164 6.716112 5.925395 5.406623 5.151524
4.957822 8.942358 7.780507 6.756414 5.971377 5.452224 5.195805
5.006909 8.910097 7.796043 6.793906 6.016053 5.497493 5.240233
5.055996 8.870825 7.806741 6.828510 6.059333 5.542346 5.284722
5.105084 8.824637 7.812582 6.860156 6.101131 5.586696 5.329192
5.154171 8.771644 7.813559 6.888780 6.141365 5.630457 5.373557
5.203258 8.711973 7.809677 6.914327 6.179956 5.673546 5.417734
5.252346 8.645770 7.800950 6.936748 6.216828 5.715879 5.461639
5.301433 8.573193 7.787408 6.956001 6.251909 5.757376 5.505190
5.350520 8.494416 7.769089 6.972052 6.285133 5.797957 5.548303
5.399608 8.409631 7.746043 6.984874 6.316436 5.837545 5.590898
5.448695 8.319040 7.718333 6.994449 6.345759 5.876064 5.632892
5.497783 8.222863 7.686030 7.000765 6.373048 5.913441 5.674206
5.546870 8.121330 7.649220 7.003819 6.398254 5.949605 5.714762
5.595957 8.014687 7.607996 7.003615 6.421332 5.984489 5.754482
5.645045 7.903191 7.562465 7.000164 6.442241 6.018027 5.793293
5.694132 7.787109 7.512741 6.993486 6.460948 6.050158 5.831119
5.743219 7.666723 7.458950 6.983609 6.477423 6.080822 5.867891
5.792307 7.542321 7.401228 6.970566 6.491640 6.109963 5.903539
5.841394 7.414203 7.339718 6.954401 6.503580 6.137529 5.937997
5.890481 7.282679 7.274576 6.935162 6.513230 6.163472 5.971201
5.939569 7.148064 7.205963 6.912906 6.520581 6.187747 6.003090
5.988656 7.010684 7.134049 6.887697 6.525630 6.210311 6.033606
6.037743 6.870869 7.059015 6.859607 6.528377 6.231128 6.062693
6.086831 6.728955 6.981044 6.828713 6.528832 6.250164 6.090301
6.135918 6.585286 6.900331 6.795098 6.527006 6.267391 6.116379
6.185005 6.440207 6.817076 6.758855 6.522917 6.282782 6.140884
6.234093 6.294067 6.731483 6.720079 6.516589 6.296316 6.163773
6.283180 6.147219 6.643763 6.678874 6.508049 6.307978 6.185009
6.332267 6.000016 6.554134 6.635349 6.497333 6.317754 6.204557
6.381355 5.852813 6.462816 6.589617 6.484478 6.325637 6.222388
6.430442 5.705965 6.370034 6.541798 6.469527 6.331622 6.238474
6.479529 5.559825 6.276015 6.492015 6.452531 6.335710 6.252793
6.528617 5.414745 6.180991 6.440399 6.433541 6.337906 6.265327
6.577704 5.271076 6.085196 6.387081 6.412616 6.338220 6.276061
6.626791 5.129162 5.988865 6.332199 6.389818 6.336665 6.284986
6.675879 4.989346 5.892234 6.275894 6.365214 6.333259 6.292095
6.724966 4.851965 5.795540 6.218309 6.338874 6.328024 6.297386
6.774053 4.717350 5.699022 6.159593 6.310875 6.320987 6.300861
6.823141 4.585825 5.602915 6.099893 6.281295 6.312178 6.302528
6.872228 4.457707 5.507455 6.039363 6.250215 6.301632 6.302396
6.921315 4.333304 5.412877 5.978156 6.217723 6.289388 6.300480
6.970403 4.212916 5.319413 5.916427 6.183907 6.275488 6.296800
7.019490 4.096834 5.227291 5.854333 6.148860 6.259979 6.291377
7.068578 3.985336 5.136738 5.792031 6.112676 6.242911 6.284240
7.117665 3.878692 5.047975 5.729679 6.075454 6.224337 6.275419
7.166752 3.777159 4.961221 5.667434 6.037293 6.204315 6.264948
7.215840 3.680980 4.876689 5.605453 5.998295 6.182905 6.252866
7.264927 3.590388 4.794585 5.543894 5.958565 6.160171 6.239215
7.314014 3.505601 4.715111 5.482911 5.918208 6.136179 6.224042
7.363102 3.426824 4.638463 5.422659 5.877331 6.110999 6.207395
7.412189 3.354245 4.564829 5.363289 5.836043 6.084704 6.189327
7.461276 3.288040 4.494389 5.304952 5.794452 6.057368 6.169895
7.510364 3.228369 4.427317 5.247794 5.752667 6.029068 6.149156
7.559451 3.175374 4.363779 5.191961 5.710800 5.999884 6.127174
7.608538 3.129185 4.303930 5.137593 5.668959 5.969896 6.104013
7.657626 3.089911 4.247918 5.084828 5.627256 5.939189 6.079741
7.706713 3.057648 4.195881 5.033799 5.585798 5.907846 6.054427
7.755800 3.032473 4.147949 4.984635 5.544695 5.875953 6.028145
7.804888 3.014448 4.104239 4.937462 5.504054 5.843599 6.000968
7.853975 3.003615 4.064861 4.892398 5.463982 5.810870 5.972974
7.903062 3.000000 4.029912 4.849560 5.424585 5.777857 5.944240
7.952150 3.003613 3.999480 4.809055 5.385964 5.744648 5.914848
8.001237 3.014444 3.973641 4.770987 5.348222 5.711333 5.884878
8.050324 3.032467 3.952461 4.735454 5.311457 5.678003 5.854413
8.099412 3.057640 3.935993 4.702547 5.275766 5.644747 5.823537
8.148499 3.089901 3.924280 4.672351 5.241243 5.611655 5.792335
8.197586 3.129173 3.917353 4.644945 5.207978 5.578816 5.760892
8.246674 3.175361 3.915233 4.620399 5.176061 5.546319 5.729294
8.295761 3.228353 3.917926 4.598779 5.145574 5.514249 5.697626
8.344848 3.288023 3.925429 4.580143 5.116599 5.482695 5.665975
8.393936 3.354226 3.937727 4.564539 5.089214 5.451740 5.634426
8.443023 3.426803 3.954793 4.552011 5.063491 5.421469 5.603065
8.492110 3.505579 3.976588 4.542595 5.039499 5.391961 5.571978
8.541198 3.590365 4.003063 4.536317 5.017304 5.363298 5.541247
8.590285 3.680955 4.034157 4.533199 4.996965 5.335556 5.510957
8.639373 3.777132 4.069797 4.533253 4.978540 5.308811 5.481188
8.688460 3.878664 4.109900 4.536483 4.962078 5.283135 5.452023
8.737547 3.985307 4.154372 4.542886 4.947626 5.258598 5.423539
8.786635 4.096803 4.203107 4.552453 4.935227 5.235267 5.395813
8.835722 4.212884 4.255992 4.565163 4.924915 5.213207 5.368922
8.884809 4.333271 4.312902 4.580993 4.916723 5.192477 5.342939
8.933897 4.457672 4.373701 4.599907 4.910676 5.173135 5.317933
8.982984 4.585790 4.438245 4.621865 4.906795 5.155237 5.293974
9.032071 4.717314 4.506381 4.646818 4.905096 5.138831 5.271127
9.081159 4.851929 4.577948 4.674710 4.905590 5.123966 5.249456
9.130246 4.989309 4.652775 4.705480 4.908280 5.110683 5.229020
9.179333 5.129124 4.730685 4.739056 4.913166 5.099023 5.209877
9.228421 5.271037 4.811491 4.775363 4.920242 5.089020 5.192079
9.277508 5.414706 4.895001 4.814316 4.929498 5.080705 5.175678
9.326595 5.559785 4.981017 4.855827 4.940916 5.074105 5.160720
9.375683 5.705925 5.069333 4.899799 4.954475 5.069243 5.147249
9.424770 5.852773 5.159738 4.946130 4.970147 5.066138 5.135304
9.473857 5.999976 5.252017 4.994712 4.987900 5.064802 5.124922
9.522945 6.147179 5.345949 5.045433 5.007697 5.065246 5.116134
9.572032 6.294027 5.441310 5.098173 5.029496 5.067475 5.108968
9.621119 6.440167 5.537873 5.152811 5.053248 5.071490 5.103449
9.670207 6.585247 5.635406 5.209217 5.078903 5.077288 5.099597
9.719294 6.728917 5.733677 5.267260 5.106403 5.084861 5.097427
9.768381 6.870830 5.832451 5.326803 5.135687 5.094196 5.096951
9.817469 7.010646 5.931492 5.387707 5.166690 5.105278 5.098177
9.866556 7.148027 6.030562 5.449828 5.199342 5.118084 5.101109
9.915643 7.282643 6.129426 5.513020 5.233568 5.132591 5.105745
9.964731 7.414168 6.227847 5.577134 5.269292 5.148768 5.112081
10.013818 7.542287 6.325588 5.642019 5.306432 5.166583 5.120107
10.062905 7.666690 6.422418 5.707523 5.344903 5.185999 5.129810
10.111993 7.787077 6.518104 5.773491 5.384617 5.206973 5.141173
10.161080 7.903160 6.612417 5.839766 5.425483 5.229462 5.154175
10.210167 8.014658 6.705131 5.906194 5.467407 5.253415 5.168789
10.259255 8.121302 6.796026 5.972616 5.510292 5.278781 5.184987
10.308342 8.222836 6.884884 6.038876 5.554040 5.305504 5.202735
10.357430 8.319015 6.971492 6.104817 5.598548 5.333524 5.221995
10.406517 8.409607 7.055643 6.170283 5.643715 5.362780 5.242727
10.455604 8.494394 7.137137 6.235121 5.689436 5.393204 5.264887
10.504692 8.573172 7.215778 6.299175 5.735604 5.424731 5.288426
10.553779 8.645751 7.291378 6.362296 5.782112 5.457287 5.313292
10.602866 8.711956 7.363757 6.424334 5.828852 5.490799 5.339432
10.651954 8.771628 7.432741 6.485143 5.875717 5.525192 5.366788
10.701041 8.824623 7.498167 6.544577 5.922596 5.560388 5.395298
10.750128 8.870813 7.559878 6.602498 5.969380 5.596305 5.424899
10.799216 8.910087 7.617727 6.658769 6.015961 5.632863 5.455524
10.848303 8.942351 7.671576 6.713256 6.062230 5.669977 5.487105
10.897390 8.967525 7.721296 6.765830 6.108080 5.707563 5.519570
10.946478 8.985551 7.766769 6.816369 6.153403 5.745534 5.552846
10.995565 8.996385 7.807887 6.864752 6.198094 5.783803 5.586857
11.044652 9.000000 7.844552 6.910866 6.242049 5.822283 5.621526
11.093740 8.996388 7.876677 6.954602 6.285165 5.860884 5.656775
11.142827 8.985557 7.904186 6.995857 6.327343 5.899518 5.692521
11.191914 8.967534 7.927015 7.034534 6.368483 5.938096 5.728685
11.241002 8.942361 7.945108 7.070543 6.408490 5.976529 5.765183
11.290089 8.910101 7.958425 7.103799 6.447271 6.014728 5.801932
11.339176 8.870829 7.966933 7.134224 6.484736 6.052606 5.838847
11.388264 8.824642 7.970615 7.161748 6.520798 6.090074 5.875843
11.437351 8.771650 7.969462 7.186306 6.555373 6.127047 5.912836
11.486438 8.711980 7.963477 7.207841 6.588380 6.163439 5.949740
11.535526 8.645778 7.952678 7.226304 6.619745 6.199165 5.986471
11.584613 8.573201 7.937090 7.241653 6.649393 6.234145 6.022944
11.633700 8.494425 7.916753 7.253852 6.677256 6.268297 6.059075
11.682788 8.409640 7.891716 7.262875 6.703271 6.301541 6.094781
11.731875 8.319050 7.862042 7.268701 6.727378 6.333803 6.129980
11.780962 8.222873 7.827802 7.271319 6.749521 6.365007 6.164590
11.830050 8.121341 7.789080 7.270725 6.769650 6.395082 6.198533
11.879137 8.014699 7.745971 7.266921 6.787720 6.423958 6.231730
11.928225 7.903203 7.698580 7.259920 6.803689 6.451570 6.264104
11.977312 7.787122 7.647021 7.249740 6.817521 6.477854 6.295581
12.026399 7.666736 7.591420 7.236407 6.829187 6.502750 6.326089
12.075487 7.542334 7.531911 7.219955 6.838661 6.526202 6.355558
12.124574 7.414217 7.468640 7.200427 6.845922 6.548155 6.383921
12.173661 7.282693 7.401760 7.177871 6.850956 6.568561 6.411111
12.222749 7.148079 7.331432 7.152342 6.853752 6.587372 6.437068
12.271836 7.010699 7.257827 7.123905 6.854308 6.604548 6.461731
12.320923 6.870884 7.181123 7.092630 6.852623 6.620048 6.485045
12.370011 6.728971 7.101507 7.058593 6.848705 6.633840 6.506957
12.419098 6.585302 7.019170 7.021879 6.842566 6.645892 6.527417
12.468185 6.440223 6.934312 6.982578 6.834222 6.656179 6.546379
12.517273 6.294083 6.847138 6.940785 6.823696 6.664678 6.563800
12.566360 6.147235 6.757860 6.896604 6.811015 6.671373 6.579641
12.615447 6.000032 6.666692 6.850143 6.796213 6.676248 6.593868
12.664535 0.000000 5.711957 6.674590 6.760636 6.676544 6.606043
12.713622 0.000000 5.012562 6.442507 6.701404 6.669823 6.615435
12.762709 0.000000 4.484978 6.192363 6.621791 6.654740 6.621223
12.811797 0.000000 4.075944 5.943934 6.526821 6.630967 6.622658
12.860884 0.000000 3.750796 5.706805 6.421400 6.598882 6.619157
12.909971 0.000000 3.486492 5.485070 6.309651 6.559275 6.610339
12.959059 0.000000 3.267379 5.279918 6.194770 6.513117 6.596022
13.008146 0.000000 3.082589 5.091058 6.079116 6.461414 6.576199
13.057233 0.000000 2.924412 4.917496 5.964351 6.405119 6.551005
13.106321 0.000000 2.787263 4.757956 5.851603 6.345091 6.520682
13.155408 0.000000 2.667013 4.611092 5.741595 6.282077 6.485544
13.204495 0.000000 2.560552 4.475606 5.634755 6.216714 6.445956
13.253583 0.000000 2.465495 4.350291 5.531303 6.149537 6.402305
13.302670 0.000000 2.379980 4.234057 5.431310 6.080993 6.354988
13.351757 0.000000 2.302534 4.125927 5.334751 6.011449 6.304397
13.400845 0.000000 2.231975 4.025034 5.241531 5.941209 6.250914
13.449932 0.000000 2.167339 3.930610 5.151518 5.870525 6.194897
13.499020 0.000000 2.107835 3.841978 5.064555 5.799604 6.136685
13.548107 0.000000 2.052805 3.758540 4.980473 5.728617 6.076592
13.597194 0.000000 2.001694 3.679768 4.899102 5.657704 6.014906
13.646282 0.000000 1.954037 3.605195 4.820272 5.586984 5.951889
13.695369 0.000000 1.909435 3.534408 4.743821 5.516555 5.887781
13.744456 0.000000 1.867544 3.467043 4.669594 5.446497 5.822797
13.793544 0.000000 1.828071 3.402775 4.597448 5.376879 5.757130
13.842631 0.000000 1.790760 3.341316 4.527248 5.307757 5.690955
13.891718 0.000000 1.755387 3.282412 4.458870 5.239179 5.624425
13.940806 0.000000 1.721758 3.225834 4.392201 5.171183 5.557680
13.989893 0.000000 1.689702 3.171382 4.327135 5.103803 5.490841
14.038980 0.000000 1.659068 3.118874 4.263578 5.037066 5.424017
14.088068 0.000000 1.629724 3.068150 4.201442 4.970994 5.357304
14.137155 0.000000 1.601553 3.019067 4.140649 4.905604 5.290786
14.186242 0.000000 1.574451 2.971496 4.081126 4.840913 5.224537
14.235330 0.000000 1.548326 2.925324 4.022808 4.776930 5.158621
14.284417 0.000000 1.523096 2.880447 3.965635 4.713666 5.093096
14.333504 0.000000 1.498688 2.836773 3.909553 4.651126 5.028011
14.382592 0.000000 1.475037 2.794221 3.854513 4.589316 4.963408
14.431679 0.000000 1.452086 2.752716 3.800468 4.528238 4.899324
14.480766 0.000000 1.429782 2.712192 3.747380 4.467894 4.835790
14.529854 0.000000 1.408080 2.672590 3.695208 4.408284 4.772835
14.578941 0.000000 1.386938 2.633855 3.643920 4.349407 4.710480
14.628028 0.000000 1.366318 2.595939 3.593484 4.291260 4.648745
14.677116 0.000000 1.346188 2.558799 3.543870 4.233842 4.587646
14.726203 0.000000 1.326517 2.522394 3.495052 4.177148 4.527195
14.775290 0.000000 1.307279 2.486689 3.447005 4.121174 4.467403
14.824378 0.000000 1.288448 2.451652 3.399707 4.065916 4.408280
14.873465 0.000000 1.270005 2.417253 3.353136 4.011368 4.349830
14.922552 0.000000 1.251927 2.383465 3.307273 3.957524 4.292058
14.971640 0.000000 1.234198 2.350263 3.262099 3.904378 4.234967
15.020727 0.000000 1.216802 2.317626 3.217597 3.851925 4.178560
15.069815 0.000000 1.199723 2.285533 3.173752 3.800157 4.122835
15.118902 0.000000 1.182948 2.253965 3.130548 3.749067 4.067793
15.167989 0.000000 1.166465 2.222905 3.087971 3.698649 4.013432
15.217077 0.000000 1.150262 2.192337 3.046008 3.648895 3.959750
15.266164 0.000000 1.134330 2.162246 3.004646 3.599799 3.906743
15.315251 0.000000 1.118659 2.132619 2.963873 3.551352 3.854407
15.364339 0.000000 1.103241 2.103443 2.923677 3.503548 3.802739
15.413426 0.000000 1.088067 2.074706 2.884049 3.456379 3.751733
15.462513 0.000000 1.073131 2.046397 2.844977 3.409837 3.701385
15.511601 0.000000 1.058424 2.018507 2.806452 3.363915 3.651689
15.560688 0.000000 1.043942 1.991025 2.768464 3.318606 3.602638
15.609775 0.000000 1.029679 1.963942 2.731003 3.273902 3.554228
15.658863 0.000000 1.015628 1.937251 2.694062 3.229795 3.506451
15.707950 0.000000 1.001784 1.910942 2.657631 3.186278 3.459302
15.757037 0.000000 0.988144 1.885007 2.621703 3.143343 3.412773
15.806125 0.000000 0.974702 1.859441 2.586268 3.100984 3.366858
15.855212 0.000000 0.961454 1.834236 2.551321 3.059193 3.321551
15.904299 0.000000 0.948396 1.809385 2.516852 3.017962 3.276844
15.953387 0.000000 0.935524 1.784881 2.482855 2.977284 3.232730
16.002474 0.000000 0.922835 1.760719 2.449322 2.937153 3.189203
16.051561 0.000000 0.910325 1.736894 2.416248 2.897561 3.146255
16.100649 0.000000 0.897991 1.713398 2.383624 2.858501 3.103880
16.149736 0.000000 0.885829 1.690228 2.351444 2.819965 3.062070
16.198823 0.000000 0.873838 1.667376 2.319702 2.781949 3.020819
16.247911 0.000000 0.862013 1.644840 2.288392 2.744443 2.980119
16.296998 0.000000 0.850352 1.622613 2.257507 2.707442 2.939964
16.346085 0.000000 0.838852 1.600690 2.227041 2.670939 2.900347
16.395173 0.000000 0.827511 1.579068 2.196989 2.634927 2.861261
16.444260 0.000000 0.816326 1.557741 2.167343 2.599400 2.822698
16.493347 0.000000 0.805294 1.536706 2.138100 2.564351 2.784654
16.542435 0.000000 0.794414 1.515957 2.109253 2.529775 2.747120
16.591522 0.000000 0.783683 1.495491 2.080796 2.495664 2.710090
16.640610 0.000000 0.773098 1.475303 2.052724 2.462012 2.673557
16.689697 0.000000 0.762658 1.455390 2.025032 2.428814 2.637516
16.738784 0.000000 0.752361 1.435747 1.997714 2.396064 2.601959
16.787872 0.000000 0.742203 1.416371 1.970766 2.363754 2.566881
16.836959 0.000000 0.732184 1.397257 1.944182 2.331880 2.532274
16.886046 0.000000 0.722301 1.378403 1.917958 2.300435 2.498133
16.935134 0.000000 0.712553 1.359805 1.892087 2.269415 2.464451
16.984221 0.000000 0.702936 1.341458 1.866567 2.238812 2.431223
17.033308 0.000000 0.693451 1.323360 1.841390 2.208622 2.398443
17.082396 0.000000 0.684093 1.305506 1.816554 2.178838 2.366103
17.131483 0.000000 0.674863 1.287894 1.792053 2.149457 2.334199
17.180570 0.000000 0.665757 1.270521 1.767883 2.120471 2.302725
17.229658 0.000000 0.656775 1.253382 1.744040 2.091876 2.271675
17.278745 0.000000 0.647915 1.236475 1.720518 2.063667 2.241043
17.327832 0.000000 0.639174 1.219796 1.697313 2.035838 2.210824
17.376920 0.000000 0.630552 1.203343 1.674422 2.008384 2.181013
17.426007 0.000000 0.622046 1.187112 1.651840 1.981300 2.151602
17.475094 0.000000 0.613655 1.171100 1.629562 1.954581 2.122589
17.524182 0.000000 0.605377 1.155305 1.607585 1.928223 2.093966
17.573269 0.000000 0.597212 1.139723 1.585904 1.902220 2.065729
17.622356 0.000000 0.589156 1.124351 1.564516 1.876568 2.037873
17.671444 0.000000 0.581210 1.109186 1.543417 1.851262 2.010392
17.720531 0.000000 0.573371 1.094227 1.522602 1.826296 1.983282
17.769618 0.000000 0.565637 1.079469 1.502068 1.801668 1.956537
17.818706 0.000000 0.558008 1.064910 1.481811 1.777371 1.930153
17.867793 0.000000 0.550482 1.050548 1.461827 1.753403 1.904124
17.916880 0.000000 0.543058 1.036380 1.442113 1.729757 1.878446
17.965968 0.000000 0.535734 1.022403 1.422665 1.706430 1.853115
18.015055 0.000000 0.528508 1.008614 1.403479 1.683418 1.828125
18.064142 0.000000 0.521380 0.995012 1.384551 1.660716 1.803472
18.113230 0.000000 0.514349 0.981593 1.365880 1.638320 1.779152
18.162317 0.000000 0.507412 0.968355 1.347459 1.616227 1.755159
18.211405 0.000000 0.500569 0.955295 1.329288 1.594431 1.731490
18.260492 0.000000 0.493818 0.942412 1.311361 1.572929 1.708140
18.309579 0.000000 0.487158 0.929703 1.293676 1.551717 1.685105
18.358667 0.000000 0.480588 0.917165 1.276230 1.530791 1.662380
18.407754 0.000000 0.474107 0.904796 1.259019 1.510148 1.639962
18.456841 0.000000 0.467713 0.892594 1.242040 1.489782 1.617846
18.505929 0.000000 0.461406 0.880556 1.225290 1.469692 1.596029
18.555016 0.000000 0.455183 0.868681 1.208767 1.449872 1.574505
18.604103 0.000000 0.449044 0.856966 1.192465 1.430320 1.553272
18.653191 0.000000 0.442989 0.845409 1.176384 1.411031 1.532326
18.702278 0.000000 0.437015 0.834008 1.160520 1.392002 1.511661
18.751365 0.000000 0.431121 0.822761 1.144869 1.373230 1.491276
18.800453 0.000000 0.425307 0.811666 1.129430 1.354711 1.471165
18.849540 0.000000 0.419571 0.800720 1.114199 1.336442 1.451325
18.898627 0.000000 0.413913 0.789921 1.099173 1.318419 1.431753
18.947715 0.000000 0.408331 0.779269 1.084350 1.300640 1.412445
18.996802 0.000000 0.402824 0.768760 1.069727 1.283100 1.393398
19.045889 0.000000 0.397392 0.758392 1.055301 1.265796 1.374607
19.094977 0.000000 0.392033 0.748165 1.041069 1.248726 1.356069
19.144064 0.000000 0.386746 0.738075 1.027030 1.231886 1.337782
19.193151 0.000000 0.381530 0.728122 1.013179 1.215273 1.319741
19.242239 0.000000 0.376385 0.718302 0.999516 1.198885 1.301943
19.291326 0.000000 0.371309 0.708616 0.986037 1.182717 1.284386
19.340413 0.000000 0.366302 0.699059 0.972739 1.166767 1.267065
19.389501 0.000000 0.361362 0.689632 0.959621 1.151033 1.249978
19.438588 0.000000 0.356489 0.680332 0.946680 1.135510 1.233121
19.487675 0.000000 0.351681 0.671157 0.933914 1.120197 1.216492
19.536763 0.000000 0.346939 0.662106 0.921319 1.105090 1.200087
19.585850 0.000000 0.342260 0.653177 0.908895 1.090188 1.183903
19.634937 0.000000 0.337644 0.644369 0.896638 1.075486 1.167937
19.684025 0.000000 0.333091 0.635679 0.884546 1.060982 1.152186
19.733112 0.000000 0.328599 0.627106 0.872617 1.046674 1.136648
19.782200 0.000000 0.324168 0.618649 0.860849 1.032559 1.121320
19.831287 0.000000 0.319796 0.610307 0.849240 1.018634 1.106198
19.880374 0.000000 0.315483 0.602076 0.837788 1.004897 1.091280
19.929462 0.000000 0.311229 0.593957 0.826489 0.991345 1.076564
19.978549 0.000000 0.307032 0.585947 0.815344 0.977977 1.062046
20.027636 0.000000 0.302891 0.578045 0.804348 0.964788 1.047723
20.076724 0.000000 0.298807 0.570250 0.793501 0.951777 1.033594
20.125811 0.000000 0.294777 0.562559 0.782800 0.938942 1.019655
20.174898 0.000000 0.290802 0.554973 0.772244 0.926279 1.005905
20.223986 0.000000 0.286880 0.547489 0.761829 0.913788 0.992339
20.273073 0.000000 0.283011 0.540105 0.751556 0.901465 0.978957
20.322160 0.000000 0.279195 0.532822 0.741420 0.889308 0.965755
20.371248 0.000000 0.275430 0.525636 0.731422 0.877315 0.952731
20.420335 0.000000 0.271715 0.518548 0.721558 0.865484 0.939883
20.469422 0.000000 0.268051 0.511555 0.711827 0.853812 0.927208
20.518510 0.000000 0.264436 0.504656 0.702228 0.842298 0.914704
20.567597 0.000000 0.260870 0.497851 0.692758 0.830939 0.902369
20.616684 0.000000 0.257352 0.491137 0.683416 0.819733 0.890200
20.665772 0.000000 0.253881 0.484513 0.674199 0.808679 0.878195
20.714859 0.000000 0.250458 0.477979 0.665107 0.797773 0.866352
20.763946 0.000000 0.247080 0.471534 0.656138 0.787015 0.854668
20.813034 0.000000 0.243748 0.465175 0.647289 0.776401 0.843143
20.862121 0.000000 0.240461 0.458901 0.638560 0.765931 0.831772
20.911208 0.000000 0.237218 0.452713 0.629949 0.755602 0.820555
20.960296 0.000000 0.234019 0.446608 0.621454 0.745412 0.809490
21.009383 0.000000 0.230863 0.440585 0.613073 0.735360 0.798573
21.058470 0.000000 0.227750 0.434643 0.604805 0.725443 0.787804
21.107558 0.000000 0.224678 0.428782 0.596649 0.715660 0.777180
21.156645 0.000000 0.221649 0.422999 0.588603 0.706009 0.766699
21.205732 0.000000 0.218659 0.417295 0.580665 0.696488 0.756359
21.254820 0.000000 0.215711 0.411668 0.572834 0.687095 0.746159
21.303907 0.000000 0.212802 0.406116 0.565109 0.677829 0.736097
21.352995 0.000000 0.209932 0.400639 0.557489 0.668688 0.726170
21.402082 0.000000 0.207101 0.395236 0.549970 0.659671 0.716377
21.451169 0.000000 0.204308 0.389906 0.542554 0.650774 0.706717
21.500257 0.000000 0.201553 0.384648 0.535237 0.641998 0.697186
21.549344 0.000000 0.198835 0.379461 0.528019 0.633341 0.687784
21.598431 0.000000 0.196153 0.374344 0.520898 0.624800 0.678509
21.647519 0.000000 0.193508 0.369295 0.513874 0.616374 0.669359
21.696606 0.000000 0.190898 0.364315 0.506944 0.608061 0.660332
21.745693 0.000000 0.188324 0.359402 0.500107 0.599861 0.651427
21.794781 0.000000 0.185784 0.354555 0.493363 0.591772 0.642642
21.843868 0.000000 0.183279 0.349774 0.486710 0.583791 0.633975
21.892955 0.000000 0.180807 0.345057 0.480146 0.575919 0.625426
21.942043 0.000000 0.178369 0.340404 0.473671 0.568152 0.616992
21.991130 0.000000 0.175964 0.335813 0.467283 0.560490 0.608671
22.040217 0.000000 0.173591 0.331284 0.460982 0.552931 0.600463
22.089305 0.000000 0.171250 0.326817 0.454765 0.545475 0.592365
22.138392 0.000000 0.168940 0.322409 0.448632 0.538119 0.584377
22.187479 0.000000 0.166662 0.318062 0.442582 0.530862 0.576496
22.236567 0.000000 0.164414 0.313772 0.436613 0.523703 0.568722
22.285654 0.000000 0.162197 0.309541 0.430725 0.516640 0.561052
22.334741 0.000000 0.160010 0.305367 0.424917 0.509673 0.553486
22.383829 0.000000 0.157852 0.301248 0.419187 0.502800 0.546022
22.432916 0.000000 0.155723 0.297186 0.413534 0.496019 0.538658
22.482003 0.000000 0.153623 0.293178 0.407957 0.489330 0.531394
22.531091 0.000000 0.151551 0.289224 0.402455 0.482731 0.524228
22.580178 0.000000 0.149508 0.285324 0.397028 0.476221 0.517158
22.629265 0.000000 0.147491 0.281476 0.391674 0.469799 0.510184
22.678353 0.000000 0.145502 0.277680 0.386392 0.463463 0.503304
22.727440 0.000000 0.143540 0.273936 0.381181 0.457213 0.496517
22.776527 0.000000 0.141605 0.270241 0.376040 0.451048 0.489821
22.825615 0.000000 0.139695 0.266597 0.370969 0.444965 0.483215
22.874702 0.000000 0.137811 0.263002 0.365967 0.438964 0.476699
22.923790 0.000000 0.135953 0.259455 0.361031 0.433044 0.470270
22.972877 0.000000 0.134119 0.255956 0.356162 0.427205 0.463928
23.021964 0.000000 0.132310 0.252504 0.351359 0.421443 0.457672
23.071052 0.000000 0.130526 0.249099 0.346621 0.415760 0.451500
23.120139 0.000000 0.128766 0.245740 0.341947 0.410153 0.445411
23.169226 0.000000 0.127029 0.242426 0.337335 0.404622 0.439404
23.218314 0.000000 0.125316 0.239157 0.332786 0.399165 0.433479
23.267401 0.000000 0.123626 0.235932 0.328298 0.393782 0.427633
23.316488 0.000000 0.121959 0.232750 0.323871 0.388472 0.421866
23.365576 0.000000 0.120314 0.229611 0.319503 0.383233 0.416177
23.414663 0.000000 0.118692 0.226515 0.315195 0.378065 0.410564
23.463750 0.000000 0.117091 0.223460 0.310944 0.372967 0.405028
23.512838 0.000000 0.115512 0.220446 0.306751 0.367937 0.399566
23.561925 0.000000 0.113955 0.217474 0.302614 0.362975 0.394177
23.611012 0.000000 0.112418 0.214541 0.298533 0.358080 0.388861
23.660100 0.000000 0.110902 0.211648 0.294507 0.353251 0.383617
23.709187 0.000000 0.109406 0.208793 0.290535 0.348487 0.378444
23.758274 0.000000 0.107931 0.205978 0.286617 0.343788 0.373341
23.807362 0.000000 0.106475 0.203200 0.282752 0.339152 0.368306
23.856449 0.000000 0.105039 0.200460 0.278939 0.334578 0.363339
23.905536 0.000000 0.103623 0.197756 0.275177 0.330066 0.358439
23.954624 0.000000 0.102225 0.195089 0.271466 0.325615 0.353605
24.003711 0.000000 0.100847 0.192458 0.267806 0.321224 0.348837
24.052798 0.000000 0.099487 0.189863 0.264194 0.316892 0.344132
24.101886 0.000000 0.098145 0.187303 0.260631 0.312618 0.339492
24.150973 0.000000 0.096822 0.184777 0.257116 0.308402 0.334913
24.200060 0.000000 0.095516 0.182285 0.253649 0.304243 0.330397
24.249148 0.000000 0.094228 0.179827 0.250228 0.300140 0.325941
24.298235 0.000000 0.092957 0.177402 0.246854 0.296093 0.321546
24.347322 0.000000 0.091704 0.175009 0.243525 0.292100 0.317209
24.396410 0.000000 0.090467 0.172649 0.240241 0.288161 0.312932
24.445497 0.000000 0.089247 0.170321 0.237001 0.284275 0.308711
24.494585 0.000000 0.088043 0.168024 0.233805 0.280441 0.304548
24.543672 0.000000 0.086856 0.165758 0.230652 0.276659 0.300441
24.592759 0.000000 0.085685 0.163523 0.227541 0.272928 0.296390
24.641847 0.000000 0.084529 0.161317 0.224473 0.269247 0.292393
24.690934 0.000000 0.083389 0.159142 0.221446 0.265616 0.288449
24.740021 0.000000 0.082265 0.156996 0.218459 0.262034 0.284560
24.789109 0.000000 0.081155 0.154879 0.215513 0.258501 0.280722
24.838196 0.000000 0.080061 0.152790 0.212607 0.255015 0.276936
24.887283 0.000000 0.078981 0.150730 0.209740 0.251576 0.273202
24.936371 0.000000 0.077916 0.148697 0.206911 0.248183 0.269517
24.985458 0.000000 0.076865 0.146692 0.204121 0.244836 0.265883
25.034545 0.000000 0.075829 0.144713 0.201368 0.241534 0.262297
25.083633 0.000000 0.074806 0.142762 0.198653 0.238277 0.258760
25.132720 0.000000 0.073797 0.140837 0.195974 0.235064 0.255270
25.181807 0.000000 0.072802 0.138937 0.193331 0.231894 0.251828
25.230895 0.000000 0.071820 0.137064 0.190724 0.228766 0.248432
25.279982 0.000000 0.070852 0.135215 0.188152 0.225681 0.245082
25.329069 0.000000 0.069896 0.133392 0.185614 0.222638 0.241776
25.378157 0.000000 0.068954 0.131593 0.183111 0.219636 0.238516
25.427244 0.000000 0.068024 0.129818 0.180642 0.216674 0.235299
25.476331 0.000000 0.067106 0.128068 0.178206 0.213752 0.232126
25.525419 0.000000 0.066201 0.126340 0.175803 0.210869 0.228996
25.574506 0.000000 0.065309 0.124637 0.173432 0.208025 0.225908
25.623593 0.000000 0.064428 0.122956 0.171093 0.205220 0.222861
25.672681 0.000000 0.063559 0.121298 0.168786 0.202452 0.219856
25.721768 0.000000 0.062702 0.119662 0.166509 0.199722 0.216891
25.770855 0.000000 0.061856 0.118048 0.164264 0.197029 0.213966
25.819943 0.000000 0.061022 0.116456 0.162049 0.194372 0.211080
25.869030 0.000000 0.060199 0.114886 0.159863 0.191751 0.208234
25.918117 0.000000 0.059387 0.113336 0.157707 0.189165 0.205426
25.967205 0.000000 0.058587 0.111808 0.155581 0.186614 0.202655
26.016292 0.000000 0.057797 0.110300 0.153483 0.184097 0.199922
26.065380 0.000000 0.057017 0.108813 0.151413 0.181614 0.197226
26.114467 0.000000 0.056248 0.107345 0.149371 0.179165 0.194567
26.163554 0.000000 0.055490 0.105898 0.147356 0.176749 0.191943
26.212642 0.000000 0.054741 0.104470 0.145369 0.174365 0.189354
26.261729 0.000000 0.054003 0.103061 0.143409 0.172014 0.186801
26.310816 0.000000 0.053275 0.101671 0.141475 0.169694 0.184282
26.359904 0.000000 0.052556 0.100300 0.139567 0.167406 0.181796
26.408991 0.000000 0.051848 0.098947 0.137685 0.165148 0.179345
26.458078 0.000000 0.051148 0.097613 0.135828 0.162921 0.176926
26.507166 0.000000 0.050459 0.096297 0.133996 0.160724 0.174540
26.556253 0.000000 0.049778 0.094998 0.132189 0.158557 0.172186
26.605340 0.000000 0.049107 0.093717 0.130407 0.156418 0.169864
26.654428 0.000000 0.048445 0.092453 0.128648 0.154309 0.167574
26.703515 0.000000 0.047791 0.091206 0.126913 0.152228 0.165314
26.752602 0.000000 0.047147 0.089976 0.125202 0.150175 0.163084
26.801690 0.000000 0.046511 0.088763 0.123513 0.148150 0.160885
26.850777 0.000000 0.045884 0.087566 0.121848 0.146152 0.158716
26.899864 0.000000 0.045265 0.086385 0.120204 0.144181 0.156575
26.948952 0.000000 0.044655 0.085220 0.118583 0.142237 0.154464
26.998039 0.000000 0.044052 0.084071 0.116984 0.140318 0.152381
27.047126 0.000000 0.043458 0.082937 0.115407 0.138426 0.150326
27.096214 0.000000 0.042872 0.081818 0.113850 0.136559 0.148298
27.145301 0.000000 0.042294 0.080715 0.112315 0.134718 0.146298
27.194388 0.000000 0.041724 0.079627 0.110800 0.132901 0.144326
27.243476 0.000000 0.041161 0.078553 0.109306 0.131109 0.142379
27.292563 0.000000 0.040606 0.077493 0.107832 0.129341 0.140459
27.341650 0.000000 0.040058 0.076448 0.106378 0.127596 0.138565
27.390738 0.000000 0.039518 0.075417 0.104943 0.125876 0.136696
27.439825 0.000000 0.038985 0.074400 0.103528 0.124178 0.134853
27.488912 0.000000 0.038460 0.073397 0.102132 0.122504 0.133034
27.538000 0.000000 0.037941 0.072407 0.100755 0.120852 0.131240
27.587087 0.000000 0.037429 0.071431 0.099396 0.119222 0.129470
27.636175 0.000000 0.036924 0.070467 0.098055 0.117614 0.127724
27.685262 0.000000 0.036426 0.069517 0.096733 0.116028 0.126002
27.734349 0.000000 0.035935 0.068580 0.095429 0.114463 0.124303
27.783437 0.000000 0.035451 0.067655 0.094142 0.112920 0.122626
27.832524 0.000000 0.034973 0.066742 0.092872 0.111397 0.120973
27.881611 0.000000 0.034501 0.065842 0.091620 0.109895 0.119341
27.930699 0.000000 0.034036 0.064954 0.090384 0.108413 0.117732
27.979786 0.000000 0.033577 0.064079 0.089165 0.106951 0.116144
28.028873 0.000000 0.033124 0.063214 0.087963 0.105508 0.114578
28.077961 0.000000 0.032677 0.062362 0.086776 0.104085 0.113033
28.127048 0.000000 0.032237 0.061521 0.085606 0.102682 0.111508
28.176135 0.000000 0.031802 0.060691 0.084452 0.101297 0.110005
28.225223 0.000000 0.031373 0.059873 0.083313 0.099931 0.108521
28.274310 0.000000 0.030950 0.059065 0.082189 0.098583 0.107058
28.323397 0.000000 0.030532 0.058269 0.081081 0.097254 0.105614
