# x = , y = ,(t = 0.064)
0.010000 0.030928
0.020000 0.061825
0.030000 0.092663
0.040000 0.123415
0.050000 0.154051
0.060000 0.184545
0.070000 0.214868
0.080000 0.244994
0.090000 0.274893
0.100000 0.304538
0.110000 0.333902
0.120000 0.362957
0.130000 0.391675
0.140000 0.420029
0.150000 0.447992
0.160000 0.475537
0.170000 0.502636
0.180000 0.529263
0.190000 0.555391
0.200000 0.580995
0.210000 0.606047
0.220000 0.630523
0.230000 0.654397
0.240000 0.677643
0.250000 0.700238
0.260000 0.722157
0.270000 0.743377
0.280000 0.763875
0.290000 0.783628
0.300000 0.802614
0.310000 0.820812
0.320000 0.838202
0.330000 0.854763
0.340000 0.870478
0.350000 0.885328
0.360000 0.899296
0.370000 0.912366
0.380000 0.924522
0.390000 0.935749
0.400000 0.946036
0.410000 0.955370
0.420000 0.963739
0.430000 0.971134
0.440000 0.977545
0.450000 0.982966
0.460000 0.987390
0.470000 0.990812
0.480000 0.993227
0.490000 0.994634
0.500000 0.995030
0.510000 0.994416
0.520000 0.992792
0.530000 0.990161
0.540000 0.986526
0.550000 0.981892
0.560000 0.976265
0.570000 0.969653
0.580000 0.962063
0.590000 0.953505
0.600000 0.943990
0.610000 0.933529
0.620000 0.922135
0.630000 0.909823
0.640000 0.896607
0.650000 0.882502
0.660000 0.867526
0.670000 0.851696
0.680000 0.835031
0.690000 0.817550
0.700000 0.799273
0.710000 0.780220
0.720000 0.760414
0.730000 0.739875
0.740000 0.718627
0.750000 0.696694
0.760000 0.674097
0.770000 0.650863
0.780000 0.627015
0.790000 0.602577
0.800000 0.577577
0.810000 0.552038
0.820000 0.525987
0.830000 0.499451
0.840000 0.472454
0.850000 0.445025
0.860000 0.417189
0.870000 0.388973
0.880000 0.360405
0.890000 0.331512
0.900000 0.302320
0.910000 0.272856
0.920000 0.243149
0.930000 0.213226
0.940000 0.183113
0.950000 0.152838
0.960000 0.122429
0.970000 0.091914
0.980000 0.061319
0.990000 0.030671
1.000000 0.000000
