# x = , y = ,(t = 0.008)
0.010000 0.001324
0.020000 0.002744
0.030000 0.004350
0.040000 0.006242
0.050000 0.008528
0.060000 0.011332
0.070000 0.014795
0.080000 0.019080
0.090000 0.024374
0.100000 0.030892
0.110000 0.038877
0.120000 0.048607
0.130000 0.060391
0.140000 0.074575
0.150000 0.091535
0.160000 0.111683
0.170000 0.135459
0.180000 0.163325
0.190000 0.195765
0.200000 0.233267
0.210000 0.276321
0.220000 0.325402
0.230000 0.380956
0.240000 0.443385
0.250000 0.513028
0.260000 0.590144
0.270000 0.674893
0.280000 0.767317
0.290000 0.867322
0.300000 0.974664
0.310000 1.088935
0.320000 1.209552
0.330000 1.335751
0.340000 1.466591
0.350000 1.600951
0.360000 1.737545
0.370000 1.874939
0.380000 2.011567
0.390000 2.145765
0.400000 2.275799
0.410000 2.399902
0.420000 2.516316
0.430000 2.623329
0.440000 2.719321
0.450000 2.802801
0.460000 2.872451
0.470000 2.927156
0.480000 2.966035
0.490000 2.988465
0.500000 2.994100
0.510000 2.982875
0.520000 2.955011
0.530000 2.911007
0.540000 2.851624
0.550000 2.777863
0.560000 2.690939
0.570000 2.592247
0.580000 2.483324
0.590000 2.365810
0.600000 2.241409
0.610000 2.111845
0.620000 1.978829
0.630000 1.844016
0.640000 1.708979
0.650000 1.575180
0.660000 1.443943
0.670000 1.316443
0.680000 1.193690
0.690000 1.076526
0.700000 0.965620
0.710000 0.861475
0.720000 0.764433
0.730000 0.674687
0.740000 0.592294
0.750000 0.517190
0.760000 0.449207
0.770000 0.388090
0.780000 0.333514
0.790000 0.285100
0.800000 0.242430
0.810000 0.205063
0.820000 0.172546
0.830000 0.144425
0.840000 0.120254
0.850000 0.099603
0.860000 0.082065
0.870000 0.067256
0.880000 0.054821
0.890000 0.044436
0.900000 0.035806
0.910000 0.028667
0.920000 0.022782
0.930000 0.017940
0.940000 0.013956
0.950000 0.010666
0.960000 0.007924
0.970000 0.005600
0.980000 0.003576
0.990000 0.001743
1.000000 0.000000
