# x = , y = ,(t = 0.001)
0.010000 0.000000
0.020000 0.000000
0.030000 0.000000
0.040000 0.000000
0.050000 0.000000
0.060000 0.000000
0.070000 0.000000
0.080000 0.000000
0.090000 0.000000
0.100000 0.000000
0.110000 0.000000
0.120000 0.000000
0.130000 0.000000
0.140000 0.000000
0.150000 0.000000
0.160000 0.000000
0.170000 0.000000
0.180000 0.000000
0.190000 0.000000
0.200000 0.000000
0.210000 0.000000
0.220000 0.000000
0.230000 0.000000
0.240000 0.000001
0.250000 0.000004
0.260000 0.000012
0.270000 0.000035
0.280000 0.000101
0.290000 0.000275
0.300000 0.000718
0.310000 0.001793
0.320000 0.004280
0.330000 0.009763
0.340000 0.021276
0.350000 0.044271
0.360000 0.087921
0.370000 0.166585
0.380000 0.301011
0.390000 0.518544
0.400000 0.851373
0.410000 1.331937
0.420000 1.985199
0.430000 2.818641
0.440000 3.812280
0.450000 4.912154
0.460000 6.030798
0.470000 7.056834
0.480000 7.872948
0.490000 8.378402
0.500000 8.509966
0.510000 8.255137
0.520000 7.653769
0.530000 6.787970
0.540000 5.763770
0.550000 4.690181
0.560000 3.661199
0.570000 2.744470
0.580000 1.977684
0.590000 1.371474
0.600000 0.916269
0.610000 0.590385
0.620000 0.367276
0.630000 0.220831
0.640000 0.128467
0.650000 0.072383
0.660000 0.039539
0.670000 0.020960
0.680000 0.010793
0.690000 0.005403
0.700000 0.002632
0.710000 0.001249
0.720000 0.000578
0.730000 0.000261
0.740000 0.000115
0.750000 0.000049
0.760000 0.000021
0.770000 0.000009
0.780000 0.000003
0.790000 0.000001
0.800000 0.000001
0.810000 0.000000
0.820000 0.000000
0.830000 0.000000
0.840000 0.000000
0.850000 0.000000
0.860000 0.000000
0.870000 0.000000
0.880000 0.000000
0.890000 0.000000
0.900000 0.000000
0.910000 0.000000
0.920000 0.000000
0.930000 0.000000
0.940000 0.000000
0.950000 0.000000
0.960000 0.000000
0.970000 0.000000
0.980000 0.000000
0.990000 0.000000
1.000000 0.000000
