# x = , y = ,(t = 0.004)
0.010000 0.000002
0.020000 0.000006
0.030000 0.000011
0.040000 0.000019
0.050000 0.000032
0.060000 0.000054
0.070000 0.000091
0.080000 0.000150
0.090000 0.000244
0.100000 0.000393
0.110000 0.000625
0.120000 0.000983
0.130000 0.001527
0.140000 0.002344
0.150000 0.003555
0.160000 0.005327
0.170000 0.007888
0.180000 0.011541
0.190000 0.016686
0.200000 0.023835
0.210000 0.033642
0.220000 0.046919
0.230000 0.064657
0.240000 0.088040
0.250000 0.118454
0.260000 0.157481
0.270000 0.206878
0.280000 0.268546
0.290000 0.344463
0.300000 0.436610
0.310000 0.546862
0.320000 0.676865
0.330000 0.827892
0.340000 1.000696
0.350000 1.195350
0.360000 1.411116
0.370000 1.646322
0.380000 1.898288
0.390000 2.163296
0.400000 2.436622
0.410000 2.712636
0.420000 2.984963
0.430000 3.246715
0.440000 3.490774
0.450000 3.710106
0.460000 3.898105
0.470000 4.048922
0.480000 4.157771
0.490000 4.221183
0.500000 4.237191
0.510000 4.205429
0.520000 4.127145
0.530000 4.005122
0.540000 3.843511
0.550000 3.647598
0.560000 3.423523
0.570000 3.177957
0.580000 2.917784
0.590000 2.649784
0.600000 2.380360
0.610000 2.115303
0.620000 1.859618
0.630000 1.617408
0.640000 1.391823
0.650000 1.185064
0.660000 0.998430
0.670000 0.832408
0.680000 0.686789
0.690000 0.560795
0.700000 0.453215
0.710000 0.362536
0.720000 0.287058
0.730000 0.225003
0.740000 0.174595
0.750000 0.134130
0.760000 0.102024
0.770000 0.076839
0.780000 0.057306
0.790000 0.042323
0.800000 0.030956
0.810000 0.022425
0.820000 0.016090
0.830000 0.011436
0.840000 0.008052
0.850000 0.005616
0.860000 0.003881
0.870000 0.002657
0.880000 0.001803
0.890000 0.001212
0.900000 0.000807
0.910000 0.000533
0.920000 0.000349
0.930000 0.000226
0.940000 0.000145
0.950000 0.000092
0.960000 0.000058
0.970000 0.000035
0.980000 0.000020
0.990000 0.000009
1.000000 0.000000
