# x = , y = ,(t = 0.032)
0.010000 0.036393
0.020000 0.072816
0.030000 0.109296
0.040000 0.145858
0.050000 0.182525
0.060000 0.219318
0.070000 0.256255
0.080000 0.293351
0.090000 0.330618
0.100000 0.368062
0.110000 0.405684
0.120000 0.443483
0.130000 0.481449
0.140000 0.519570
0.150000 0.557825
0.160000 0.596190
0.170000 0.634633
0.180000 0.673117
0.190000 0.711599
0.200000 0.750029
0.210000 0.788352
0.220000 0.826509
0.230000 0.864432
0.240000 0.902051
0.250000 0.939290
0.260000 0.976069
0.270000 1.012306
0.280000 1.047912
0.290000 1.082797
0.300000 1.116871
0.310000 1.150038
0.320000 1.182205
0.330000 1.213277
0.340000 1.243159
0.350000 1.271757
0.360000 1.298980
0.370000 1.324738
0.380000 1.348944
0.390000 1.371516
0.400000 1.392376
0.410000 1.411449
0.420000 1.428667
0.430000 1.443968
0.440000 1.457296
0.450000 1.468603
0.460000 1.477847
0.470000 1.484993
0.480000 1.490015
0.490000 1.492896
0.500000 1.493625
0.510000 1.492201
0.520000 1.488630
0.530000 1.482926
0.540000 1.475114
0.550000 1.465223
0.560000 1.453292
0.570000 1.439367
0.580000 1.423501
0.590000 1.405752
0.600000 1.386187
0.610000 1.364876
0.620000 1.341895
0.630000 1.317326
0.640000 1.291252
0.650000 1.263761
0.660000 1.234944
0.670000 1.204892
0.680000 1.173699
0.690000 1.141458
0.700000 1.108265
0.710000 1.074211
0.720000 1.039389
0.730000 1.003889
0.740000 0.967798
0.750000 0.931201
0.760000 0.894178
0.770000 0.856807
0.780000 0.819159
0.790000 0.781302
0.800000 0.743300
0.810000 0.705208
0.820000 0.667079
0.830000 0.628959
0.840000 0.590888
0.850000 0.552900
0.860000 0.515023
0.870000 0.477280
0.880000 0.439689
0.890000 0.402260
0.900000 0.365000
0.910000 0.327910
0.920000 0.290988
0.930000 0.254225
0.940000 0.217609
0.950000 0.181127
0.960000 0.144759
0.970000 0.108486
0.980000 0.072285
0.990000 0.036131
1.000000 0.000000
