# x = , y = ,(t = 0.002)
0.010000 0.000000
0.020000 0.000000
0.030000 0.000000
0.040000 0.000000
0.050000 0.000000
0.060000 0.000000
0.070000 0.000000
0.080000 0.000000
0.090000 0.000000
0.100000 0.000000
0.110000 0.000000
0.120000 0.000000
0.130000 0.000001
0.140000 0.000002
0.150000 0.000004
0.160000 0.000008
0.170000 0.000017
0.180000 0.000037
0.190000 0.000078
0.200000 0.000161
0.210000 0.000323
0.220000 0.000632
0.230000 0.001210
0.240000 0.002261
0.250000 0.004127
0.260000 0.007358
0.270000 0.012809
0.280000 0.021774
0.290000 0.036139
0.300000 0.058565
0.310000 0.092658
0.320000 0.143119
0.330000 0.215809
0.340000 0.317683
0.350000 0.456523
0.360000 0.640440
0.370000 0.877089
0.380000 1.172649
0.390000 1.530612
0.400000 1.950532
0.410000 2.426921
0.420000 2.948499
0.430000 3.498024
0.440000 4.052841
0.450000 4.586221
0.460000 5.069416
0.470000 5.474217
0.480000 5.775717
0.490000 5.954882
0.500000 6.000562
0.510000 5.910645
0.520000 5.692187
0.530000 5.360506
0.540000 4.937420
0.550000 4.448880
0.560000 3.922385
0.570000 3.384496
0.580000 2.858780
0.590000 2.364349
0.600000 1.915094
0.610000 1.519576
0.620000 1.181451
0.630000 0.900286
0.640000 0.672553
0.650000 0.492681
0.660000 0.354007
0.670000 0.249562
0.680000 0.172655
0.690000 0.117254
0.700000 0.078188
0.710000 0.051207
0.720000 0.032946
0.730000 0.020830
0.740000 0.012945
0.750000 0.007909
0.760000 0.004752
0.770000 0.002809
0.780000 0.001634
0.790000 0.000935
0.800000 0.000527
0.810000 0.000292
0.820000 0.000160
0.830000 0.000086
0.840000 0.000046
0.850000 0.000024
0.860000 0.000012
0.870000 0.000006
0.880000 0.000003
0.890000 0.000002
0.900000 0.000001
0.910000 0.000000
0.920000 0.000000
0.930000 0.000000
0.940000 0.000000
0.950000 0.000000
0.960000 0.000000
0.970000 0.000000
0.980000 0.000000
0.990000 0.000000
1.000000 0.000000
