# x = , y = ,(t = 0.016)
0.010000 0.017398
0.020000 0.035022
0.030000 0.053075
0.040000 0.071756
0.050000 0.091265
0.060000 0.111794
0.070000 0.133535
0.080000 0.156670
0.090000 0.181376
0.100000 0.207823
0.110000 0.236167
0.120000 0.266557
0.130000 0.299124
0.140000 0.333987
0.150000 0.371247
0.160000 0.410984
0.170000 0.453260
0.180000 0.498110
0.190000 0.545547
0.200000 0.595556
0.210000 0.648093
0.220000 0.703084
0.230000 0.760425
0.240000 0.819977
0.250000 0.881572
0.260000 0.945007
0.270000 1.010048
0.280000 1.076426
0.290000 1.143847
0.300000 1.211982
0.310000 1.280480
0.320000 1.348965
0.330000 1.417040
0.340000 1.484290
0.350000 1.550290
0.360000 1.614603
0.370000 1.676791
0.380000 1.736415
0.390000 1.793046
0.400000 1.846263
0.410000 1.895662
0.420000 1.940863
0.430000 1.981512
0.440000 2.017286
0.450000 2.047898
0.460000 2.073100
0.470000 2.092688
0.480000 2.106504
0.490000 2.114437
0.500000 2.116425
0.510000 2.112457
0.520000 2.102572
0.530000 2.086859
0.540000 2.065455
0.550000 2.038543
0.560000 2.006350
0.570000 1.969143
0.580000 1.927227
0.590000 1.880939
0.600000 1.830643
0.610000 1.776728
0.620000 1.719601
0.630000 1.659681
0.640000 1.597399
0.650000 1.533184
0.660000 1.467467
0.670000 1.400670
0.680000 1.333208
0.690000 1.265476
0.700000 1.197856
0.710000 1.130703
0.720000 1.064350
0.730000 0.999104
0.740000 0.935242
0.750000 0.873011
0.760000 0.812627
0.770000 0.754274
0.780000 0.698107
0.790000 0.644246
0.800000 0.592783
0.810000 0.543780
0.820000 0.497272
0.830000 0.453264
0.840000 0.411738
0.850000 0.372654
0.860000 0.335947
0.870000 0.301534
0.880000 0.269315
0.890000 0.239172
0.900000 0.210973
0.910000 0.184576
0.920000 0.159825
0.930000 0.136556
0.940000 0.114596
0.950000 0.093768
0.960000 0.073885
0.970000 0.054761
0.980000 0.036202
0.990000 0.018013
1.000000 0.000000
