# z = ,(t = 4)
0.016137 
0.017174 
0.019263 
0.022431 
0.026715 
0.032156 
0.038789 
0.046641 
0.055719 
0.066000 
0.077426 
0.089898 
0.103268 
0.117341 
0.131872 
0.146572 
0.161119 
0.175162 
0.188340 
0.200297 
0.210698 
0.219249 
0.225708 
0.229909 
0.231763 
0.231274 
0.228538 
0.223740 
0.217153 
0.209121 
0.200049 
0.190383 
0.180588 
0.171133 
0.162465 
0.154989 
0.149056 
0.144941 
0.142835 
0.142835 
0.017174 
0.018277 
0.020499 
0.023869 
0.028425 
0.034211 
0.041266 
0.049616 
0.059270 
0.070202 
0.082352 
0.095613 
0.109830 
0.124792 
0.140242 
0.155871 
0.171336 
0.186266 
0.200276 
0.212987 
0.224045 
0.233135 
0.240002 
0.244468 
0.246440 
0.245922 
0.243014 
0.237915 
0.230914 
0.222378 
0.212736 
0.202462 
0.192052 
0.182002 
0.172789 
0.164843 
0.158537 
0.154163 
0.151924 
0.151924 
0.019263 
0.020499 
0.022988 
0.026764 
0.031868 
0.038351 
0.046254 
0.055608 
0.066420 
0.078665 
0.092272 
0.107124 
0.123043 
0.139798 
0.157096 
0.174596 
0.191911 
0.208626 
0.224310 
0.238541 
0.250920 
0.261096 
0.268785 
0.273785 
0.275994 
0.275416 
0.272163 
0.266458 
0.258624 
0.249072 
0.238283 
0.226785 
0.215136 
0.203890 
0.193579 
0.184687 
0.177630 
0.172735 
0.170230 
0.170230 
0.022431 
0.023869 
0.026764 
0.031154 
0.037091 
0.044628 
0.053817 
0.064693 
0.077263 
0.091497 
0.107314 
0.124575 
0.143077 
0.162548 
0.182650 
0.202985 
0.223104 
0.242524 
0.260748 
0.277281 
0.291664 
0.303487 
0.312420 
0.318231 
0.320799 
0.320129 
0.316354 
0.309731 
0.300635 
0.289543 
0.277014 
0.263663 
0.250134 
0.237075 
0.225101 
0.214775 
0.206579 
0.200895 
0.197986 
0.197986 
0.026715 
0.028425 
0.031868 
0.037091 
0.044151 
0.053115 
0.064042 
0.076974 
0.091920 
0.108842 
0.127645 
0.148164 
0.170155 
0.193297 
0.217187 
0.241353 
0.265260 
0.288337 
0.309991 
0.329636 
0.346725 
0.360773 
0.371388 
0.378294 
0.381348 
0.380556 
0.376074 
0.368210 
0.357409 
0.344237 
0.329358 
0.313503 
0.297436 
0.281926 
0.267706 
0.255442 
0.245709 
0.238958 
0.235503 
0.235503 
0.032156 
0.034211 
0.038351 
0.044628 
0.053115 
0.063889 
0.077023 
0.092564 
0.110524 
0.130858 
0.153451 
0.178102 
0.204521 
0.232320 
0.261017 
0.290043 
0.318758 
0.346473 
0.372479 
0.396072 
0.416595 
0.433466 
0.446215 
0.454509 
0.458180 
0.457232 
0.451856 
0.442418 
0.429454 
0.413644 
0.395784 
0.376752 
0.357466 
0.338848 
0.321778 
0.307057 
0.295373 
0.287269 
0.283121 
0.283121 
0.038789 
0.041266 
0.046254 
0.053817 
0.064042 
0.077023 
0.092844 
0.111565 
0.133198 
0.157689 
0.184897 
0.214583 
0.246397 
0.279870 
0.314421 
0.349367 
0.383938 
0.417304 
0.448610 
0.477012 
0.501717 
0.522027 
0.537375 
0.547362 
0.551783 
0.550647 
0.544180 
0.532826 
0.517229 
0.498206 
0.476717 
0.453816 
0.430610 
0.408207 
0.387666 
0.369952 
0.355893 
0.346142 
0.341150 
0.341150 
0.046641 
0.049616 
0.055608 
0.064693 
0.076974 
0.092564 
0.111565 
0.134047 
0.160024 
0.189431 
0.222099 
0.257740 
0.295932 
0.336115 
0.377590 
0.419537 
0.461032 
0.501079 
0.538653 
0.572741 
0.602392 
0.626767 
0.645188 
0.657176 
0.662486 
0.661127 
0.653372 
0.639754 
0.621043 
0.598223 
0.572442 
0.544968 
0.517128 
0.490251 
0.465608 
0.444356 
0.427489 
0.415789 
0.409801 
0.409801 
0.055719 
0.059270 
0.066420 
0.077263 
0.091920 
0.110524 
0.133198 
0.160024 
0.191019 
0.226104 
0.265078 
0.307596 
0.353155 
0.401086 
0.450557 
0.500588 
0.550078 
0.597841 
0.642653 
0.683306 
0.718667 
0.747737 
0.769707 
0.784006 
0.790342 
0.788727 
0.779485 
0.763252 
0.740948 
0.713744 
0.683010 
0.650257 
0.617067 
0.585025 
0.555646 
0.530310 
0.510200 
0.496253 
0.489114 
0.489114 
0.066000 
0.070202 
0.078665 
0.091497 
0.108842 
0.130858 
0.157689 
0.189431 
0.226104 
0.267614 
0.313722 
0.364022 
0.417916 
0.474614 
0.533131 
0.592308 
0.650844 
0.707334 
0.760334 
0.808414 
0.850235 
0.884616 
0.910600 
0.927513 
0.935011 
0.933106 
0.922183 
0.902994 
0.876626 
0.844464 
0.808129 
0.769405 
0.730165 
0.692281 
0.657546 
0.627591 
0.603815 
0.587324 
0.578883 
0.578883 
0.077426 
0.082352 
0.092272 
0.107314 
0.127645 
0.153451 
0.184897 
0.222099 
0.265078 
0.313722 
0.367754 
0.426693 
0.489843 
0.556274 
0.624835 
0.694166 
0.762744 
0.828924 
0.891013 
0.947338 
0.996331 
1.036608 
1.067049 
1.086866 
1.095653 
1.093427 
1.080639 
1.058169 
1.027291 
0.989627 
0.947074 
0.901724 
0.855768 
0.811401 
0.770721 
0.735639 
0.707794 
0.688481 
0.678595 
0.678595 
0.089898 
0.095613 
0.107124 
0.124575 
0.148164 
0.178102 
0.214583 
0.257740 
0.307596 
0.364022 
0.426693 
0.495055 
0.568297 
0.645343 
0.724854 
0.805258 
0.884785 
0.961531 
1.033530 
1.098845 
1.155657 
1.202362 
1.237663 
1.260644 
1.270838 
1.268263 
1.253443 
1.227397 
1.191603 
1.147941 
1.098612 
1.046039 
0.992763 
0.941328 
0.894168 
0.853498 
0.821217 
0.798827 
0.787367 
0.787367 
0.103268 
0.109830 
0.123043 
0.143077 
0.170155 
0.204521 
0.246397 
0.295932 
0.353155 
0.417916 
0.489843 
0.568297 
0.652349 
0.740762 
0.832003 
0.924265 
1.015519 
1.103580 
1.186193 
1.261135 
1.326320 
1.379910 
1.420415 
1.446786 
1.458487 
1.455539 
1.438543 
1.408669 
1.367612 
1.317529 
1.260943 
1.200636 
1.139523 
1.080522 
1.026424 
0.979770 
0.942739 
0.917055 
0.903909 
0.903909 
0.117341 
0.124792 
0.139798 
0.162548 
0.193297 
0.232320 
0.279870 
0.336115 
0.401086 
0.474614 
0.556274 
0.645343 
0.740762 
0.841131 
0.944706 
1.049438 
1.153023 
1.252981 
1.346754 
1.431820 
1.505810 
1.566639 
1.612616 
1.642552 
1.655838 
1.652499 
1.633217 
1.599318 
1.552728 
1.495894 
1.431681 
1.363244 
1.293892 
1.226936 
1.165543 
1.112599 
1.070575 
1.041428 
1.026509 
1.026509 
0.131872 
0.140242 
0.157096 
0.182650 
0.217187 
0.261017 
0.314421 
0.377590 
0.450557 
0.533131 
0.624835 
0.724854 
0.832003 
0.944706 
1.061007 
1.178604 
1.294911 
1.407143 
1.512430 
1.607938 
1.691012 
1.759309 
1.810932 
1.844546 
1.859467 
1.855725 
1.834085 
1.796036 
1.743740 
1.679943 
1.607863 
1.531040 
1.453190 
1.378029 
1.309113 
1.249680 
1.202507 
1.169788 
1.153040 
1.153040 
0.146572 
0.155871 
0.174596 
0.202985 
0.241353 
0.290043 
0.349367 
0.419537 
0.500588 
0.592308 
0.694166 
0.805258 
0.924265 
1.049438 
1.178604 
1.309207 
1.438374 
1.563014 
1.679940 
1.786006 
1.878262 
1.954108 
2.011438 
2.048770 
2.065345 
2.061196 
2.037173 
1.994930 
1.936867 
1.866033 
1.786001 
1.700704 
1.614264 
1.530810 
1.454290 
1.388300 
1.335921 
1.299592 
1.280996 
1.280996 
0.161119 
0.171336 
0.191911 
0.223104 
0.265260 
0.318758 
0.383938 
0.461032 
0.550078 
0.650844 
0.762744 
0.884785 
1.015519 
1.153023 
1.294911 
1.438374 
1.580258 
1.717168 
1.845603 
1.962107 
2.063442 
2.146753 
2.209726 
2.250735 
2.268946 
2.264395 
2.238017 
2.191627 
2.127863 
2.050073 
1.962179 
1.868503 
1.773571 
1.681919 
1.597881 
1.525407 
1.467883 
1.427984 
1.407562 
1.407562 
0.175162 
0.186266 
0.208626 
0.242524 
0.288337 
0.346473 
0.417304 
0.501079 
0.597841 
0.707334 
0.828924 
0.961531 
1.103580 
1.252981 
1.407143 
1.563014 
1.717168 
1.865916 
2.005454 
2.132029 
2.242124 
2.332637 
2.401055 
2.445611 
2.465401 
2.460463 
2.431813 
2.381423 
2.312159 
2.227658 
2.132181 
2.030422 
1.927299 
1.827738 
1.736448 
1.657720 
1.595231 
1.551889 
1.529704 
1.529704 
0.188340 
0.200276 
0.224310 
0.260748 
0.309991 
0.372479 
0.448610 
0.538653 
0.642653 
0.760334 
0.891013 
1.033530 
1.186193 
1.346754 
1.512430 
1.679940 
1.845603 
2.005454 
2.155406 
2.291428 
2.409740 
2.507007 
2.580532 
2.628416 
2.649686 
2.644386 
2.613605 
2.559465 
2.485042 
2.394248 
2.291659 
2.182319 
2.071514 
1.964535 
1.866444 
1.781850 
1.714705 
1.668133 
1.644296 
1.644296 
0.200297 
0.212987 
0.238541 
0.277281 
0.329636 
0.396072 
0.477012 
0.572741 
0.683306 
0.808414 
0.947338 
1.098845 
1.261135 
1.431820 
1.607938 
1.786006 
1.962107 
2.132029 
2.291428 
2.436019 
2.561782 
2.665177 
2.743334 
2.794236 
2.816850 
2.811220 
2.778508 
2.720966 
2.641865 
2.545363 
2.436323 
2.320108 
2.202335 
2.088628 
1.984369 
1.894455 
1.823087 
1.773587 
1.748250 
1.748250 
0.210698 
0.224045 
0.250920 
0.291664 
0.346725 
0.416595 
0.501717 
0.602392 
0.718667 
0.850235 
0.996331 
1.155657 
1.326320 
1.505810 
1.691012 
1.878262 
2.063442 
2.242124 
2.409740 
2.561782 
2.694028 
2.802751 
2.884938 
2.938465 
2.962247 
2.956332 
2.921939 
2.861438 
2.778269 
2.676802 
2.562152 
2.439957 
2.316124 
2.196566 
2.086942 
1.992400 
1.917360 
1.865312 
1.838672 
1.838672 
0.219249 
0.233135 
0.261096 
0.303487 
0.360773 
0.433466 
0.522027 
0.626767 
0.747737 
0.884616 
1.036608 
1.202362 
1.379910 
1.566639 
1.759309 
1.954108 
2.146753 
2.332637 
2.507007 
2.665177 
2.802751 
2.915856 
3.001355 
3.057041 
3.081783 
3.075633 
3.039858 
2.976925 
2.890411 
2.784862 
2.665600 
2.538488 
2.409672 
2.285304 
2.171268 
2.072922 
1.994863 
1.940720 
1.913008 
1.913008 
0.225708 
0.240002 
0.268785 
0.312420 
0.371388 
0.446215 
0.537375 
0.645188 
0.769707 
0.910600 
1.067049 
1.237663 
1.420415 
1.612616 
1.810932 
2.011438 
2.209726 
2.401055 
2.580532 
2.743334 
2.884938 
3.001355 
3.089359 
3.146676 
3.172144 
3.165816 
3.128997 
3.064224 
2.975180 
2.866544 
2.743794 
2.612965 
2.480382 
2.352376 
2.235004 
2.133782 
2.053439 
1.997713 
1.969190 
1.969190 
0.229909 
0.244468 
0.273785 
0.318231 
0.378294 
0.454509 
0.547362 
0.657176 
0.784006 
0.927513 
1.086866 
1.260644 
1.446786 
1.642552 
1.844546 
2.048770 
2.250735 
2.445611 
2.628416 
2.794236 
2.938465 
3.057041 
3.146676 
3.205055 
3.230997 
3.224552 
3.187051 
3.121079 
3.030386 
2.919738 
2.794715 
2.661462 
2.526423 
2.396046 
2.276500 
2.173403 
2.091571 
2.034813 
2.005761 
2.005761 
0.231763 
0.246440 
0.275994 
0.320799 
0.381348 
0.458180 
0.551783 
0.662486 
0.790342 
0.935011 
1.095653 
1.270838 
1.458487 
1.655838 
1.859467 
2.065345 
2.268946 
2.465401 
2.649686 
2.816850 
2.962247 
3.081783 
3.172144 
3.230997 
3.257148 
3.250651 
3.212845 
3.146338 
3.054910 
2.943365 
2.817327 
2.682994 
2.546860 
2.415425 
2.294910 
2.190977 
2.108482 
2.051264 
2.021976 
2.021976 
0.231274 
0.245922 
0.275416 
0.320129 
0.380556 
0.457232 
0.550647 
0.661127 
0.788727 
0.933106 
1.093427 
1.268263 
1.455539 
1.652499 
1.855725 
2.061196 
2.264395 
2.460463 
2.644386 
2.811220 
2.956332 
3.075633 
3.165816 
3.224552 
3.250651 
3.244164 
3.206431 
3.140051 
3.048799 
2.937469 
2.811676 
2.677603 
2.541732 
2.410552 
2.290270 
2.186538 
2.104203 
2.047096 
2.017865 
2.017865 
0.228538 
0.243014 
0.272163 
0.316354 
0.376074 
0.451856 
0.544180 
0.653372 
0.779485 
0.922183 
1.080639 
1.253443 
1.438543 
1.633217 
1.834085 
2.037173 
2.238017 
2.431813 
2.613605 
2.778508 
2.921939 
3.039858 
3.128997 
3.187051 
3.212845 
3.206431 
3.169130 
3.103514 
3.013312 
2.903265 
2.778921 
2.646392 
2.512087 
2.382419 
2.263524 
2.160988 
2.079602 
2.023153 
1.994260 
1.994260 
0.223740 
0.237915 
0.266458 
0.309731 
0.368210 
0.442418 
0.532826 
0.639754 
0.763252 
0.902994 
1.058169 
1.227397 
1.408669 
1.599318 
1.796036 
1.994930 
2.191627 
2.381423 
2.559465 
2.720966 
2.861438 
2.976925 
3.064224 
3.121079 
3.146338 
3.140051 
3.103514 
3.039244 
2.950894 
2.843107 
2.721317 
2.591512 
2.459967 
2.332964 
2.216512 
2.116084 
2.036371 
1.981082 
1.952782 
1.952782 
0.217153 
0.230914 
0.258624 
0.300635 
0.357409 
0.429454 
0.517229 
0.621043 
0.740948 
0.876626 
1.027291 
1.191603 
1.367612 
1.552728 
1.743740 
1.936867 
2.127863 
2.312159 
2.485042 
2.641865 
2.778269 
2.890411 
2.975180 
3.030386 
3.054910 
3.048799 
3.013312 
2.950894 
2.865092 
2.760414 
2.642138 
2.516079 
2.388331 
2.264993 
2.151903 
2.054374 
1.976962 
1.923269 
1.895787 
1.895787 
0.209121 
0.222378 
0.249072 
0.289543 
0.344237 
0.413644 
0.498206 
0.598223 
0.713744 
0.844464 
0.989627 
1.147941 
1.317529 
1.495894 
1.679943 
1.866033 
2.050073 
2.227658 
2.394248 
2.545363 
2.676802 
2.784862 
2.866544 
2.919738 
2.943365 
2.937469 
2.903265 
2.843107 
2.760414 
2.659531 
2.545544 
2.424057 
2.300942 
2.182078 
2.073091 
1.979099 
1.904496 
1.852751 
1.826265 
1.826265 
0.200049 
0.212736 
0.238283 
0.277014 
0.329358 
0.395784 
0.476717 
0.572442 
0.683010 
0.808129 
0.947074 
1.098612 
1.260943 
1.431681 
1.607863 
1.786001 
1.962179 
2.132181 
2.291659 
2.436323 
2.562152 
2.665600 
2.743794 
2.794715 
2.817327 
2.811676 
2.778921 
2.721317 
2.642138 
2.545544 
2.436404 
2.320084 
2.202205 
2.088397 
1.984046 
1.894053 
1.822623 
1.773080 
1.747721 
1.747721 
0.190383 
0.202462 
0.226785 
0.263663 
0.313503 
0.376752 
0.453816 
0.544968 
0.650257 
0.769405 
0.901724 
1.046039 
1.200636 
1.363244 
1.531040 
1.700704 
1.868503 
2.030422 
2.182319 
2.320108 
2.439957 
2.538488 
2.612965 
2.661462 
2.682994 
2.677603 
2.646392 
2.591512 
2.516079 
2.424057 
2.320084 
2.209270 
2.096974 
1.988555 
1.889146 
1.803415 
1.735369 
1.688172 
1.664014 
1.664014 
0.180588 
0.192052 
0.215136 
0.250134 
0.297436 
0.357466 
0.430610 
0.517128 
0.617067 
0.730165 
0.855768 
0.992763 
1.139523 
1.293892 
1.453190 
1.614264 
1.773571 
1.927299 
2.071514 
2.202335 
2.316124 
2.409672 
2.480382 
2.526423 
2.546860 
2.541732 
2.512087 
2.459967 
2.388331 
2.300942 
2.202205 
2.096974 
1.990334 
1.887378 
1.792977 
1.711566 
1.646948 
1.602130 
1.579189 
1.579189 
0.171133 
0.182002 
0.203890 
0.237075 
0.281926 
0.338848 
0.408207 
0.490251 
0.585025 
0.692281 
0.811401 
0.941328 
1.080522 
1.226936 
1.378029 
1.530810 
1.681919 
1.827738 
1.964535 
2.088628 
2.196566 
2.285304 
2.352376 
2.396046 
2.415425 
2.410552 
2.382419 
2.332964 
2.264993 
2.182078 
2.088397 
1.988555 
1.887378 
1.789696 
1.700131 
1.622891 
1.561584 
1.519062 
1.497296 
1.497296 
0.162465 
0.172789 
0.193579 
0.225101 
0.267706 
0.321778 
0.387666 
0.465608 
0.555646 
0.657546 
0.770721 
0.894168 
1.026424 
1.165543 
1.309113 
1.454290 
1.597881 
1.736448 
1.866444 
1.984369 
2.086942 
2.171268 
2.235004 
2.276500 
2.294910 
2.290270 
2.263524 
2.216512 
2.151903 
2.073091 
1.984046 
1.889146 
1.792977 
1.700131 
1.615001 
1.541585 
1.483314 
1.442897 
1.422210 
1.422210 
0.154989 
0.164843 
0.184687 
0.214775 
0.255442 
0.307057 
0.369952 
0.444356 
0.530310 
0.627591 
0.735639 
0.853498 
0.979770 
1.112599 
1.249680 
1.388300 
1.525407 
1.657720 
1.781850 
1.894455 
1.992400 
2.072922 
2.133782 
2.173403 
2.190977 
2.186538 
2.160988 
2.116084 
2.054374 
1.979099 
1.894053 
1.803415 
1.711566 
1.622891 
1.541585 
1.471468 
1.415815 
1.377214 
1.357456 
1.357456 
0.149056 
0.158537 
0.177630 
0.206579 
0.245709 
0.295373 
0.355893 
0.427489 
0.510200 
0.603815 
0.707794 
0.821217 
0.942739 
1.070575 
1.202507 
1.335921 
1.467883 
1.595231 
1.714705 
1.823087 
1.917360 
1.994863 
2.053439 
2.091571 
2.108482 
2.104203 
2.079602 
2.036371 
1.976962 
1.904496 
1.822623 
1.735369 
1.646948 
1.561584 
1.483314 
1.415815 
1.362239 
1.325080 
1.306060 
1.306060 
0.144941 
0.154163 
0.172735 
0.200895 
0.238958 
0.287269 
0.346142 
0.415789 
0.496253 
0.587324 
0.688481 
0.798827 
0.917055 
1.041428 
1.169788 
1.299592 
1.427984 
1.551889 
1.668133 
1.773587 
1.865312 
1.940720 
1.997713 
2.034813 
2.051264 
2.047096 
2.023153 
1.981082 
1.923269 
1.852751 
1.773080 
1.688172 
1.602130 
1.519062 
1.442897 
1.377214 
1.325080 
1.288921 
1.270412 
1.270412 
0.142835 
0.151924 
0.170230 
0.197986 
0.235503 
0.283121 
0.341150 
0.409801 
0.489114 
0.578883 
0.678595 
0.787367 
0.903909 
1.026509 
1.153040 
1.280996 
1.407562 
1.529704 
1.644296 
1.748250 
1.838672 
1.913008 
1.969190 
2.005761 
2.021976 
2.017865 
1.994260 
1.952782 
1.895787 
1.826265 
1.747721 
1.664014 
1.579189 
1.497296 
1.422210 
1.357456 
1.306060 
1.270412 
1.252166 
1.252166 
0.142835 
0.151924 
0.170230 
0.197986 
0.235503 
0.283121 
0.341150 
0.409801 
0.489114 
0.578883 
0.678595 
0.787367 
0.903909 
1.026509 
1.153040 
1.280996 
1.407562 
1.529704 
1.644296 
1.748250 
1.838672 
1.913008 
1.969190 
2.005761 
2.021976 
2.017865 
1.994260 
1.952782 
1.895787 
1.826265 
1.747721 
1.664014 
1.579189 
1.497296 
1.422210 
1.357456 
1.306060 
1.270412 
1.252166 
1.252166 
