# z = ,(t = 1)
0.000000 
0.000000 
0.000000 
0.000000 
0.000000 
0.000000 
0.000001 
0.000002 
0.000003 
0.000006 
0.000010 
0.000017 
0.000027 
0.000042 
0.000062 
0.000088 
0.000119 
0.000154 
0.000192 
0.000230 
0.000267 
0.000298 
0.000322 
0.000338 
0.000343 
0.000338 
0.000322 
0.000298 
0.000267 
0.000230 
0.000192 
0.000154 
0.000119 
0.000088 
0.000062 
0.000043 
0.000029 
0.000020 
0.000016 
0.000016 
0.000000 
0.000000 
0.000000 
0.000000 
0.000000 
0.000001 
0.000002 
0.000003 
0.000006 
0.000011 
0.000019 
0.000033 
0.000053 
0.000081 
0.000119 
0.000168 
0.000227 
0.000294 
0.000366 
0.000439 
0.000508 
0.000567 
0.000613 
0.000642 
0.000652 
0.000642 
0.000613 
0.000567 
0.000508 
0.000439 
0.000366 
0.000294 
0.000227 
0.000168 
0.000120 
0.000083 
0.000056 
0.000039 
0.000030 
0.000030 
0.000000 
0.000000 
0.000000 
0.000000 
0.000001 
0.000002 
0.000004 
0.000007 
0.000014 
0.000026 
0.000045 
0.000076 
0.000122 
0.000187 
0.000274 
0.000386 
0.000520 
0.000672 
0.000836 
0.001002 
0.001158 
0.001293 
0.001397 
0.001463 
0.001485 
0.001463 
0.001397 
0.001293 
0.001158 
0.001002 
0.000836 
0.000672 
0.000520 
0.000386 
0.000276 
0.000190 
0.000129 
0.000090 
0.000071 
0.000071 
0.000000 
0.000000 
0.000000 
0.000001 
0.000002 
0.000004 
0.000008 
0.000017 
0.000033 
0.000060 
0.000105 
0.000175 
0.000281 
0.000429 
0.000629 
0.000882 
0.001187 
0.001533 
0.001905 
0.002281 
0.002634 
0.002940 
0.003176 
0.003326 
0.003376 
0.003326 
0.003176 
0.002940 
0.002634 
0.002281 
0.001906 
0.001534 
0.001188 
0.000884 
0.000633 
0.000438 
0.000298 
0.000208 
0.000165 
0.000165 
0.000000 
0.000000 
0.000001 
0.000002 
0.000004 
0.000009 
0.000019 
0.000038 
0.000073 
0.000134 
0.000234 
0.000390 
0.000623 
0.000951 
0.001389 
0.001945 
0.002613 
0.003372 
0.004186 
0.005007 
0.005779 
0.006448 
0.006964 
0.007290 
0.007402 
0.007290 
0.006964 
0.006448 
0.005779 
0.005007 
0.004186 
0.003373 
0.002615 
0.001949 
0.001398 
0.000970 
0.000661 
0.000464 
0.000368 
0.000368 
0.000000 
0.000001 
0.000002 
0.000004 
0.000009 
0.000020 
0.000042 
0.000083 
0.000158 
0.000288 
0.000501 
0.000833 
0.001325 
0.002017 
0.002942 
0.004112 
0.005517 
0.007111 
0.008819 
0.010540 
0.012159 
0.013562 
0.014645 
0.015328 
0.015562 
0.015328 
0.014645 
0.013562 
0.012160 
0.010540 
0.008819 
0.007112 
0.005521 
0.004122 
0.002962 
0.002059 
0.001408 
0.000991 
0.000788 
0.000788 
0.000001 
0.000002 
0.000004 
0.000008 
0.000019 
0.000042 
0.000087 
0.000172 
0.000326 
0.000591 
0.001025 
0.001700 
0.002698 
0.004099 
0.005967 
0.008328 
0.011157 
0.014365 
0.017800 
0.021260 
0.024516 
0.027334 
0.029510 
0.030883 
0.031352 
0.030883 
0.029510 
0.027334 
0.024516 
0.021261 
0.017802 
0.014369 
0.011166 
0.008347 
0.006009 
0.004186 
0.002870 
0.002026 
0.001616 
0.001616 
0.000002 
0.000003 
0.000007 
0.000017 
0.000038 
0.000083 
0.000172 
0.000340 
0.000642 
0.001161 
0.002007 
0.003322 
0.005260 
0.007976 
0.011590 
0.016153 
0.021612 
0.027798 
0.034418 
0.041083 
0.047352 
0.052779 
0.056969 
0.059612 
0.060516 
0.059612 
0.056969 
0.052779 
0.047352 
0.041084 
0.034421 
0.027805 
0.021629 
0.016191 
0.011673 
0.008148 
0.005599 
0.003963 
0.003168 
0.003168 
0.000003 
0.000006 
0.000014 
0.000033 
0.000073 
0.000158 
0.000326 
0.000642 
0.001210 
0.002182 
0.003763 
0.006212 
0.009817 
0.014859 
0.021557 
0.030002 
0.040097 
0.051525 
0.063747 
0.076048 
0.087615 
0.097628 
0.105357 
0.110234 
0.111901 
0.110234 
0.105357 
0.097628 
0.087615 
0.076050 
0.063753 
0.051539 
0.040130 
0.030075 
0.021716 
0.015185 
0.010459 
0.007422 
0.005945 
0.005945 
0.000006 
0.000011 
0.000026 
0.000060 
0.000134 
0.000288 
0.000591 
0.001161 
0.002182 
0.003923 
0.006752 
0.011121 
0.017541 
0.026505 
0.038396 
0.053370 
0.071253 
0.091480 
0.113102 
0.134856 
0.155305 
0.173007 
0.186671 
0.195293 
0.198239 
0.195293 
0.186671 
0.173008 
0.155307 
0.134860 
0.113113 
0.091506 
0.071312 
0.053504 
0.038684 
0.027096 
0.018702 
0.013303 
0.010675 
0.010675 
0.000010 
0.000019 
0.000045 
0.000105 
0.000234 
0.000501 
0.001025 
0.002007 
0.003763 
0.006752 
0.011594 
0.019060 
0.030009 
0.045276 
0.065499 
0.090937 
0.121290 
0.155600 
0.192255 
0.229122 
0.263771 
0.293761 
0.316910 
0.331517 
0.336507 
0.331517 
0.316910 
0.293762 
0.263774 
0.229129 
0.192274 
0.155645 
0.121395 
0.091171 
0.066000 
0.046300 
0.032017 
0.022823 
0.018345 
0.018345 
0.000017 
0.000033 
0.000076 
0.000175 
0.000390 
0.000833 
0.001700 
0.003322 
0.006212 
0.011121 
0.019060 
0.031278 
0.049169 
0.074079 
0.107038 
0.148454 
0.197831 
0.253611 
0.313177 
0.373067 
0.429344 
0.478049 
0.515643 
0.539364 
0.547470 
0.539365 
0.515644 
0.478051 
0.429349 
0.373079 
0.313208 
0.253686 
0.198007 
0.148844 
0.107870 
0.075779 
0.052491 
0.037490 
0.030181 
0.030181 
0.000027 
0.000053 
0.000122 
0.000281 
0.000623 
0.001325 
0.002698 
0.005260 
0.009817 
0.017541 
0.030009 
0.049169 
0.077184 
0.116141 
0.167632 
0.232277 
0.309294 
0.396246 
0.489063 
0.582358 
0.670011 
0.745864 
0.804411 
0.841352 
0.853975 
0.841353 
0.804411 
0.745867 
0.670019 
0.582378 
0.489112 
0.396367 
0.309574 
0.232899 
0.168957 
0.118839 
0.082444 
0.058986 
0.047550 
0.047550 
0.000042 
0.000081 
0.000187 
0.000429 
0.000951 
0.002017 
0.004099 
0.007976 
0.014859 
0.026505 
0.045276 
0.074079 
0.116141 
0.174568 
0.251720 
0.348504 
0.463738 
0.593774 
0.732527 
0.871962 
1.002944 
1.116285 
1.203763 
1.258960 
1.277821 
1.258961 
1.203765 
1.116289 
1.002956 
0.871993 
0.732604 
0.593959 
0.464167 
0.349454 
0.253737 
0.178667 
0.124117 
0.088938 
0.071781 
0.071781 
0.000062 
0.000119 
0.000274 
0.000629 
0.001389 
0.002942 
0.005967 
0.011590 
0.021557 
0.038396 
0.065499 
0.107038 
0.167632 
0.251720 
0.362666 
0.501747 
0.667250 
0.853929 
1.053061 
1.253127 
1.441039 
1.603631 
1.729120 
1.808300 
1.835355 
1.808301 
1.729122 
1.603637 
1.441056 
1.253172 
1.053174 
0.854201 
0.667878 
0.503136 
0.365607 
0.257687 
0.179222 
0.128595 
0.103896 
0.103896 
0.000088 
0.000168 
0.000386 
0.000882 
0.001945 
0.004112 
0.008328 
0.016153 
0.030002 
0.053370 
0.090937 
0.148454 
0.232277 
0.348504 
0.501747 
0.693740 
0.922096 
1.179575 
1.454154 
1.729970 
1.989000 
2.213113 
2.386080 
2.495218 
2.532510 
2.495219 
2.386083 
2.213122 
1.989024 
1.730033 
1.454313 
1.179958 
0.922977 
0.695685 
0.505860 
0.356832 
0.248429 
0.178456 
0.144307 
0.144307 
0.000119 
0.000227 
0.000520 
0.001187 
0.002613 
0.005517 
0.011157 
0.021612 
0.040097 
0.071253 
0.121290 
0.197831 
0.309294 
0.463738 
0.667250 
0.922096 
1.225087 
1.566614 
1.930737 
2.296443 
2.639860 
2.936970 
3.166270 
3.310953 
3.360390 
3.310954 
3.166275 
2.936982 
2.639893 
2.296529 
1.930952 
1.567129 
1.226272 
0.924709 
0.672766 
0.474895 
0.330906 
0.237929 
0.192543 
0.192543 
0.000154 
0.000294 
0.000672 
0.001533 
0.003372 
0.007111 
0.014365 
0.027798 
0.051525 
0.091480 
0.155600 
0.253611 
0.396246 
0.593774 
0.853929 
1.179575 
1.566614 
2.002766 
2.467687 
2.934567 
3.372957 
3.752217 
4.044915 
4.229599 
4.292704 
4.229601 
4.044920 
3.752233 
3.372999 
2.934678 
2.467965 
2.003433 
1.568146 
1.182947 
0.861040 
0.608139 
0.424044 
0.305136 
0.247080 
0.247080 
0.000192 
0.000366 
0.000836 
0.001905 
0.004186 
0.008819 
0.017800 
0.034418 
0.063747 
0.113102 
0.192255 
0.313177 
0.489063 
0.732527 
1.053061 
1.454154 
1.930737 
2.467687 
3.039966 
3.614598 
4.154130 
4.620874 
4.981084 
5.208366 
5.286026 
5.208368 
4.981091 
4.620894 
4.154183 
3.614737 
3.040313 
2.468516 
1.932641 
1.458339 
1.061879 
0.750327 
0.523480 
0.376924 
0.305357 
0.305357 
0.000230 
0.000439 
0.001002 
0.002281 
0.005007 
0.010540 
0.021260 
0.041083 
0.076048 
0.134856 
0.229122 
0.373067 
0.582358 
0.871962 
1.253127 
1.729970 
2.296443 
2.934567 
3.614598 
4.297370 
4.938403 
5.492942 
5.920903 
6.190933 
6.283200 
6.190935 
5.920911 
5.492966 
4.938467 
4.297537 
3.615014 
2.935561 
2.298721 
1.734975 
1.263667 
0.893223 
0.623441 
0.449115 
0.363978 
0.363978 
0.000267 
0.000508 
0.001158 
0.002634 
0.005779 
0.012159 
0.024516 
0.047352 
0.087615 
0.155305 
0.263771 
0.429344 
0.670011 
1.002944 
1.441039 
1.989000 
2.639860 
3.372957 
4.154130 
4.938403 
5.674706 
6.311647 
6.803198 
7.113351 
7.219328 
7.113354 
6.803208 
6.311675 
5.674780 
4.938596 
4.154610 
3.374105 
2.642491 
1.994777 
1.453198 
1.027460 
0.717363 
0.516958 
0.419076 
0.419076 
0.000298 
0.000567 
0.001293 
0.002940 
0.006448 
0.013562 
0.027334 
0.052779 
0.097628 
0.173007 
0.293761 
0.478049 
0.745864 
1.116285 
1.603631 
2.213113 
2.936970 
3.752217 
4.620874 
5.492942 
6.311647 
7.019862 
7.566414 
7.911270 
8.029106 
7.911273 
7.566424 
7.019892 
6.311730 
5.493157 
4.621411 
3.753499 
2.939906 
2.219559 
1.617193 
1.143619 
0.798643 
0.575677 
0.466768 
0.466768 
0.000322 
0.000613 
0.001397 
0.003176 
0.006964 
0.014645 
0.029510 
0.056969 
0.105357 
0.186671 
0.316910 
0.515643 
0.804411 
1.203763 
1.729120 
2.386080 
3.166270 
4.044915 
4.981084 
5.920903 
6.803198 
7.566414 
8.155409 
8.527047 
8.654033 
8.527050 
8.155421 
7.566447 
6.803288 
5.921136 
4.981664 
4.046300 
3.169443 
2.393043 
1.743764 
1.233273 
0.861379 
0.621001 
0.503581 
0.503581 
0.000338 
0.000642 
0.001463 
0.003326 
0.007290 
0.015328 
0.030883 
0.059612 
0.110234 
0.195293 
0.331517 
0.539364 
0.841352 
1.258960 
1.808300 
2.495218 
3.310953 
4.229599 
5.208366 
6.190933 
7.113351 
7.911270 
8.527047 
8.915582 
9.048342 
8.915585 
8.527059 
7.911305 
7.113445 
6.191177 
5.208973 
4.231049 
3.314274 
2.502507 
1.823628 
1.289843 
0.900965 
0.649599 
0.526810 
0.526810 
0.000343 
0.000652 
0.001485 
0.003376 
0.007402 
0.015562 
0.031352 
0.060516 
0.111901 
0.198239 
0.336507 
0.547470 
0.853975 
1.277821 
1.835355 
2.532510 
3.360390 
4.292704 
5.286026 
6.283200 
7.219328 
8.029106 
8.654033 
9.048342 
9.183075 
9.048345 
8.654045 
8.029141 
7.219424 
6.283448 
5.286643 
4.294177 
3.363762 
2.539910 
1.850916 
1.309173 
0.914490 
0.659370 
0.534746 
0.534746 
0.000338 
0.000642 
0.001463 
0.003326 
0.007290 
0.015328 
0.030883 
0.059612 
0.110234 
0.195293 
0.331517 
0.539365 
0.841353 
1.258961 
1.808301 
2.495219 
3.310954 
4.229601 
5.208368 
6.190935 
7.113354 
7.911273 
8.527050 
8.915585 
9.048345 
8.915589 
8.527062 
7.911308 
7.113448 
6.191179 
5.208975 
4.231051 
3.314276 
2.502508 
1.823628 
1.289844 
0.900965 
0.649599 
0.526810 
0.526810 
0.000322 
0.000613 
0.001397 
0.003176 
0.006964 
0.014645 
0.029510 
0.056969 
0.105357 
0.186671 
0.316910 
0.515644 
0.804411 
1.203765 
1.729122 
2.386083 
3.166275 
4.044920 
4.981091 
5.920911 
6.803208 
7.566424 
8.155421 
8.527059 
8.654045 
8.527062 
8.155433 
7.566457 
6.803297 
5.921144 
4.981671 
4.046306 
3.169447 
2.393046 
1.743766 
1.233275 
0.861380 
0.621001 
0.503582 
0.503582 
0.000298 
0.000567 
0.001293 
0.002940 
0.006448 
0.013562 
0.027334 
0.052779 
0.097628 
0.173008 
0.293762 
0.478051 
0.745867 
1.116289 
1.603637 
2.213122 
2.936982 
3.752233 
4.620894 
5.492966 
6.311675 
7.019892 
7.566447 
7.911305 
8.029141 
7.911308 
7.566457 
7.019923 
6.311758 
5.493181 
4.621430 
3.753515 
2.939918 
2.219568 
1.617199 
1.143623 
0.798646 
0.575679 
0.466770 
0.466770 
0.000267 
0.000508 
0.001158 
0.002634 
0.005779 
0.012160 
0.024516 
0.047352 
0.087615 
0.155307 
0.263774 
0.429349 
0.670019 
1.002956 
1.441056 
1.989024 
2.639893 
3.372999 
4.154183 
4.938467 
5.674780 
6.311730 
6.803288 
7.113445 
7.219424 
7.113448 
6.803297 
6.311758 
5.674854 
4.938660 
4.154663 
3.374147 
2.642524 
1.994802 
1.453216 
1.027472 
0.717371 
0.516964 
0.419081 
0.419081 
0.000230 
0.000439 
0.001002 
0.002281 
0.005007 
0.010540 
0.021261 
0.041084 
0.076050 
0.134860 
0.229129 
0.373079 
0.582378 
0.871993 
1.253172 
1.730033 
2.296529 
2.934678 
3.614737 
4.297537 
4.938596 
5.493157 
5.921136 
6.191177 
6.283448 
6.191179 
5.921144 
5.493181 
4.938660 
4.297703 
3.615153 
2.935672 
2.298807 
1.735039 
1.263712 
0.893254 
0.623462 
0.449129 
0.363989 
0.363989 
0.000192 
0.000366 
0.000836 
0.001906 
0.004186 
0.008819 
0.017802 
0.034421 
0.063753 
0.113113 
0.192274 
0.313208 
0.489112 
0.732604 
1.053174 
1.454313 
1.930952 
2.467965 
3.040313 
3.615014 
4.154610 
4.621411 
4.981664 
5.208973 
5.286643 
5.208975 
4.981671 
4.621430 
4.154663 
3.615153 
3.040659 
2.468794 
1.932855 
1.458499 
1.061993 
0.750405 
0.523533 
0.376960 
0.305386 
0.305386 
0.000154 
0.000294 
0.000672 
0.001534 
0.003373 
0.007112 
0.014369 
0.027805 
0.051539 
0.091506 
0.155645 
0.253686 
0.396367 
0.593959 
0.854201 
1.179958 
1.567129 
2.003433 
2.468516 
2.935561 
3.374105 
3.753499 
4.046300 
4.231049 
4.294177 
4.231051 
4.046306 
3.753515 
3.374147 
2.935672 
2.468794 
2.004099 
1.568661 
1.183330 
0.861313 
0.608327 
0.424172 
0.305225 
0.247151 
0.247151 
0.000119 
0.000227 
0.000520 
0.001188 
0.002615 
0.005521 
0.011166 
0.021629 
0.040130 
0.071312 
0.121395 
0.198007 
0.309574 
0.464167 
0.667878 
0.922977 
1.226272 
1.568146 
1.932641 
2.298721 
2.642491 
2.939906 
3.169443 
3.314274 
3.363762 
3.314276 
3.169447 
2.939918 
2.642524 
2.298807 
1.932855 
1.568661 
1.227459 
0.925592 
0.673398 
0.475332 
0.331203 
0.238137 
0.192707 
0.192707 
0.000088 
0.000168 
0.000386 
0.000884 
0.001949 
0.004122 
0.008347 
0.016191 
0.030075 
0.053504 
0.091171 
0.148844 
0.232899 
0.349454 
0.503136 
0.695685 
0.924709 
1.182947 
1.458339 
1.734975 
1.994777 
2.219559 
2.393043 
2.502507 
2.539910 
2.502508 
2.393046 
2.219568 
1.994802 
1.735039 
1.458499 
1.183330 
0.925592 
0.697634 
0.507258 
0.357802 
0.249090 
0.178919 
0.144675 
0.144675 
0.000062 
0.000120 
0.000276 
0.000633 
0.001398 
0.002962 
0.006009 
0.011673 
0.021716 
0.038684 
0.066000 
0.107870 
0.168957 
0.253737 
0.365607 
0.505860 
0.672766 
0.861040 
1.061879 
1.263667 
1.453198 
1.617193 
1.743764 
1.823628 
1.850916 
1.823628 
1.743766 
1.617199 
1.453216 
1.263712 
1.061993 
0.861313 
0.673398 
0.507258 
0.368569 
0.259746 
0.180630 
0.129586 
0.104684 
0.104684 
0.000043 
0.000083 
0.000190 
0.000438 
0.000970 
0.002059 
0.004186 
0.008148 
0.015185 
0.027096 
0.046300 
0.075779 
0.118839 
0.178667 
0.257687 
0.356832 
0.474895 
0.608139 
0.750327 
0.893223 
1.027460 
1.143619 
1.233273 
1.289843 
1.309173 
1.289844 
1.233275 
1.143623 
1.027472 
0.893254 
0.750405 
0.608327 
0.475332 
0.357802 
0.259746 
0.182853 
0.126987 
0.090964 
0.073396 
0.073396 
0.000029 
0.000056 
0.000129 
0.000298 
0.000661 
0.001408 
0.002870 
0.005599 
0.010459 
0.018702 
0.032017 
0.052491 
0.082444 
0.124117 
0.179222 
0.248429 
0.330906 
0.424044 
0.523480 
0.623441 
0.717363 
0.798643 
0.861379 
0.900965 
0.914490 
0.900965 
0.861380 
0.798646 
0.717371 
0.623462 
0.523533 
0.424172 
0.331203 
0.249090 
0.180630 
0.126987 
0.088044 
0.062950 
0.050718 
0.050718 
0.000020 
0.000039 
0.000090 
0.000208 
0.000464 
0.000991 
0.002026 
0.003963 
0.007422 
0.013303 
0.022823 
0.037490 
0.058986 
0.088938 
0.128595 
0.178456 
0.237929 
0.305136 
0.376924 
0.449115 
0.516958 
0.575677 
0.621001 
0.649599 
0.659370 
0.649599 
0.621001 
0.575679 
0.516964 
0.449129 
0.376960 
0.305225 
0.238137 
0.178919 
0.129586 
0.090964 
0.062950 
0.044913 
0.036126 
0.036126 
0.000016 
0.000030 
0.000071 
0.000165 
0.000368 
0.000788 
0.001616 
0.003168 
0.005945 
0.010675 
0.018345 
0.030181 
0.047550 
0.071781 
0.103896 
0.144307 
0.192543 
0.247080 
0.305357 
0.363978 
0.419076 
0.466768 
0.503581 
0.526810 
0.534746 
0.526810 
0.503582 
0.466770 
0.419081 
0.363989 
0.305386 
0.247151 
0.192707 
0.144675 
0.104684 
0.073396 
0.050718 
0.036126 
0.029020 
0.029020 
0.000016 
0.000030 
0.000071 
0.000165 
0.000368 
0.000788 
0.001616 
0.003168 
0.005945 
0.010675 
0.018345 
0.030181 
0.047550 
0.071781 
0.103896 
0.144307 
0.192543 
0.247080 
0.305357 
0.363978 
0.419076 
0.466768 
0.503581 
0.526810 
0.534746 
0.526810 
0.503582 
0.466770 
0.419081 
0.363989 
0.305386 
0.247151 
0.192707 
0.144675 
0.104684 
0.073396 
0.050718 
0.036126 
0.029020 
0.029020 
