# z = ,(t = 16)
0.605783 
0.607678 
0.611449 
0.617055 
0.624438 
0.633519 
0.644205 
0.656385 
0.669937 
0.684724 
0.700600 
0.717414 
0.735007 
0.753217 
0.771883 
0.790843 
0.809940 
0.829022 
0.847945 
0.866573 
0.884778 
0.902447 
0.919475 
0.935771 
0.951255 
0.965860 
0.979531 
0.992223 
1.003902 
1.014541 
1.024125 
1.032642 
1.040087 
1.046459 
1.051760 
1.055994 
1.059164 
1.061275 
1.062330 
1.062330 
0.607678 
0.609579 
0.613362 
0.618986 
0.626391 
0.635501 
0.646220 
0.658439 
0.672032 
0.686865 
0.702792 
0.719658 
0.737306 
0.755573 
0.774296 
0.793316 
0.812472 
0.831614 
0.850596 
0.869282 
0.887545 
0.905268 
0.922350 
0.938696 
0.954229 
0.968880 
0.982593 
0.995325 
1.007040 
1.017713 
1.027326 
1.035870 
1.043338 
1.049730 
1.055048 
1.059295 
1.062475 
1.064593 
1.065651 
1.065651 
0.611449 
0.613362 
0.617168 
0.622827 
0.630278 
0.639444 
0.650230 
0.662524 
0.676201 
0.691126 
0.707151 
0.724122 
0.741879 
0.760259 
0.779098 
0.798235 
0.817511 
0.836771 
0.855871 
0.874672 
0.893048 
0.910881 
0.928068 
0.944516 
0.960145 
0.974887 
0.988685 
1.001496 
1.013283 
1.024022 
1.033695 
1.042292 
1.049806 
1.056238 
1.061589 
1.065862 
1.069062 
1.071193 
1.072258 
1.072258 
0.617055 
0.618986 
0.622827 
0.628537 
0.636056 
0.645306 
0.656190 
0.668597 
0.682400 
0.697461 
0.713632 
0.730758 
0.748677 
0.767226 
0.786238 
0.805549 
0.825001 
0.844438 
0.863712 
0.882685 
0.901229 
0.919226 
0.936570 
0.953169 
0.968941 
0.983817 
0.997742 
1.010670 
1.022565 
1.033403 
1.043165 
1.051840 
1.059423 
1.065914 
1.071314 
1.075626 
1.078856 
1.081006 
1.082080 
1.082080 
0.624438 
0.626391 
0.630278 
0.636056 
0.643666 
0.653026 
0.664040 
0.676594 
0.690562 
0.705803 
0.722167 
0.739497 
0.757630 
0.776400 
0.795639 
0.815181 
0.834865 
0.854534 
0.874038 
0.893238 
0.912003 
0.930215 
0.947766 
0.964563 
0.980523 
0.995577 
1.009669 
1.022751 
1.034789 
1.045756 
1.055634 
1.064413 
1.072087 
1.078655 
1.084120 
1.088484 
1.091752 
1.093928 
1.095015 
1.095015 
0.633519 
0.635501 
0.639444 
0.645306 
0.653026 
0.662522 
0.673695 
0.686432 
0.700602 
0.716064 
0.732666 
0.750247 
0.768644 
0.787685 
0.807203 
0.827029 
0.846999 
0.866953 
0.886740 
0.906219 
0.925256 
0.943732 
0.961538 
0.978579 
0.994771 
1.010044 
1.024340 
1.037612 
1.049825 
1.060951 
1.070973 
1.079879 
1.087665 
1.094329 
1.099873 
1.104300 
1.107616 
1.109823 
1.110926 
1.110926 
0.644205 
0.646220 
0.650230 
0.656190 
0.664040 
0.673695 
0.685057 
0.698008 
0.712416 
0.728138 
0.745019 
0.762897 
0.781603 
0.800965 
0.820811 
0.840971 
0.861276 
0.881566 
0.901687 
0.921493 
0.940851 
0.959638 
0.977744 
0.995072 
1.011536 
1.027067 
1.041603 
1.055099 
1.067518 
1.078831 
1.089022 
1.098079 
1.105996 
1.112772 
1.118409 
1.122911 
1.126283 
1.128528 
1.129649 
1.129649 
0.656385 
0.658439 
0.662524 
0.668597 
0.676594 
0.686432 
0.698008 
0.711203 
0.725883 
0.741902 
0.759101 
0.777316 
0.796374 
0.816102 
0.836322 
0.856862 
0.877551 
0.898223 
0.918724 
0.938904 
0.958627 
0.977769 
0.996216 
1.013871 
1.030647 
1.046470 
1.061282 
1.075032 
1.087685 
1.099213 
1.109596 
1.118824 
1.126890 
1.133794 
1.139538 
1.144125 
1.147561 
1.149848 
1.150991 
1.150991 
0.669937 
0.672032 
0.676201 
0.682400 
0.690562 
0.700602 
0.712416 
0.725883 
0.740866 
0.757214 
0.774768 
0.793357 
0.812808 
0.832942 
0.853579 
0.874542 
0.895657 
0.916756 
0.937678 
0.958274 
0.978404 
0.997940 
1.016768 
1.034787 
1.051908 
1.068058 
1.083175 
1.097209 
1.110123 
1.121888 
1.132486 
1.141904 
1.150137 
1.157183 
1.163046 
1.167728 
1.171234 
1.173568 
1.174735 
1.174735 
0.684724 
0.686865 
0.691126 
0.697461 
0.705803 
0.716064 
0.728138 
0.741902 
0.757214 
0.773922 
0.791863 
0.810862 
0.830741 
0.851318 
0.872410 
0.893834 
0.915414 
0.936978 
0.958361 
0.979411 
0.999984 
1.019951 
1.039194 
1.057609 
1.075108 
1.091614 
1.107064 
1.121408 
1.134606 
1.146631 
1.157462 
1.167088 
1.175503 
1.182705 
1.188697 
1.193482 
1.197065 
1.199451 
1.200643 
1.200643 
0.700600 
0.702792 
0.707151 
0.713632 
0.722167 
0.732666 
0.745019 
0.759101 
0.774768 
0.791863 
0.810218 
0.829656 
0.849996 
0.871049 
0.892629 
0.914549 
0.936628 
0.958691 
0.980569 
1.002106 
1.023156 
1.043584 
1.063273 
1.082115 
1.100019 
1.116907 
1.132715 
1.147391 
1.160895 
1.173198 
1.184281 
1.194129 
1.202739 
1.210108 
1.216239 
1.221135 
1.224801 
1.227242 
1.228462 
1.228462 
0.717414 
0.719658 
0.724122 
0.730758 
0.739497 
0.750247 
0.762897 
0.777316 
0.793357 
0.810862 
0.829656 
0.849561 
0.870387 
0.891944 
0.914041 
0.936486 
0.959095 
0.981686 
1.004088 
1.026141 
1.047695 
1.068613 
1.088773 
1.108067 
1.126400 
1.143693 
1.159880 
1.174908 
1.188736 
1.201334 
1.212682 
1.222767 
1.231583 
1.239129 
1.245407 
1.250420 
1.254175 
1.256675 
1.257924 
1.257924 
0.735007 
0.737306 
0.741879 
0.748677 
0.757630 
0.768644 
0.781603 
0.796374 
0.812808 
0.830741 
0.849996 
0.870387 
0.891723 
0.913808 
0.936445 
0.959440 
0.982602 
1.005746 
1.028697 
1.051289 
1.073371 
1.094802 
1.115456 
1.135222 
1.154004 
1.171720 
1.188304 
1.203700 
1.217866 
1.230773 
1.242400 
1.252732 
1.261764 
1.269495 
1.275926 
1.281063 
1.284909 
1.287470 
1.288750 
1.288750 
0.753217 
0.755573 
0.760259 
0.767226 
0.776400 
0.787685 
0.800965 
0.816102 
0.832942 
0.851318 
0.871049 
0.891944 
0.913808 
0.936439 
0.959636 
0.983200 
1.006934 
1.030651 
1.054169 
1.077321 
1.099949 
1.121910 
1.143075 
1.163330 
1.182577 
1.200732 
1.217726 
1.233503 
1.248020 
1.261247 
1.273161 
1.283749 
1.293005 
1.300927 
1.307518 
1.312781 
1.316723 
1.319348 
1.320659 
1.320659 
0.771883 
0.774296 
0.779098 
0.786238 
0.795639 
0.807203 
0.820811 
0.836322 
0.853579 
0.872410 
0.892629 
0.914041 
0.936445 
0.959636 
0.983407 
1.007554 
1.031875 
1.056179 
1.080279 
1.104004 
1.127192 
1.149696 
1.171385 
1.192141 
1.211865 
1.230469 
1.247884 
1.264051 
1.278928 
1.292482 
1.304691 
1.315542 
1.325027 
1.333145 
1.339899 
1.345293 
1.349333 
1.352022 
1.353366 
1.353366 
0.790843 
0.793316 
0.798235 
0.805549 
0.815181 
0.827029 
0.840971 
0.856862 
0.874542 
0.893834 
0.914549 
0.936486 
0.959440 
0.983200 
1.007554 
1.032292 
1.057211 
1.082110 
1.106802 
1.131108 
1.154865 
1.177921 
1.200142 
1.221408 
1.241615 
1.260676 
1.278518 
1.295083 
1.310325 
1.324212 
1.336720 
1.347837 
1.357555 
1.365873 
1.372793 
1.378319 
1.382458 
1.385213 
1.386590 
1.386590 
0.809940 
0.812472 
0.817511 
0.825001 
0.834865 
0.846999 
0.861276 
0.877551 
0.895657 
0.915414 
0.936628 
0.959095 
0.982602 
1.006934 
1.031875 
1.057211 
1.082729 
1.108229 
1.133516 
1.158409 
1.182739 
1.206351 
1.229108 
1.250887 
1.271582 
1.291103 
1.309375 
1.326339 
1.341949 
1.356171 
1.368982 
1.380367 
1.390319 
1.398838 
1.405925 
1.411585 
1.415823 
1.418645 
1.420056 
1.420056 
0.829022 
0.831614 
0.836771 
0.844438 
0.854534 
0.866953 
0.881566 
0.898223 
0.916756 
0.936978 
0.958691 
0.981686 
1.005746 
1.030651 
1.056179 
1.082110 
1.108229 
1.134329 
1.160211 
1.185690 
1.210592 
1.234760 
1.258053 
1.280344 
1.301526 
1.321506 
1.340209 
1.357573 
1.373550 
1.388107 
1.401219 
1.412872 
1.423059 
1.431778 
1.439032 
1.444825 
1.449164 
1.452053 
1.453496 
1.453496 
0.847945 
0.850596 
0.855871 
0.863712 
0.874038 
0.886740 
0.901687 
0.918724 
0.937678 
0.958361 
0.980569 
1.004088 
1.028697 
1.054169 
1.080279 
1.106802 
1.133516 
1.160211 
1.186683 
1.212743 
1.238213 
1.262932 
1.286756 
1.309556 
1.331221 
1.351657 
1.370786 
1.388546 
1.404888 
1.419777 
1.433188 
1.445107 
1.455526 
1.464444 
1.471864 
1.477789 
1.482227 
1.485181 
1.486658 
1.486658 
0.866573 
0.869282 
0.874672 
0.882685 
0.893238 
0.906219 
0.921493 
0.938904 
0.958274 
0.979411 
1.002106 
1.026141 
1.051289 
1.077321 
1.104004 
1.131108 
1.158409 
1.185690 
1.212743 
1.239374 
1.265403 
1.290665 
1.315012 
1.338312 
1.360452 
1.381337 
1.400886 
1.419036 
1.435737 
1.450952 
1.464658 
1.476839 
1.487487 
1.496601 
1.504184 
1.510239 
1.514774 
1.517794 
1.519302 
1.519302 
0.884778 
0.887545 
0.893048 
0.901229 
0.912003 
0.925256 
0.940851 
0.958627 
0.978404 
0.999984 
1.023156 
1.047695 
1.073371 
1.099949 
1.127192 
1.154865 
1.182739 
1.210592 
1.238213 
1.265403 
1.291978 
1.317771 
1.342628 
1.366418 
1.389023 
1.410346 
1.430306 
1.448836 
1.465888 
1.481423 
1.495417 
1.507854 
1.518725 
1.528031 
1.535772 
1.541955 
1.546585 
1.549668 
1.551209 
1.551209 
0.902447 
0.905268 
0.910881 
0.919226 
0.930215 
0.943732 
0.959638 
0.977769 
0.997940 
1.019951 
1.043584 
1.068613 
1.094802 
1.121910 
1.149696 
1.177921 
1.206351 
1.234760 
1.262932 
1.290665 
1.317771 
1.344077 
1.369431 
1.393695 
1.416752 
1.438501 
1.458858 
1.477759 
1.495151 
1.510996 
1.525269 
1.537954 
1.549043 
1.558534 
1.566430 
1.572737 
1.577459 
1.580604 
1.582175 
1.582175 
0.919475 
0.922350 
0.928068 
0.936570 
0.947766 
0.961538 
0.977744 
0.996216 
1.016768 
1.039194 
1.063273 
1.088773 
1.115456 
1.143075 
1.171385 
1.200142 
1.229108 
1.258053 
1.286756 
1.315012 
1.342628 
1.369431 
1.395263 
1.419985 
1.443476 
1.465635 
1.486377 
1.505634 
1.523354 
1.539498 
1.554040 
1.566964 
1.578262 
1.587933 
1.595978 
1.602403 
1.607215 
1.610418 
1.612019 
1.612019 
0.935771 
0.938696 
0.944516 
0.953169 
0.964563 
0.978579 
0.995072 
1.013871 
1.034787 
1.057609 
1.082115 
1.108067 
1.135222 
1.163330 
1.192141 
1.221408 
1.250887 
1.280344 
1.309556 
1.338312 
1.366418 
1.393695 
1.419985 
1.445144 
1.469052 
1.491603 
1.512712 
1.532311 
1.550344 
1.566775 
1.581575 
1.594728 
1.606226 
1.616068 
1.624255 
1.630795 
1.635691 
1.638952 
1.640581 
1.640581 
0.951255 
0.954229 
0.960145 
0.968941 
0.980523 
0.994771 
1.011536 
1.030647 
1.051908 
1.075108 
1.100019 
1.126400 
1.154004 
1.182577 
1.211865 
1.241615 
1.271582 
1.301526 
1.331221 
1.360452 
1.389023 
1.416752 
1.443476 
1.469052 
1.493355 
1.516279 
1.537738 
1.557660 
1.575992 
1.592694 
1.607739 
1.621110 
1.632798 
1.642803 
1.651126 
1.657773 
1.662751 
1.666066 
1.667722 
1.667722 
0.965860 
0.968880 
0.974887 
0.983817 
0.995577 
1.010044 
1.027067 
1.046470 
1.068058 
1.091614 
1.116907 
1.143693 
1.171720 
1.200732 
1.230469 
1.260676 
1.291103 
1.321506 
1.351657 
1.381337 
1.410346 
1.438501 
1.465635 
1.491603 
1.516279 
1.539555 
1.561343 
1.581571 
1.600185 
1.617143 
1.632419 
1.645995 
1.657863 
1.668021 
1.676472 
1.683221 
1.688276 
1.691641 
1.693323 
1.693323 
0.979531 
0.982593 
0.988685 
0.997742 
1.009669 
1.024340 
1.041603 
1.061282 
1.083175 
1.107064 
1.132715 
1.159880 
1.188304 
1.217726 
1.247884 
1.278518 
1.309375 
1.340209 
1.370786 
1.400886 
1.430306 
1.458858 
1.486377 
1.512712 
1.537738 
1.561343 
1.583439 
1.603954 
1.622831 
1.640029 
1.655521 
1.669289 
1.681325 
1.691627 
1.700197 
1.707042 
1.712168 
1.715581 
1.717287 
1.717287 
0.992223 
0.995325 
1.001496 
1.010670 
1.022751 
1.037612 
1.055099 
1.075032 
1.097209 
1.121408 
1.147391 
1.174908 
1.203700 
1.233503 
1.264051 
1.295083 
1.326339 
1.357573 
1.388546 
1.419036 
1.448836 
1.477759 
1.505634 
1.532311 
1.557660 
1.581571 
1.603954 
1.624734 
1.643855 
1.661277 
1.676969 
1.690916 
1.703108 
1.713543 
1.722225 
1.729158 
1.734350 
1.737808 
1.739535 
1.739535 
1.003902 
1.007040 
1.013283 
1.022565 
1.034789 
1.049825 
1.067518 
1.087685 
1.110123 
1.134606 
1.160895 
1.188736 
1.217866 
1.248020 
1.278928 
1.310325 
1.341949 
1.373550 
1.404888 
1.435737 
1.465888 
1.495151 
1.523354 
1.550344 
1.575992 
1.600185 
1.622831 
1.643855 
1.663202 
1.680828 
1.696706 
1.710816 
1.723152 
1.733710 
1.742493 
1.749509 
1.754762 
1.758260 
1.760008 
1.760008 
1.014541 
1.017713 
1.024022 
1.033403 
1.045756 
1.060951 
1.078831 
1.099213 
1.121888 
1.146631 
1.173198 
1.201334 
1.230773 
1.261247 
1.292482 
1.324212 
1.356171 
1.388107 
1.419777 
1.450952 
1.481423 
1.510996 
1.539498 
1.566775 
1.592694 
1.617143 
1.640029 
1.661277 
1.680828 
1.698642 
1.714687 
1.728947 
1.741413 
1.752083 
1.760960 
1.768050 
1.773359 
1.776894 
1.778660 
1.778660 
1.024125 
1.027326 
1.033695 
1.043165 
1.055634 
1.070973 
1.089022 
1.109596 
1.132486 
1.157462 
1.184281 
1.212682 
1.242400 
1.273161 
1.304691 
1.336720 
1.368982 
1.401219 
1.433188 
1.464658 
1.495417 
1.525269 
1.554040 
1.581575 
1.607739 
1.632419 
1.655521 
1.676969 
1.696706 
1.714687 
1.730884 
1.745279 
1.757863 
1.768634 
1.777594 
1.784751 
1.790110 
1.793679 
1.795461 
1.795461 
1.032642 
1.035870 
1.042292 
1.051840 
1.064413 
1.079879 
1.098079 
1.118824 
1.141904 
1.167088 
1.194129 
1.222767 
1.252732 
1.283749 
1.315542 
1.347837 
1.380367 
1.412872 
1.445107 
1.476839 
1.507854 
1.537954 
1.566964 
1.594728 
1.621110 
1.645995 
1.669289 
1.690916 
1.710816 
1.728947 
1.745279 
1.759794 
1.772482 
1.783343 
1.792378 
1.799594 
1.804997 
1.808596 
1.810393 
1.810393 
1.040087 
1.043338 
1.049806 
1.059423 
1.072087 
1.087665 
1.105996 
1.126890 
1.150137 
1.175503 
1.202739 
1.231583 
1.261764 
1.293005 
1.325027 
1.357555 
1.390319 
1.423059 
1.455526 
1.487487 
1.518725 
1.549043 
1.578262 
1.606226 
1.632798 
1.657863 
1.681325 
1.703108 
1.723152 
1.741413 
1.757863 
1.772482 
1.785262 
1.796201 
1.805301 
1.812569 
1.818012 
1.821636 
1.823447 
1.823447 
1.046459 
1.049730 
1.056238 
1.065914 
1.078655 
1.094329 
1.112772 
1.133794 
1.157183 
1.182705 
1.210108 
1.239129 
1.269495 
1.300927 
1.333145 
1.365873 
1.398838 
1.431778 
1.464444 
1.496601 
1.528031 
1.558534 
1.587933 
1.616068 
1.642803 
1.668021 
1.691627 
1.713543 
1.733710 
1.752083 
1.768634 
1.783343 
1.796201 
1.807206 
1.816362 
1.823675 
1.829151 
1.832797 
1.834619 
1.834619 
1.051760 
1.055048 
1.061589 
1.071314 
1.084120 
1.099873 
1.118409 
1.139538 
1.163046 
1.188697 
1.216239 
1.245407 
1.275926 
1.307518 
1.339899 
1.372793 
1.405925 
1.439032 
1.471864 
1.504184 
1.535772 
1.566430 
1.595978 
1.624255 
1.651126 
1.676472 
1.700197 
1.722225 
1.742493 
1.760960 
1.777594 
1.792378 
1.805301 
1.816362 
1.825565 
1.832915 
1.838418 
1.842083 
1.843914 
1.843914 
1.055994 
1.059295 
1.065862 
1.075626 
1.088484 
1.104300 
1.122911 
1.144125 
1.167728 
1.193482 
1.221135 
1.250420 
1.281063 
1.312781 
1.345293 
1.378319 
1.411585 
1.444825 
1.477789 
1.510239 
1.541955 
1.572737 
1.602403 
1.630795 
1.657773 
1.683221 
1.707042 
1.729158 
1.749509 
1.768050 
1.784751 
1.799594 
1.812569 
1.823675 
1.832915 
1.840294 
1.845820 
1.849499 
1.851338 
1.851338 
1.059164 
1.062475 
1.069062 
1.078856 
1.091752 
1.107616 
1.126283 
1.147561 
1.171234 
1.197065 
1.224801 
1.254175 
1.284909 
1.316723 
1.349333 
1.382458 
1.415823 
1.449164 
1.482227 
1.514774 
1.546585 
1.577459 
1.607215 
1.635691 
1.662751 
1.688276 
1.712168 
1.734350 
1.754762 
1.773359 
1.790110 
1.804997 
1.818012 
1.829151 
1.838418 
1.845820 
1.851362 
1.855053 
1.856897 
1.856897 
1.061275 
1.064593 
1.071193 
1.081006 
1.093928 
1.109823 
1.128528 
1.149848 
1.173568 
1.199451 
1.227242 
1.256675 
1.287470 
1.319348 
1.352022 
1.385213 
1.418645 
1.452053 
1.485181 
1.517794 
1.549668 
1.580604 
1.610418 
1.638952 
1.666066 
1.691641 
1.715581 
1.737808 
1.758260 
1.776894 
1.793679 
1.808596 
1.821636 
1.832797 
1.842083 
1.849499 
1.855053 
1.858751 
1.860598 
1.860598 
1.062330 
1.065651 
1.072258 
1.082080 
1.095015 
1.110926 
1.129649 
1.150991 
1.174735 
1.200643 
1.228462 
1.257924 
1.288750 
1.320659 
1.353366 
1.386590 
1.420056 
1.453496 
1.486658 
1.519302 
1.551209 
1.582175 
1.612019 
1.640581 
1.667722 
1.693323 
1.717287 
1.739535 
1.760008 
1.778660 
1.795461 
1.810393 
1.823447 
1.834619 
1.843914 
1.851338 
1.856897 
1.860598 
1.862448 
1.862448 
1.062330 
1.065651 
1.072258 
1.082080 
1.095015 
1.110926 
1.129649 
1.150991 
1.174735 
1.200643 
1.228462 
1.257924 
1.288750 
1.320659 
1.353366 
1.386590 
1.420056 
1.453496 
1.486658 
1.519302 
1.551209 
1.582175 
1.612019 
1.640581 
1.667722 
1.693323 
1.717287 
1.739535 
1.760008 
1.778660 
1.795461 
1.810393 
1.823447 
1.834619 
1.843914 
1.851338 
1.856897 
1.860598 
1.862448 
1.862448 
