# z = ,(t = 2)
0.000103 
0.000129 
0.000186 
0.000280 
0.000426 
0.000640 
0.000942 
0.001359 
0.001917 
0.002646 
0.003571 
0.004716 
0.006094 
0.007706 
0.009539 
0.011560 
0.013718 
0.015946 
0.018158 
0.020261 
0.022155 
0.023746 
0.024950 
0.025701 
0.025958 
0.025706 
0.024962 
0.023768 
0.022193 
0.020325 
0.018265 
0.016119 
0.013992 
0.011982 
0.010177 
0.008648 
0.007452 
0.006633 
0.006217 
0.006217 
0.000129 
0.000162 
0.000232 
0.000351 
0.000533 
0.000799 
0.001176 
0.001695 
0.002390 
0.003296 
0.004447 
0.005870 
0.007582 
0.009584 
0.011860 
0.014368 
0.017047 
0.019811 
0.022555 
0.025162 
0.027512 
0.029485 
0.030978 
0.031909 
0.032227 
0.031915 
0.030992 
0.029512 
0.027559 
0.025243 
0.022689 
0.020027 
0.017389 
0.014896 
0.012656 
0.010759 
0.009276 
0.008259 
0.007743 
0.007743 
0.000186 
0.000232 
0.000333 
0.000502 
0.000761 
0.001141 
0.001678 
0.002417 
0.003405 
0.004693 
0.006328 
0.008347 
0.010776 
0.013615 
0.016840 
0.020395 
0.024189 
0.028102 
0.031987 
0.035677 
0.039002 
0.041793 
0.043906 
0.045223 
0.045673 
0.045232 
0.043926 
0.041832 
0.039070 
0.035794 
0.032179 
0.028412 
0.024678 
0.021149 
0.017978 
0.015292 
0.013192 
0.011752 
0.011020 
0.011020 
0.000280 
0.000351 
0.000502 
0.000756 
0.001145 
0.001715 
0.002520 
0.003626 
0.005105 
0.007031 
0.009474 
0.012492 
0.016118 
0.020355 
0.025166 
0.030466 
0.036123 
0.041955 
0.047743 
0.053241 
0.058193 
0.062351 
0.065496 
0.067458 
0.068129 
0.067472 
0.065527 
0.062410 
0.058296 
0.053417 
0.048033 
0.042422 
0.036860 
0.031601 
0.026875 
0.022872 
0.019742 
0.017596 
0.016505 
0.016505 
0.000426 
0.000533 
0.000761 
0.001145 
0.001734 
0.002594 
0.003808 
0.005476 
0.007705 
0.010607 
0.014285 
0.018824 
0.024278 
0.030648 
0.037877 
0.045840 
0.054335 
0.063092 
0.071781 
0.080033 
0.087464 
0.093703 
0.098423 
0.101367 
0.102373 
0.101387 
0.098471 
0.093793 
0.087622 
0.080300 
0.072221 
0.063801 
0.055451 
0.047558 
0.040463 
0.034452 
0.029752 
0.026528 
0.024890 
0.024890 
0.000640 
0.000799 
0.001141 
0.001715 
0.002594 
0.003877 
0.005689 
0.008176 
0.011497 
0.015817 
0.021292 
0.028047 
0.036157 
0.045627 
0.056372 
0.068203 
0.080821 
0.093826 
0.106728 
0.118979 
0.130010 
0.139270 
0.146275 
0.150644 
0.152137 
0.150675 
0.146347 
0.139405 
0.130247 
0.119380 
0.107388 
0.094888 
0.082492 
0.070773 
0.060237 
0.051310 
0.044329 
0.039542 
0.037108 
0.037108 
0.000942 
0.001176 
0.001678 
0.002520 
0.003808 
0.005689 
0.008343 
0.011983 
0.016842 
0.023160 
0.031163 
0.041032 
0.052877 
0.066705 
0.082389 
0.099654 
0.118064 
0.137034 
0.155850 
0.173716 
0.189799 
0.203300 
0.213512 
0.219881 
0.222058 
0.219927 
0.213618 
0.203499 
0.190148 
0.174305 
0.156821 
0.138595 
0.120519 
0.103427 
0.088060 
0.075039 
0.064855 
0.057871 
0.054321 
0.054321 
0.001359 
0.001695 
0.002417 
0.003626 
0.005476 
0.008176 
0.011983 
0.017201 
0.024165 
0.033216 
0.044674 
0.058801 
0.075751 
0.095531 
0.117961 
0.142644 
0.168960 
0.196071 
0.222959 
0.248485 
0.271462 
0.290748 
0.305335 
0.314433 
0.317543 
0.314499 
0.305489 
0.291036 
0.271966 
0.249335 
0.224358 
0.198320 
0.172493 
0.148070 
0.126109 
0.107499 
0.092945 
0.082962 
0.077887 
0.077887 
0.001917 
0.002390 
0.003405 
0.005105 
0.007705 
0.011497 
0.016842 
0.024165 
0.033932 
0.046622 
0.062683 
0.082476 
0.106217 
0.133914 
0.165315 
0.199863 
0.236688 
0.274619 
0.312234 
0.347938 
0.380074 
0.407046 
0.427444 
0.440167 
0.444516 
0.440261 
0.427661 
0.407452 
0.380785 
0.349137 
0.314206 
0.277787 
0.241661 
0.207496 
0.176773 
0.150736 
0.130371 
0.116402 
0.109302 
0.109302 
0.002646 
0.003296 
0.004693 
0.007031 
0.010607 
0.015817 
0.023160 
0.033216 
0.046622 
0.064035 
0.086064 
0.113204 
0.145748 
0.183707 
0.226730 
0.274056 
0.324492 
0.376435 
0.427937 
0.476819 
0.520812 
0.557732 
0.585653 
0.603068 
0.609021 
0.603197 
0.585954 
0.558294 
0.521793 
0.478473 
0.430656 
0.380799 
0.331340 
0.284563 
0.242494 
0.206839 
0.178950 
0.159819 
0.150094 
0.150094 
0.003571 
0.004447 
0.006328 
0.009474 
0.014285 
0.021292 
0.031163 
0.044674 
0.062683 
0.086064 
0.115635 
0.152056 
0.195718 
0.246631 
0.304325 
0.367778 
0.435390 
0.505011 
0.574034 
0.639537 
0.698485 
0.747953 
0.785361 
0.808692 
0.816669 
0.808868 
0.785767 
0.748711 
0.699809 
0.641770 
0.577701 
0.510894 
0.444616 
0.381927 
0.325545 
0.277756 
0.240373 
0.214728 
0.201693 
0.201693 
0.004716 
0.005870 
0.008347 
0.012492 
0.018824 
0.028047 
0.041032 
0.058801 
0.082476 
0.113204 
0.152056 
0.199895 
0.257231 
0.324075 
0.399806 
0.483083 
0.571804 
0.663151 
0.753702 
0.839628 
0.916949 
0.981832 
1.030894 
1.061494 
1.071955 
1.061726 
1.031431 
0.982834 
0.918699 
0.842576 
0.758541 
0.670911 
0.583969 
0.501729 
0.427758 
0.365057 
0.316006 
0.282356 
0.265251 
0.265251 
0.006094 
0.007582 
0.010776 
0.016118 
0.024278 
0.036157 
0.052877 
0.075751 
0.106217 
0.145748 
0.195718 
0.257231 
0.330940 
0.416854 
0.514175 
0.621175 
0.735155 
0.852494 
0.968799 
1.079154 
1.178452 
1.261771 
1.324772 
1.364064 
1.377498 
1.364364 
1.325466 
1.263067 
1.180713 
1.082963 
0.975048 
0.862510 
0.750849 
0.645221 
0.550208 
0.469667 
0.406657 
0.363429 
0.341454 
0.341454 
0.007706 
0.009584 
0.013615 
0.020355 
0.030648 
0.045627 
0.066705 
0.095531 
0.133914 
0.183707 
0.246631 
0.324075 
0.416854 
0.524978 
0.647437 
0.782057 
0.925440 
1.073034 
1.219312 
1.358098 
1.482968 
1.587741 
1.666961 
1.716368 
1.733261 
1.716748 
1.667840 
1.589381 
1.485829 
1.362913 
1.227210 
1.085686 
0.945258 
0.812411 
0.692908 
0.591601 
0.512342 
0.457966 
0.430323 
0.430323 
0.009539 
0.011860 
0.016840 
0.025166 
0.037877 
0.056372 
0.082389 
0.117961 
0.165315 
0.226730 
0.304325 
0.399806 
0.514175 
0.647437 
0.798346 
0.964219 
1.140871 
1.322692 
1.502879 
1.673823 
1.827621 
1.956658 
2.054223 
2.115070 
2.135875 
2.115541 
2.055312 
1.958690 
1.831162 
1.679782 
1.512649 
1.338339 
1.165371 
1.001733 
0.854524 
0.729725 
0.632082 
0.565092 
0.531036 
0.531036 
0.011560 
0.014368 
0.020395 
0.030466 
0.045840 
0.068203 
0.099654 
0.142644 
0.199863 
0.274056 
0.367778 
0.483083 
0.621175 
0.782057 
0.964219 
1.164422 
1.377614 
1.597024 
1.814448 
2.020706 
2.206265 
2.361945 
2.479652 
2.553059 
2.578160 
2.553630 
2.480973 
2.364409 
2.210558 
2.027926 
1.826282 
1.615972 
1.407272 
1.209820 
1.032186 
0.881587 
0.763755 
0.682911 
0.641811 
0.641811 
0.013718 
0.017047 
0.024189 
0.036123 
0.054335 
0.080821 
0.118064 
0.168960 
0.236688 
0.324492 
0.435390 
0.571804 
0.735155 
0.925440 
1.140871 
1.377614 
1.629694 
1.889108 
2.146155 
2.389990 
2.609345 
2.793373 
2.932510 
3.019281 
3.048951 
3.019959 
2.934078 
2.796298 
2.614440 
2.398558 
2.160193 
1.911578 
1.664856 
1.431424 
1.221412 
1.043357 
0.904039 
0.808451 
0.759854 
0.759854 
0.015946 
0.019811 
0.028102 
0.041955 
0.063092 
0.093826 
0.137034 
0.196071 
0.274619 
0.376435 
0.505011 
0.663151 
0.852494 
1.073034 
1.322692 
1.597024 
1.889108 
2.189669 
2.487472 
2.769954 
3.024067 
3.237248 
3.398424 
3.498938 
3.533309 
3.499727 
3.400248 
3.240650 
3.029990 
2.779911 
2.503783 
2.215771 
1.929945 
1.659505 
1.416191 
1.209895 
1.048476 
0.937722 
0.881415 
0.881415 
0.018158 
0.022555 
0.031987 
0.047743 
0.071781 
0.106728 
0.155850 
0.222959 
0.312234 
0.427937 
0.574034 
0.753702 
0.968799 
1.219312 
1.502879 
1.814448 
2.146155 
2.487472 
2.825640 
3.146397 
3.434933 
3.676986 
3.859988 
3.974112 
4.013137 
3.975011 
3.862066 
3.680861 
3.441678 
3.157736 
2.844208 
2.517180 
2.192624 
1.885532 
1.609234 
1.374967 
1.191656 
1.065880 
1.001935 
1.001935 
0.020261 
0.025162 
0.035677 
0.053241 
0.080033 
0.118979 
0.173716 
0.248485 
0.347938 
0.476819 
0.639537 
0.839628 
1.079154 
1.358098 
1.673823 
2.020706 
2.389990 
2.769954 
3.146397 
3.503448 
3.824623 
4.094051 
4.297746 
4.424775 
4.468213 
4.425779 
4.300066 
4.098376 
3.832150 
3.516098 
3.167111 
2.803087 
2.441808 
2.099961 
1.792386 
1.531594 
1.327525 
1.187504 
1.116315 
1.116315 
0.022155 
0.027512 
0.039002 
0.058193 
0.087464 
0.130010 
0.189799 
0.271462 
0.380074 
0.520812 
0.698485 
0.916949 
1.178452 
1.482968 
1.827621 
2.206265 
2.609345 
3.024067 
3.434933 
3.824623 
4.175149 
4.469195 
4.691499 
4.830132 
4.877539 
4.831230 
4.694037 
4.473925 
4.183381 
3.838455 
3.457578 
3.060285 
2.665982 
2.292878 
1.957174 
1.672528 
1.449789 
1.296955 
1.219253 
1.219253 
0.023746 
0.029485 
0.041793 
0.062351 
0.093703 
0.139270 
0.203300 
0.290748 
0.407046 
0.557732 
0.747953 
0.981832 
1.261771 
1.587741 
1.956658 
2.361945 
2.793373 
3.237248 
3.676986 
4.094051 
4.469195 
4.783889 
5.021801 
5.170166 
5.220901 
5.171343 
5.024522 
4.788960 
4.478019 
4.108876 
3.701254 
3.276058 
2.854055 
2.454735 
2.095439 
1.790783 
1.552385 
1.388805 
1.305638 
1.305638 
0.024950 
0.030978 
0.043906 
0.065496 
0.098423 
0.146275 
0.213512 
0.305335 
0.427444 
0.585653 
0.785361 
1.030894 
1.324772 
1.666961 
2.054223 
2.479652 
2.932510 
3.398424 
3.859988 
4.297746 
4.691499 
5.021801 
5.271510 
5.427232 
5.480484 
5.428469 
5.274369 
5.027129 
4.700771 
4.313322 
3.885483 
3.439194 
2.996252 
2.577115 
2.199984 
1.880203 
1.629966 
1.458262 
1.370964 
1.370964 
0.025701 
0.031909 
0.045223 
0.067458 
0.101367 
0.150644 
0.219881 
0.314433 
0.440167 
0.603068 
0.808692 
1.061494 
1.364064 
1.716368 
2.115070 
2.553059 
3.019281 
3.498938 
3.974112 
4.424775 
4.830132 
5.170166 
5.427232 
5.587541 
5.642362 
5.588816 
5.430177 
5.175655 
4.839683 
4.440819 
4.000373 
3.540931 
3.084932 
2.653437 
2.265184 
1.935971 
1.678352 
1.501582 
1.411709 
1.411709 
0.025958 
0.032227 
0.045673 
0.068129 
0.102373 
0.152137 
0.222058 
0.317543 
0.444516 
0.609021 
0.816669 
1.071955 
1.377498 
1.733261 
2.135875 
2.578160 
3.048951 
3.533309 
4.013137 
4.468213 
4.877539 
5.220901 
5.480484 
5.642362 
5.697720 
5.643650 
5.483459 
5.226446 
4.887186 
4.484418 
4.039660 
3.575719 
3.115254 
2.679533 
2.287477 
1.955038 
1.694894 
1.516392 
1.425638 
1.425638 
0.025706 
0.031915 
0.045232 
0.067472 
0.101387 
0.150675 
0.219927 
0.314499 
0.440261 
0.603197 
0.808868 
1.061726 
1.364364 
1.716748 
2.115541 
2.553630 
3.019959 
3.499727 
3.975011 
4.425779 
4.831230 
5.171343 
5.428469 
5.588816 
5.643650 
5.590091 
5.431416 
5.176833 
4.840783 
4.441826 
4.001278 
3.541728 
3.085623 
2.654028 
2.265686 
1.936396 
1.678718 
1.501908 
1.412014 
1.412014 
0.024962 
0.030992 
0.043926 
0.065527 
0.098471 
0.146347 
0.213618 
0.305489 
0.427661 
0.585954 
0.785767 
1.031431 
1.325466 
1.667840 
2.055312 
2.480973 
2.934078 
3.400248 
3.862066 
4.300066 
4.694037 
5.024522 
5.274369 
5.430177 
5.483459 
5.431416 
5.277230 
5.029852 
4.703313 
4.315650 
3.887574 
3.441037 
2.997851 
2.578483 
2.201144 
1.881188 
1.630814 
1.459016 
1.371671 
1.371671 
0.023768 
0.029512 
0.041832 
0.062410 
0.093793 
0.139405 
0.203499 
0.291036 
0.407452 
0.558294 
0.748711 
0.982834 
1.263067 
1.589381 
1.958690 
2.364409 
2.796298 
3.240650 
3.680861 
4.098376 
4.473925 
4.788960 
5.027129 
5.175655 
5.226446 
5.176833 
5.029852 
4.794035 
4.482757 
4.113214 
3.705152 
3.279496 
2.857037 
2.457288 
2.097605 
1.792623 
1.553969 
1.390214 
1.306958 
1.306958 
0.022193 
0.027559 
0.039070 
0.058296 
0.087622 
0.130247 
0.190148 
0.271966 
0.380785 
0.521793 
0.699809 
0.918699 
1.180713 
1.485829 
1.831162 
2.210558 
2.614440 
3.029990 
3.441678 
3.832150 
4.183381 
4.478019 
4.700771 
4.839683 
4.887186 
4.840783 
4.703313 
4.482757 
4.191627 
3.846006 
3.464363 
3.066272 
2.671178 
2.297327 
1.960952 
1.675737 
1.452554 
1.299416 
1.221558 
1.221558 
0.020325 
0.025243 
0.035794 
0.053417 
0.080300 
0.119380 
0.174305 
0.249335 
0.349137 
0.478473 
0.641770 
0.842576 
1.082963 
1.362913 
1.679782 
2.027926 
2.398558 
2.779911 
3.157736 
3.516098 
3.838455 
4.108876 
4.313322 
4.440819 
4.484418 
4.441826 
4.315650 
4.113214 
3.846006 
3.528789 
3.178516 
2.813153 
2.450548 
2.107446 
1.798744 
1.536998 
1.332184 
1.191651 
1.120202 
1.120202 
0.018265 
0.022689 
0.032179 
0.048033 
0.072221 
0.107388 
0.156821 
0.224358 
0.314206 
0.430656 
0.577701 
0.758541 
0.975048 
1.227210 
1.512649 
1.826282 
2.160193 
2.503783 
2.844208 
3.167111 
3.457578 
3.701254 
3.885483 
4.000373 
4.039660 
4.001278 
3.887574 
3.705152 
3.464363 
3.178516 
2.862888 
2.533671 
2.206945 
1.897802 
1.619662 
1.383834 
1.199304 
1.072691 
1.008321 
1.008321 
0.016119 
0.020027 
0.028412 
0.042422 
0.063801 
0.094888 
0.138595 
0.198320 
0.277787 
0.380799 
0.510894 
0.670911 
0.862510 
1.085686 
1.338339 
1.615972 
1.911578 
2.215771 
2.517180 
2.803087 
3.060285 
3.276058 
3.439194 
3.540931 
3.575719 
3.541728 
3.441037 
3.279496 
3.066272 
2.813153 
2.533671 
2.242163 
1.952870 
1.679155 
1.432897 
1.224108 
1.060739 
0.948649 
0.891662 
0.891662 
0.013992 
0.017389 
0.024678 
0.036860 
0.055451 
0.082492 
0.120519 
0.172493 
0.241661 
0.331340 
0.444616 
0.583969 
0.750849 
0.945258 
1.165371 
1.407272 
1.664856 
1.929945 
2.192624 
2.441808 
2.665982 
2.854055 
2.996252 
3.084932 
3.115254 
3.085623 
2.997851 
2.857037 
2.671178 
2.450548 
2.206945 
1.952870 
1.700737 
1.462188 
1.247577 
1.065627 
0.923263 
0.825587 
0.775929 
0.775929 
0.011982 
0.014896 
0.021149 
0.031601 
0.047558 
0.070773 
0.103427 
0.148070 
0.207496 
0.284563 
0.381927 
0.501729 
0.645221 
0.812411 
1.001733 
1.209820 
1.431424 
1.659505 
1.885532 
2.099961 
2.292878 
2.454735 
2.577115 
2.653437 
2.679533 
2.654028 
2.578483 
2.457288 
2.297327 
2.107446 
1.897802 
1.679155 
1.462188 
1.256921 
1.072261 
0.915710 
0.793224 
0.709189 
0.666467 
0.666467 
0.010177 
0.012656 
0.017978 
0.026875 
0.040463 
0.060237 
0.088060 
0.126109 
0.176773 
0.242494 
0.325545 
0.427758 
0.550208 
0.692908 
0.854524 
1.032186 
1.221412 
1.416191 
1.609234 
1.792386 
1.957174 
2.095439 
2.199984 
2.265184 
2.287477 
2.265686 
2.201144 
2.097605 
1.960952 
1.798744 
1.619662 
1.432897 
1.247577 
1.072261 
0.914554 
0.780859 
0.676261 
0.604500 
0.568019 
0.568019 
0.008648 
0.010759 
0.015292 
0.022872 
0.034452 
0.051310 
0.075039 
0.107499 
0.150736 
0.206839 
0.277756 
0.365057 
0.469667 
0.591601 
0.729725 
0.881587 
1.043357 
1.209895 
1.374967 
1.531594 
1.672528 
1.790783 
1.880203 
1.935971 
1.955038 
1.936396 
1.881188 
1.792623 
1.675737 
1.536998 
1.383834 
1.224108 
1.065627 
0.915710 
0.780859 
0.666548 
0.577118 
0.515767 
0.484578 
0.484578 
0.007452 
0.009276 
0.013192 
0.019742 
0.029752 
0.044329 
0.064855 
0.092945 
0.130371 
0.178950 
0.240373 
0.316006 
0.406657 
0.512342 
0.632082 
0.763755 
0.904039 
1.048476 
1.191656 
1.327525 
1.449789 
1.552385 
1.629966 
1.678352 
1.694894 
1.678718 
1.630814 
1.553969 
1.452554 
1.332184 
1.199304 
1.060739 
0.923263 
0.793224 
0.676261 
0.577118 
0.499560 
0.446355 
0.419308 
0.419308 
0.006633 
0.008259 
0.011752 
0.017596 
0.026528 
0.039542 
0.057871 
0.082962 
0.116402 
0.159819 
0.214728 
0.282356 
0.363429 
0.457966 
0.565092 
0.682911 
0.808451 
0.937722 
1.065880 
1.187504 
1.296955 
1.388805 
1.458262 
1.501582 
1.516392 
1.501908 
1.459016 
1.390214 
1.299416 
1.191651 
1.072691 
0.948649 
0.825587 
0.709189 
0.604500 
0.515767 
0.446355 
0.398739 
0.374534 
0.374534 
0.006217 
0.007743 
0.011020 
0.016505 
0.024890 
0.037108 
0.054321 
0.077887 
0.109302 
0.150094 
0.201693 
0.265251 
0.341454 
0.430323 
0.531036 
0.641811 
0.759854 
0.881415 
1.001935 
1.116315 
1.219253 
1.305638 
1.370964 
1.411709 
1.425638 
1.412014 
1.371671 
1.306958 
1.221558 
1.120202 
1.008321 
0.891662 
0.775929 
0.666467 
0.568019 
0.484578 
0.419308 
0.374534 
0.351775 
0.351775 
0.006217 
0.007743 
0.011020 
0.016505 
0.024890 
0.037108 
0.054321 
0.077887 
0.109302 
0.150094 
0.201693 
0.265251 
0.341454 
0.430323 
0.531036 
0.641811 
0.759854 
0.881415 
1.001935 
1.116315 
1.219253 
1.305638 
1.370964 
1.411709 
1.425638 
1.412014 
1.371671 
1.306958 
1.221558 
1.120202 
1.008321 
0.891662 
0.775929 
0.666467 
0.568019 
0.484578 
0.419308 
0.374534 
0.351775 
0.351775 
