# z = ,(t = 8)
0.200093 
0.203088 
0.209038 
0.217869 
0.229467 
0.243682 
0.260327 
0.279180 
0.299986 
0.322462 
0.346293 
0.371146 
0.396667 
0.422491 
0.448250 
0.473575 
0.498113 
0.521526 
0.543507 
0.563781 
0.582122 
0.598349 
0.612339 
0.624028 
0.633412 
0.640547 
0.645550 
0.648589 
0.649883 
0.649688 
0.648291 
0.645999 
0.643124 
0.639976 
0.636844 
0.633993 
0.631646 
0.629980 
0.629116 
0.629116 
0.203088 
0.206126 
0.212165 
0.221128 
0.232898 
0.247324 
0.264217 
0.283350 
0.304466 
0.327276 
0.351462 
0.376684 
0.402584 
0.428792 
0.454934 
0.480636 
0.505539 
0.529300 
0.551607 
0.572184 
0.590797 
0.607266 
0.621465 
0.633328 
0.642852 
0.650094 
0.655172 
0.658257 
0.659571 
0.659374 
0.657957 
0.655632 
0.652715 
0.649521 
0.646344 
0.643451 
0.641069 
0.639379 
0.638502 
0.638502 
0.209038 
0.212165 
0.218380 
0.227604 
0.239717 
0.254563 
0.271947 
0.291638 
0.313369 
0.336843 
0.361733 
0.387689 
0.414344 
0.441315 
0.468217 
0.494668 
0.520296 
0.544749 
0.567706 
0.588882 
0.608038 
0.624987 
0.639600 
0.651810 
0.661612 
0.669066 
0.674294 
0.677470 
0.678824 
0.678623 
0.677167 
0.674776 
0.671776 
0.668490 
0.665222 
0.662246 
0.659796 
0.658057 
0.657155 
0.657155 
0.217869 
0.221128 
0.227604 
0.237214 
0.249837 
0.265306 
0.283420 
0.303938 
0.326581 
0.351040 
0.376975 
0.404022 
0.431795 
0.459899 
0.487931 
0.515492 
0.542196 
0.567676 
0.591597 
0.613663 
0.633624 
0.651285 
0.666513 
0.679237 
0.689453 
0.697222 
0.702671 
0.705984 
0.707397 
0.707190 
0.705676 
0.703187 
0.700063 
0.696642 
0.693238 
0.690139 
0.687588 
0.685776 
0.684837 
0.684837 
0.229467 
0.232898 
0.239717 
0.249837 
0.263127 
0.279415 
0.298488 
0.320091 
0.343933 
0.369687 
0.396994 
0.425472 
0.454715 
0.484305 
0.513821 
0.542841 
0.570958 
0.597786 
0.622974 
0.646208 
0.667226 
0.685823 
0.701858 
0.715258 
0.726016 
0.734199 
0.739939 
0.743430 
0.744922 
0.744707 
0.743116 
0.740499 
0.737213 
0.733614 
0.730033 
0.726772 
0.724087 
0.722181 
0.721192 
0.721192 
0.243682 
0.247324 
0.254563 
0.265306 
0.279415 
0.296707 
0.316955 
0.339889 
0.365199 
0.392539 
0.421529 
0.451760 
0.482804 
0.514218 
0.545551 
0.576358 
0.606207 
0.634689 
0.661428 
0.686094 
0.708408 
0.728152 
0.745177 
0.759404 
0.770827 
0.779518 
0.785615 
0.789324 
0.790911 
0.790688 
0.789003 
0.786228 
0.782744 
0.778926 
0.775127 
0.771668 
0.768820 
0.766798 
0.765749 
0.765749 
0.260327 
0.264217 
0.271947 
0.283420 
0.298488 
0.316955 
0.338578 
0.363071 
0.390101 
0.419298 
0.450257 
0.482542 
0.515695 
0.549243 
0.582705 
0.615605 
0.647482 
0.677899 
0.706455 
0.732798 
0.756629 
0.777716 
0.795899 
0.811095 
0.823298 
0.832582 
0.839097 
0.843062 
0.844761 
0.844527 
0.842732 
0.839773 
0.836056 
0.831983 
0.827929 
0.824238 
0.821199 
0.819041 
0.817921 
0.817921 
0.279180 
0.283350 
0.291638 
0.303938 
0.320091 
0.339889 
0.363071 
0.389328 
0.418305 
0.449607 
0.482796 
0.517408 
0.552950 
0.588914 
0.624787 
0.660058 
0.694232 
0.726840 
0.757455 
0.785696 
0.811246 
0.833854 
0.853350 
0.869643 
0.882728 
0.892685 
0.899673 
0.903929 
0.905755 
0.905508 
0.903588 
0.900420 
0.896441 
0.892078 
0.887736 
0.883782 
0.880526 
0.878214 
0.877014 
0.877014 
0.299986 
0.304466 
0.313369 
0.326581 
0.343933 
0.365199 
0.390101 
0.418305 
0.449432 
0.483055 
0.518707 
0.555885 
0.594063 
0.632695 
0.671229 
0.709116 
0.745824 
0.780852 
0.813738 
0.844075 
0.871521 
0.895808 
0.916752 
0.934256 
0.948315 
0.959014 
0.966525 
0.971101 
0.973067 
0.972806 
0.970749 
0.967351 
0.963081 
0.958399 
0.953739 
0.949494 
0.945999 
0.943517 
0.942230 
0.942230 
0.322462 
0.327276 
0.336843 
0.351040 
0.369687 
0.392539 
0.419298 
0.449607 
0.483055 
0.519186 
0.557497 
0.597448 
0.638473 
0.679986 
0.721394 
0.762106 
0.801553 
0.839194 
0.874533 
0.907134 
0.936628 
0.962728 
0.985237 
1.004049 
1.019160 
1.030660 
1.038735 
1.043657 
1.045775 
1.045500 
1.043294 
1.039648 
1.035064 
1.030036 
1.025033 
1.020475 
1.016722 
1.014057 
1.012674 
1.012674 
0.346293 
0.351462 
0.361733 
0.376975 
0.396994 
0.421529 
0.450257 
0.482796 
0.518707 
0.557497 
0.598626 
0.641518 
0.685562 
0.730130 
0.774585 
0.818293 
0.860643 
0.901055 
0.938995 
0.973996 
1.005662 
1.033685 
1.057852 
1.078052 
1.094278 
1.106629 
1.115302 
1.120591 
1.122869 
1.122579 
1.120216 
1.116306 
1.111389 
1.105996 
1.100628 
1.095738 
1.091711 
1.088851 
1.087368 
1.087368 
0.371146 
0.376684 
0.387689 
0.404022 
0.425472 
0.451760 
0.482542 
0.517408 
0.555885 
0.597448 
0.641518 
0.687475 
0.734668 
0.782422 
0.830054 
0.876887 
0.922264 
0.965565 
1.006218 
1.043722 
1.077653 
1.107681 
1.133577 
1.155224 
1.172613 
1.185850 
1.195148 
1.200819 
1.203264 
1.202959 
1.200431 
1.196247 
1.190983 
1.185209 
1.179461 
1.174224 
1.169912 
1.166849 
1.165261 
1.165261 
0.396667 
0.402584 
0.414344 
0.431795 
0.454715 
0.482804 
0.515695 
0.552950 
0.594063 
0.638473 
0.685562 
0.734668 
0.785093 
0.836118 
0.887014 
0.937055 
0.985541 
1.031808 
1.075247 
1.115321 
1.151578 
1.183664 
1.211338 
1.234470 
1.253053 
1.267201 
1.277139 
1.283203 
1.285820 
1.285498 
1.282803 
1.278336 
1.272716 
1.266550 
1.260412 
1.254819 
1.250214 
1.246944 
1.245247 
1.245247 
0.422491 
0.428792 
0.441315 
0.459899 
0.484305 
0.514218 
0.549243 
0.588914 
0.632695 
0.679986 
0.730130 
0.782422 
0.836118 
0.890454 
0.944651 
0.997939 
1.049571 
1.098839 
1.145097 
1.187772 
1.226382 
1.260552 
1.290022 
1.314658 
1.334450 
1.349518 
1.360105 
1.366566 
1.369358 
1.369020 
1.366153 
1.361402 
1.355421 
1.348859 
1.342326 
1.336373 
1.331471 
1.327990 
1.326184 
1.326184 
0.448250 
0.454934 
0.468217 
0.487931 
0.513821 
0.545551 
0.582705 
0.624787 
0.671229 
0.721394 
0.774585 
0.830054 
0.887014 
0.944651 
1.002141 
1.058668 
1.113437 
1.165700 
1.214770 
1.260038 
1.300996 
1.337244 
1.368507 
1.394642 
1.415640 
1.431627 
1.442860 
1.449718 
1.452683 
1.452328 
1.449292 
1.444256 
1.437916 
1.430958 
1.424031 
1.417720 
1.412522 
1.408831 
1.406916 
1.406916 
0.473575 
0.480636 
0.494668 
0.515492 
0.542841 
0.576358 
0.615605 
0.660058 
0.709116 
0.762106 
0.818293 
0.876887 
0.937055 
0.997939 
1.058668 
1.118378 
1.176233 
1.231440 
1.283274 
1.331093 
1.374359 
1.412650 
1.445676 
1.473285 
1.495468 
1.512359 
1.524228 
1.531476 
1.534612 
1.534240 
1.531037 
1.525720 
1.519027 
1.511681 
1.504366 
1.497702 
1.492213 
1.488315 
1.486293 
1.486293 
0.498113 
0.505539 
0.520296 
0.542196 
0.570958 
0.606207 
0.647482 
0.694232 
0.745824 
0.801553 
0.860643 
0.922264 
0.985541 
1.049571 
1.113437 
1.176233 
1.237077 
1.295137 
1.349650 
1.399940 
1.445442 
1.485713 
1.520447 
1.549485 
1.572816 
1.590582 
1.603068 
1.610692 
1.613994 
1.613607 
1.610241 
1.604653 
1.597617 
1.589894 
1.582204 
1.575198 
1.569427 
1.565329 
1.563203 
1.563203 
0.521526 
0.529300 
0.544749 
0.567676 
0.597786 
0.634689 
0.677899 
0.726840 
0.780852 
0.839194 
0.901055 
0.965565 
1.031808 
1.098839 
1.165700 
1.231440 
1.295137 
1.355919 
1.412988 
1.465637 
1.513273 
1.555434 
1.591798 
1.622198 
1.646625 
1.665226 
1.678300 
1.686285 
1.689743 
1.689341 
1.685821 
1.679974 
1.672610 
1.664528 
1.656480 
1.649146 
1.643107 
1.638817 
1.636592 
1.636592 
0.543507 
0.551607 
0.567706 
0.591597 
0.622974 
0.661428 
0.706455 
0.757455 
0.813738 
0.874533 
0.938995 
1.006218 
1.075247 
1.145097 
1.214770 
1.283274 
1.349650 
1.412988 
1.472457 
1.527320 
1.576961 
1.620895 
1.658789 
1.690469 
1.715925 
1.735310 
1.748935 
1.757258 
1.760865 
1.760448 
1.756782 
1.750691 
1.743020 
1.734600 
1.726216 
1.718575 
1.712283 
1.707814 
1.705496 
1.705496 
0.563781 
0.572184 
0.588882 
0.613663 
0.646208 
0.686094 
0.732798 
0.785696 
0.844075 
0.907134 
0.973996 
1.043722 
1.115321 
1.187772 
1.260038 
1.331093 
1.399940 
1.465637 
1.527320 
1.584227 
1.635716 
1.681286 
1.720592 
1.753453 
1.779858 
1.799966 
1.814101 
1.822735 
1.826478 
1.826047 
1.822247 
1.815931 
1.807976 
1.799244 
1.790549 
1.782626 
1.776100 
1.771465 
1.769061 
1.769061 
0.582122 
0.590797 
0.608038 
0.633624 
0.667226 
0.708408 
0.756629 
0.811246 
0.871521 
0.936628 
1.005662 
1.077653 
1.151578 
1.226382 
1.300996 
1.374359 
1.445442 
1.513273 
1.576961 
1.635716 
1.688878 
1.735929 
1.776512 
1.810441 
1.837705 
1.858467 
1.873062 
1.881978 
1.885844 
1.885401 
1.881478 
1.874958 
1.866746 
1.857732 
1.848755 
1.840575 
1.833838 
1.829053 
1.826571 
1.826571 
0.598349 
0.607266 
0.624987 
0.651285 
0.685823 
0.728152 
0.777716 
0.833854 
0.895808 
0.962728 
1.033685 
1.107681 
1.183664 
1.260552 
1.337244 
1.412650 
1.485713 
1.555434 
1.620895 
1.681286 
1.735929 
1.784291 
1.826005 
1.860879 
1.888903 
1.910244 
1.925245 
1.934411 
1.938384 
1.937930 
1.933898 
1.927198 
1.918758 
1.909493 
1.900267 
1.891860 
1.884935 
1.880018 
1.877467 
1.877467 
0.612339 
0.621465 
0.639600 
0.666513 
0.701858 
0.745177 
0.795899 
0.853350 
0.916752 
0.985237 
1.057852 
1.133577 
1.211338 
1.290022 
1.368507 
1.445676 
1.520447 
1.591798 
1.658789 
1.720592 
1.776512 
1.826005 
1.868694 
1.904384 
1.933062 
1.954903 
1.970255 
1.979634 
1.983701 
1.983236 
1.979111 
1.972254 
1.963617 
1.954135 
1.944694 
1.936090 
1.929004 
1.923971 
1.921361 
1.921361 
0.624028 
0.633328 
0.651810 
0.679237 
0.715258 
0.759404 
0.811095 
0.869643 
0.934256 
1.004049 
1.078052 
1.155224 
1.234470 
1.314658 
1.394642 
1.473285 
1.549485 
1.622198 
1.690469 
1.753453 
1.810441 
1.860879 
1.904384 
1.940755 
1.969981 
1.992238 
2.007884 
2.017442 
2.021586 
2.021112 
2.016907 
2.009919 
2.001116 
1.991453 
1.981831 
1.973062 
1.965841 
1.960711 
1.958051 
1.958051 
0.633412 
0.642852 
0.661612 
0.689453 
0.726016 
0.770827 
0.823298 
0.882728 
0.948315 
1.019160 
1.094278 
1.172613 
1.253053 
1.334450 
1.415640 
1.495468 
1.572816 
1.646625 
1.715925 
1.779858 
1.837705 
1.888903 
1.933062 
1.969981 
1.999647 
2.022239 
2.038119 
2.047820 
2.052026 
2.051543 
2.047274 
2.040180 
2.031243 
2.021434 
2.011666 
2.002764 
1.995433 
1.990227 
1.987526 
1.987526 
0.640547 
0.650094 
0.669066 
0.697222 
0.734199 
0.779518 
0.832582 
0.892685 
0.959014 
1.030660 
1.106629 
1.185850 
1.267201 
1.349518 
1.431627 
1.512359 
1.590582 
1.665226 
1.735310 
1.799966 
1.858467 
1.910244 
1.954903 
1.992238 
2.022239 
2.045085 
2.061144 
2.070953 
2.075205 
2.074715 
2.070396 
2.063220 
2.054181 
2.044259 
2.034379 
2.025376 
2.017961 
2.012695 
2.009963 
2.009963 
0.645550 
0.655172 
0.674294 
0.702671 
0.739939 
0.785615 
0.839097 
0.899673 
0.966525 
1.038735 
1.115302 
1.195148 
1.277139 
1.360105 
1.442860 
1.524228 
1.603068 
1.678300 
1.748935 
1.814101 
1.873062 
1.925245 
1.970255 
2.007884 
2.038119 
2.061144 
2.077327 
2.087212 
2.091495 
2.090999 
2.086644 
2.079409 
2.070297 
2.060295 
2.050336 
2.041260 
2.033786 
2.028478 
2.025724 
2.025724 
0.648589 
0.658257 
0.677470 
0.705984 
0.743430 
0.789324 
0.843062 
0.903929 
0.971101 
1.043657 
1.120591 
1.200819 
1.283203 
1.366566 
1.449718 
1.531476 
1.610692 
1.686285 
1.757258 
1.822735 
1.881978 
1.934411 
1.979634 
2.017442 
2.047820 
2.070953 
2.087212 
2.097142 
2.101443 
2.100943 
2.096564 
2.089292 
2.080134 
2.070082 
2.060072 
2.050952 
2.043441 
2.038106 
2.035339 
2.035339 
0.649883 
0.659571 
0.678824 
0.707397 
0.744922 
0.790911 
0.844761 
0.905755 
0.973067 
1.045775 
1.122869 
1.203264 
1.285820 
1.369358 
1.452683 
1.534612 
1.613994 
1.689743 
1.760865 
1.826478 
1.885844 
1.938384 
1.983701 
2.021586 
2.052026 
2.075205 
2.091495 
2.101443 
2.105750 
2.105246 
2.100855 
2.093565 
2.084385 
2.074309 
2.064277 
2.055136 
2.047607 
2.042260 
2.039487 
2.039487 
0.649688 
0.659374 
0.678623 
0.707190 
0.744707 
0.790688 
0.844527 
0.905508 
0.972806 
1.045500 
1.122579 
1.202959 
1.285498 
1.369020 
1.452328 
1.534240 
1.613607 
1.689341 
1.760448 
1.826047 
1.885401 
1.937930 
1.983236 
2.021112 
2.051543 
2.074715 
2.090999 
2.100943 
2.105246 
2.104738 
2.100345 
2.093053 
2.083872 
2.073795 
2.063763 
2.054621 
2.047092 
2.041745 
2.038972 
2.038972 
0.648291 
0.657957 
0.677167 
0.705676 
0.743116 
0.789003 
0.842732 
0.903588 
0.970749 
1.043294 
1.120216 
1.200431 
1.282803 
1.366153 
1.449292 
1.531037 
1.610241 
1.685821 
1.756782 
1.822247 
1.881478 
1.933898 
1.979111 
2.016907 
2.047274 
2.070396 
2.086644 
2.096564 
2.100855 
2.100345 
2.095957 
2.088677 
2.079511 
2.069452 
2.059437 
2.050312 
2.042797 
2.037460 
2.034692 
2.034692 
0.645999 
0.655632 
0.674776 
0.703187 
0.740499 
0.786228 
0.839773 
0.900420 
0.967351 
1.039648 
1.116306 
1.196247 
1.278336 
1.361402 
1.444256 
1.525720 
1.604653 
1.679974 
1.750691 
1.815931 
1.874958 
1.927198 
1.972254 
2.009919 
2.040180 
2.063220 
2.079409 
2.089292 
2.093565 
2.093053 
2.088677 
2.081418 
2.072280 
2.062253 
2.052269 
2.043173 
2.035682 
2.030362 
2.027603 
2.027603 
0.643124 
0.652715 
0.671776 
0.700063 
0.737213 
0.782744 
0.836056 
0.896441 
0.963081 
1.035064 
1.111389 
1.190983 
1.272716 
1.355421 
1.437916 
1.519027 
1.597617 
1.672610 
1.743020 
1.807976 
1.866746 
1.918758 
1.963617 
2.001116 
2.031243 
2.054181 
2.070297 
2.080134 
2.084385 
2.083872 
2.079511 
2.072280 
2.063179 
2.053192 
2.043250 
2.034191 
2.026730 
2.021432 
2.018684 
2.018684 
0.639976 
0.649521 
0.668490 
0.696642 
0.733614 
0.778926 
0.831983 
0.892078 
0.958399 
1.030036 
1.105996 
1.185209 
1.266550 
1.348859 
1.430958 
1.511681 
1.589894 
1.664528 
1.734600 
1.799244 
1.857732 
1.909493 
1.954135 
1.991453 
2.021434 
2.044259 
2.060295 
2.070082 
2.074309 
2.073795 
2.069452 
2.062253 
2.053192 
2.043250 
2.033353 
2.024335 
2.016909 
2.011635 
2.008899 
2.008899 
0.636844 
0.646344 
0.665222 
0.693238 
0.730033 
0.775127 
0.827929 
0.887736 
0.953739 
1.025033 
1.100628 
1.179461 
1.260412 
1.342326 
1.424031 
1.504366 
1.582204 
1.656480 
1.726216 
1.790549 
1.848755 
1.900267 
1.944694 
1.981831 
2.011666 
2.034379 
2.050336 
2.060072 
2.064277 
2.063763 
2.059437 
2.052269 
2.043250 
2.033353 
2.023501 
2.014524 
2.007132 
2.001883 
1.999160 
1.999160 
0.633993 
0.643451 
0.662246 
0.690139 
0.726772 
0.771668 
0.824238 
0.883782 
0.949494 
1.020475 
1.095738 
1.174224 
1.254819 
1.336373 
1.417720 
1.497702 
1.575198 
1.649146 
1.718575 
1.782626 
1.840575 
1.891860 
1.936090 
1.973062 
2.002764 
2.025376 
2.041260 
2.050952 
2.055136 
2.054621 
2.050312 
2.043173 
2.034191 
2.024335 
2.014524 
2.005586 
1.998225 
1.992997 
1.990286 
1.990286 
0.631646 
0.641069 
0.659796 
0.687588 
0.724087 
0.768820 
0.821199 
0.880526 
0.945999 
1.016722 
1.091711 
1.169912 
1.250214 
1.331471 
1.412522 
1.492213 
1.569427 
1.643107 
1.712283 
1.776100 
1.833838 
1.884935 
1.929004 
1.965841 
1.995433 
2.017961 
2.033786 
2.043441 
2.047607 
2.047092 
2.042797 
2.035682 
2.026730 
2.016909 
2.007132 
1.998225 
1.990890 
1.985681 
1.982979 
1.982979 
0.629980 
0.639379 
0.658057 
0.685776 
0.722181 
0.766798 
0.819041 
0.878214 
0.943517 
1.014057 
1.088851 
1.166849 
1.246944 
1.327990 
1.408831 
1.488315 
1.565329 
1.638817 
1.707814 
1.771465 
1.829053 
1.880018 
1.923971 
1.960711 
1.990227 
2.012695 
2.028478 
2.038106 
2.042260 
2.041745 
2.037460 
2.030362 
2.021432 
2.011635 
2.001883 
1.992997 
1.985681 
1.980485 
1.977790 
1.977790 
0.629116 
0.638502 
0.657155 
0.684837 
0.721192 
0.765749 
0.817921 
0.877014 
0.942230 
1.012674 
1.087368 
1.165261 
1.245247 
1.326184 
1.406916 
1.486293 
1.563203 
1.636592 
1.705496 
1.769061 
1.826571 
1.877467 
1.921361 
1.958051 
1.987526 
2.009963 
2.025724 
2.035339 
2.039487 
2.038972 
2.034692 
2.027603 
2.018684 
2.008899 
1.999160 
1.990286 
1.982979 
1.977790 
1.975098 
1.975098 
0.629116 
0.638502 
0.657155 
0.684837 
0.721192 
0.765749 
0.817921 
0.877014 
0.942230 
1.012674 
1.087368 
1.165261 
1.245247 
1.326184 
1.406916 
1.486293 
1.563203 
1.636592 
1.705496 
1.769061 
1.826571 
1.877467 
1.921361 
1.958051 
1.987526 
2.009963 
2.025724 
2.035339 
2.039487 
2.038972 
2.034692 
2.027603 
2.018684 
2.008899 
1.999160 
1.990286 
1.982979 
1.977790 
1.975098 
1.975098 
