# z = , (t = 0.5)
0.000000 
0.000000 
0.000000 
0.000000 
0.000000 
0.000000 
0.000000 
0.000000 
0.000000 
0.000000 
0.000000 
0.000000 
0.000000 
0.000000 
0.000000 
0.000000 
0.000000 
0.000000 
0.000000 
0.000000 
0.000000 
0.000000 
0.000000 
0.000000 
0.000000 
0.000000 
0.000000 
0.000000 
0.000000 
0.000000 
0.000000 
0.000000 
0.000000 
0.000000 
0.000000 
0.000000 
0.000000 
0.000000 
0.000000 
0.000000 
0.000000 
0.000000 
0.000000 
0.000000 
0.000000 
0.000000 
0.000000 
0.000000 
0.000000 
0.000000 
0.000000 
0.000000 
0.000000 
0.000000 
0.000000 
0.000000 
0.000000 
0.000000 
0.000000 
0.000000 
0.000000 
0.000000 
0.000001 
0.000001 
0.000001 
0.000001 
0.000001 
0.000000 
0.000000 
0.000000 
0.000000 
0.000000 
0.000000 
0.000000 
0.000000 
0.000000 
0.000000 
0.000000 
0.000000 
0.000000 
0.000000 
0.000000 
0.000000 
0.000000 
0.000000 
0.000000 
0.000000 
0.000000 
0.000000 
0.000000 
0.000000 
0.000000 
0.000000 
0.000000 
0.000000 
0.000000 
0.000001 
0.000001 
0.000001 
0.000002 
0.000002 
0.000002 
0.000002 
0.000003 
0.000003 
0.000003 
0.000002 
0.000002 
0.000002 
0.000002 
0.000001 
0.000001 
0.000001 
0.000000 
0.000000 
0.000000 
0.000000 
0.000000 
0.000000 
0.000000 
0.000000 
0.000000 
0.000000 
0.000000 
0.000000 
0.000000 
0.000000 
0.000000 
0.000000 
0.000000 
0.000000 
0.000000 
0.000000 
0.000000 
0.000001 
0.000001 
0.000002 
0.000004 
0.000005 
0.000007 
0.000009 
0.000010 
0.000011 
0.000012 
0.000012 
0.000012 
0.000011 
0.000010 
0.000009 
0.000007 
0.000005 
0.000004 
0.000002 
0.000001 
0.000001 
0.000000 
0.000000 
0.000000 
0.000000 
0.000000 
0.000000 
0.000000 
0.000000 
0.000000 
0.000000 
0.000000 
0.000000 
0.000000 
0.000000 
0.000000 
0.000000 
0.000000 
0.000001 
0.000001 
0.000003 
0.000006 
0.000010 
0.000016 
0.000022 
0.000030 
0.000037 
0.000042 
0.000046 
0.000049 
0.000049 
0.000049 
0.000046 
0.000042 
0.000037 
0.000030 
0.000022 
0.000016 
0.000010 
0.000006 
0.000003 
0.000001 
0.000001 
0.000000 
0.000000 
0.000000 
0.000000 
0.000000 
0.000000 
0.000000 
0.000000 
0.000000 
0.000000 
0.000000 
0.000000 
0.000000 
0.000000 
0.000001 
0.000002 
0.000006 
0.000012 
0.000023 
0.000039 
0.000061 
0.000087 
0.000115 
0.000142 
0.000164 
0.000179 
0.000188 
0.000191 
0.000188 
0.000179 
0.000164 
0.000142 
0.000115 
0.000087 
0.000061 
0.000039 
0.000023 
0.000012 
0.000006 
0.000003 
0.000001 
0.000000 
0.000000 
0.000000 
0.000000 
0.000000 
0.000000 
0.000000 
0.000000 
0.000000 
0.000000 
0.000000 
0.000000 
0.000001 
0.000004 
0.000010 
0.000022 
0.000044 
0.000083 
0.000142 
0.000220 
0.000314 
0.000414 
0.000508 
0.000585 
0.000641 
0.000674 
0.000685 
0.000674 
0.000641 
0.000585 
0.000508 
0.000414 
0.000314 
0.000220 
0.000142 
0.000083 
0.000044 
0.000022 
0.000010 
0.000004 
0.000002 
0.000002 
0.000000 
0.000000 
0.000000 
0.000000 
0.000000 
0.000000 
0.000000 
0.000000 
0.000001 
0.000002 
0.000005 
0.000014 
0.000034 
0.000075 
0.000153 
0.000282 
0.000477 
0.000736 
0.001046 
0.001374 
0.001682 
0.001938 
0.002124 
0.002234 
0.002270 
0.002234 
0.002124 
0.001938 
0.001682 
0.001374 
0.001046 
0.000736 
0.000477 
0.000282 
0.000153 
0.000075 
0.000034 
0.000014 
0.000007 
0.000007 
0.000000 
0.000000 
0.000000 
0.000000 
0.000000 
0.000000 
0.000000 
0.000001 
0.000002 
0.000006 
0.000017 
0.000045 
0.000109 
0.000240 
0.000482 
0.000884 
0.001481 
0.002275 
0.003217 
0.004214 
0.005152 
0.005935 
0.006504 
0.006842 
0.006954 
0.006842 
0.006504 
0.005935 
0.005152 
0.004214 
0.003217 
0.002275 
0.001481 
0.000884 
0.000482 
0.000240 
0.000109 
0.000047 
0.000023 
0.000023 
0.000000 
0.000000 
0.000000 
0.000000 
0.000000 
0.000000 
0.000000 
0.000002 
0.000006 
0.000018 
0.000052 
0.000136 
0.000324 
0.000706 
0.001404 
0.002552 
0.004246 
0.006487 
0.009138 
0.011939 
0.014579 
0.016786 
0.018397 
0.019356 
0.019672 
0.019356 
0.018397 
0.016786 
0.014579 
0.011939 
0.009138 
0.006487 
0.004246 
0.002552 
0.001404 
0.000707 
0.000326 
0.000142 
0.000070 
0.000070 
0.000000 
0.000000 
0.000000 
0.000000 
0.000000 
0.000000 
0.000001 
0.000005 
0.000017 
0.000052 
0.000147 
0.000377 
0.000888 
0.001912 
0.003765 
0.006788 
0.011221 
0.017059 
0.023945 
0.031214 
0.038069 
0.043813 
0.048016 
0.050529 
0.051358 
0.050529 
0.048016 
0.043813 
0.038069 
0.031214 
0.023945 
0.017059 
0.011222 
0.006788 
0.003765 
0.001913 
0.000893 
0.000394 
0.000199 
0.000199 
0.000000 
0.000000 
0.000000 
0.000000 
0.000000 
0.000001 
0.000004 
0.000014 
0.000045 
0.000136 
0.000377 
0.000958 
0.002230 
0.004754 
0.009283 
0.016617 
0.027313 
0.041335 
0.057836 
0.075239 
0.091659 
0.105443 
0.115558 
0.121621 
0.123626 
0.121621 
0.115558 
0.105443 
0.091659 
0.075239 
0.057836 
0.041335 
0.027313 
0.016617 
0.009284 
0.004758 
0.002244 
0.001003 
0.000513 
0.000513 
0.000000 
0.000000 
0.000000 
0.000000 
0.000001 
0.000002 
0.000010 
0.000034 
0.000109 
0.000324 
0.000888 
0.002230 
0.005138 
0.010857 
0.021039 
0.037421 
0.061191 
0.092239 
0.128691 
0.167105 
0.203366 
0.233857 
0.256287 
0.269762 
0.274226 
0.269762 
0.256287 
0.233857 
0.203366 
0.167105 
0.128691 
0.092239 
0.061191 
0.037422 
0.021041 
0.010866 
0.005172 
0.002339 
0.001212 
0.001212 
0.000000 
0.000000 
0.000000 
0.000000 
0.000001 
0.000006 
0.000022 
0.000075 
0.000240 
0.000706 
0.001912 
0.004754 
0.010857 
0.022761 
0.043815 
0.077496 
0.126148 
0.189491 
0.263713 
0.341872 
0.415680 
0.477834 
0.523648 
0.551228 
0.560376 
0.551228 
0.523648 
0.477834 
0.415680 
0.341872 
0.263713 
0.189491 
0.126149 
0.077498 
0.043820 
0.022783 
0.010932 
0.004994 
0.002618 
0.002618 
0.000000 
0.000000 
0.000000 
0.000001 
0.000003 
0.000012 
0.000044 
0.000153 
0.000482 
0.001404 
0.003765 
0.009283 
0.021039 
0.043815 
0.083857 
0.147605 
0.239336 
0.358433 
0.497746 
0.644356 
0.782855 
0.899625 
0.985846 
1.037841 
1.055108 
1.037841 
0.985846 
0.899625 
0.782855 
0.644356 
0.497746 
0.358433 
0.239337 
0.147608 
0.083868 
0.043859 
0.021191 
0.009765 
0.005169 
0.005169 
0.000000 
0.000000 
0.000000 
0.000001 
0.000006 
0.000023 
0.000083 
0.000282 
0.000884 
0.002552 
0.006788 
0.016617 
0.037421 
0.077496 
0.147605 
0.258768 
0.418211 
0.624739 
0.865981 
1.119720 
1.359493 
1.561846 
1.711477 
1.801840 
1.831874 
1.801840 
1.711477 
1.561846 
1.359493 
1.119720 
0.865981 
0.624740 
0.418212 
0.258774 
0.147628 
0.077579 
0.037703 
0.017501 
0.009340 
0.009340 
0.000000 
0.000000 
0.000001 
0.000002 
0.000010 
0.000039 
0.000142 
0.000477 
0.001481 
0.004246 
0.011221 
0.027313 
0.061191 
0.126148 
0.239336 
0.418211 
0.674108 
1.004952 
1.390957 
1.796782 
2.180356 
2.504328 
2.744163 
2.889167 
2.937399 
2.889167 
2.744163 
2.504328 
2.180356 
1.796782 
1.390957 
1.004953 
0.674110 
0.418221 
0.239375 
0.126290 
0.061668 
0.028794 
0.015468 
0.015468 
0.000000 
0.000000 
0.000001 
0.000004 
0.000016 
0.000061 
0.000220 
0.000736 
0.002275 
0.006487 
0.017059 
0.041335 
0.092239 
0.189491 
0.358433 
0.624739 
1.004952 
1.495808 
2.067992 
2.669349 
3.237836 
3.718280 
4.074262 
4.289677 
4.361368 
4.289677 
4.074262 
3.718280 
3.237836 
2.669349 
2.067992 
1.495809 
1.004956 
0.624755 
0.358494 
0.189711 
0.092975 
0.043610 
0.023546 
0.023546 
0.000000 
0.000000 
0.000001 
0.000005 
0.000022 
0.000087 
0.000314 
0.001046 
0.003217 
0.009138 
0.023945 
0.057836 
0.128691 
0.263713 
0.497746 
0.865981 
1.390957 
2.067992 
2.856691 
3.685397 
4.468906 
5.131361 
5.622511 
5.919908 
6.018923 
5.919908 
5.622511 
5.131361 
4.468906 
3.685397 
2.856691 
2.067993 
1.390963 
0.866003 
0.497834 
0.264027 
0.129737 
0.061053 
0.033083 
0.033083 
0.000000 
0.000000 
0.000002 
0.000007 
0.000030 
0.000115 
0.000414 
0.001374 
0.004214 
0.011939 
0.031214 
0.075239 
0.167105 
0.341872 
0.644356 
1.119720 
1.796782 
2.669349 
3.685397 
4.752811 
5.762094 
6.615685 
7.248807 
7.632327 
7.760049 
7.632327 
7.248807 
6.615685 
5.762094 
4.752811 
3.685397 
2.669350 
1.796789 
1.119750 
0.644472 
0.342286 
0.168479 
0.079453 
0.043154 
0.043154 
0.000000 
0.000000 
0.000002 
0.000009 
0.000037 
0.000142 
0.000508 
0.001682 
0.005152 
0.014579 
0.038069 
0.091659 
0.203366 
0.415680 
0.782855 
1.359493 
2.180356 
3.237836 
4.468906 
5.762094 
6.984911 
8.019267 
8.786647 
9.251604 
9.406470 
9.251604 
8.786647 
8.019267 
6.984911 
5.762094 
4.468907 
3.237838 
2.180365 
1.359529 
0.782997 
0.416188 
0.205048 
0.096811 
0.052648 
0.052648 
0.000000 
0.000000 
0.000002 
0.000010 
0.000042 
0.000164 
0.000585 
0.001938 
0.005935 
0.016786 
0.043813 
0.105443 
0.233857 
0.477834 
0.899625 
1.561846 
2.504328 
3.718280 
5.131361 
6.615685 
8.019267 
9.206615 
10.087588 
10.621427 
10.799248 
10.621427 
10.087588 
9.206615 
8.019267 
6.615685 
5.131362 
3.718283 
2.504339 
1.561889 
0.899788 
0.478419 
0.235796 
0.111378 
0.060599 
0.060599 
0.000000 
0.000001 
0.000002 
0.000011 
0.000046 
0.000179 
0.000641 
0.002124 
0.006504 
0.018397 
0.048016 
0.115558 
0.256287 
0.523648 
0.985846 
1.711477 
2.744163 
4.074262 
5.622511 
7.248807 
8.786647 
10.087588 
11.052865 
11.637802 
11.832646 
11.637802 
11.052865 
10.087588 
8.786647 
7.248807 
5.622512 
4.074264 
2.744174 
1.711523 
0.986025 
0.524289 
0.258411 
0.122063 
0.066413 
0.066413 
0.000000 
0.000001 
0.000003 
0.000012 
0.000049 
0.000188 
0.000674 
0.002234 
0.006842 
0.019356 
0.050529 
0.121621 
0.269762 
0.551228 
1.037841 
1.801840 
2.889167 
4.289677 
5.919908 
7.632327 
9.251604 
10.621427 
11.637802 
12.253696 
12.458850 
12.253696 
11.637802 
10.621427 
9.251604 
7.632327 
5.919908 
4.289679 
2.889179 
1.801888 
1.038030 
0.551902 
0.271996 
0.128463 
0.069885 
0.069885 
0.000000 
0.000001 
0.000003 
0.000012 
0.000049 
0.000191 
0.000685 
0.002270 
0.006954 
0.019672 
0.051358 
0.123626 
0.274226 
0.560376 
1.055108 
1.831874 
2.937399 
4.361368 
6.018923 
7.760049 
9.406470 
10.799248 
11.832646 
12.458850 
12.667438 
12.458850 
11.832646 
10.799248 
9.406470 
7.760049 
6.018923 
4.361371 
2.937411 
1.831924 
1.055299 
0.561061 
0.276496 
0.130580 
0.071031 
0.071031 
0.000000 
0.000001 
0.000003 
0.000012 
0.000049 
0.000188 
0.000674 
0.002234 
0.006842 
0.019356 
0.050529 
0.121621 
0.269762 
0.551228 
1.037841 
1.801840 
2.889167 
4.289677 
5.919908 
7.632327 
9.251604 
10.621427 
11.637802 
12.253696 
12.458850 
12.253696 
11.637802 
10.621427 
9.251604 
7.632327 
5.919908 
4.289679 
2.889179 
1.801888 
1.038030 
0.551902 
0.271996 
0.128463 
0.069885 
0.069885 
0.000000 
0.000001 
0.000002 
0.000011 
0.000046 
0.000179 
0.000641 
0.002124 
0.006504 
0.018397 
0.048016 
0.115558 
0.256287 
0.523648 
0.985846 
1.711477 
2.744163 
4.074262 
5.622511 
7.248807 
8.786647 
10.087588 
11.052865 
11.637802 
11.832646 
11.637802 
11.052865 
10.087588 
8.786647 
7.248807 
5.622512 
4.074264 
2.744174 
1.711523 
0.986025 
0.524289 
0.258411 
0.122063 
0.066413 
0.066413 
0.000000 
0.000000 
0.000002 
0.000010 
0.000042 
0.000164 
0.000585 
0.001938 
0.005935 
0.016786 
0.043813 
0.105443 
0.233857 
0.477834 
0.899625 
1.561846 
2.504328 
3.718280 
5.131361 
6.615685 
8.019267 
9.206615 
10.087588 
10.621427 
10.799248 
10.621427 
10.087588 
9.206615 
8.019267 
6.615685 
5.131362 
3.718283 
2.504339 
1.561889 
0.899788 
0.478419 
0.235796 
0.111378 
0.060599 
0.060599 
0.000000 
0.000000 
0.000002 
0.000009 
0.000037 
0.000142 
0.000508 
0.001682 
0.005152 
0.014579 
0.038069 
0.091659 
0.203366 
0.415680 
0.782855 
1.359493 
2.180356 
3.237836 
4.468906 
5.762094 
6.984911 
8.019267 
8.786647 
9.251604 
9.406470 
9.251604 
8.786647 
8.019267 
6.984911 
5.762094 
4.468907 
3.237838 
2.180365 
1.359529 
0.782997 
0.416188 
0.205048 
0.096811 
0.052648 
0.052648 
0.000000 
0.000000 
0.000002 
0.000007 
0.000030 
0.000115 
0.000414 
0.001374 
0.004214 
0.011939 
0.031214 
0.075239 
0.167105 
0.341872 
0.644356 
1.119720 
1.796782 
2.669349 
3.685397 
4.752811 
5.762094 
6.615685 
7.248807 
7.632327 
7.760049 
7.632327 
7.248807 
6.615685 
5.762094 
4.752812 
3.685397 
2.669350 
1.796789 
1.119750 
0.644472 
0.342286 
0.168479 
0.079453 
0.043154 
0.043154 
0.000000 
0.000000 
0.000001 
0.000005 
0.000022 
0.000087 
0.000314 
0.001046 
0.003217 
0.009138 
0.023945 
0.057836 
0.128691 
0.263713 
0.497746 
0.865981 
1.390957 
2.067992 
2.856691 
3.685397 
4.468907 
5.131362 
5.622512 
5.919908 
6.018923 
5.919908 
5.622512 
5.131362 
4.468907 
3.685397 
2.856691 
2.067993 
1.390963 
0.866003 
0.497834 
0.264027 
0.129737 
0.061053 
0.033083 
0.033083 
0.000000 
0.000000 
0.000001 
0.000004 
0.000016 
0.000061 
0.000220 
0.000736 
0.002275 
0.006487 
0.017059 
0.041335 
0.092239 
0.189491 
0.358433 
0.624740 
1.004953 
1.495809 
2.067993 
2.669350 
3.237838 
3.718283 
4.074264 
4.289679 
4.361371 
4.289679 
4.074264 
3.718283 
3.237838 
2.669350 
2.067993 
1.495810 
1.004956 
0.624755 
0.358494 
0.189712 
0.092975 
0.043610 
0.023546 
0.023546 
0.000000 
0.000000 
0.000001 
0.000002 
0.000010 
0.000039 
0.000142 
0.000477 
0.001481 
0.004246 
0.011222 
0.027313 
0.061191 
0.126149 
0.239337 
0.418212 
0.674110 
1.004956 
1.390963 
1.796789 
2.180365 
2.504339 
2.744174 
2.889179 
2.937411 
2.889179 
2.744174 
2.504339 
2.180365 
1.796789 
1.390963 
1.004956 
0.674112 
0.418222 
0.239375 
0.126290 
0.061668 
0.028794 
0.015468 
0.015468 
0.000000 
0.000000 
0.000000 
0.000001 
0.000006 
0.000023 
0.000083 
0.000282 
0.000884 
0.002552 
0.006788 
0.016617 
0.037422 
0.077498 
0.147608 
0.258774 
0.418221 
0.624755 
0.866003 
1.119750 
1.359529 
1.561889 
1.711523 
1.801888 
1.831924 
1.801888 
1.711523 
1.561889 
1.359529 
1.119750 
0.866003 
0.624755 
0.418222 
0.258779 
0.147631 
0.077581 
0.037704 
0.017501 
0.009340 
0.009340 
0.000000 
0.000000 
0.000000 
0.000001 
0.000003 
0.000012 
0.000044 
0.000153 
0.000482 
0.001404 
0.003765 
0.009284 
0.021041 
0.043820 
0.083868 
0.147628 
0.239375 
0.358494 
0.497834 
0.644472 
0.782997 
0.899788 
0.986025 
1.038030 
1.055299 
1.038030 
0.986025 
0.899788 
0.782997 
0.644472 
0.497834 
0.358494 
0.239375 
0.147631 
0.083880 
0.043865 
0.021194 
0.009766 
0.005169 
0.005169 
0.000000 
0.000000 
0.000000 
0.000000 
0.000001 
0.000006 
0.000022 
0.000075 
0.000240 
0.000707 
0.001913 
0.004758 
0.010866 
0.022783 
0.043859 
0.077579 
0.126290 
0.189711 
0.264027 
0.342286 
0.416188 
0.478419 
0.524289 
0.551902 
0.561061 
0.551902 
0.524289 
0.478419 
0.416188 
0.342286 
0.264027 
0.189712 
0.126290 
0.077581 
0.043865 
0.022805 
0.010941 
0.004998 
0.002620 
0.002620 
0.000000 
0.000000 
0.000000 
0.000000 
0.000001 
0.000003 
0.000010 
0.000034 
0.000109 
0.000326 
0.000893 
0.002244 
0.005172 
0.010932 
0.021191 
0.037703 
0.061668 
0.092975 
0.129737 
0.168479 
0.205048 
0.235796 
0.258411 
0.271996 
0.276496 
0.271996 
0.258411 
0.235796 
0.205048 
0.168479 
0.129737 
0.092975 
0.061668 
0.037704 
0.021194 
0.010941 
0.005206 
0.002353 
0.001219 
0.001219 
0.000000 
0.000000 
0.000000 
0.000000 
0.000000 
0.000001 
0.000004 
0.000014 
0.000047 
0.000142 
0.000394 
0.001003 
0.002339 
0.004994 
0.009765 
0.017501 
0.028794 
0.043610 
0.061053 
0.079453 
0.096811 
0.111378 
0.122063 
0.128463 
0.130580 
0.128463 
0.122063 
0.111378 
0.096811 
0.079453 
0.061053 
0.043610 
0.028794 
0.017501 
0.009766 
0.004998 
0.002353 
0.001050 
0.000536 
0.000536 
0.000000 
0.000000 
0.000000 
0.000000 
0.000000 
0.000000 
0.000002 
0.000007 
0.000023 
0.000070 
0.000199 
0.000513 
0.001212 
0.002618 
0.005169 
0.009340 
0.015468 
0.023546 
0.033083 
0.043154 
0.052648 
0.060599 
0.066413 
0.069885 
0.071031 
0.069885 
0.066413 
0.060599 
0.052648 
0.043154 
0.033083 
0.023546 
0.015468 
0.009340 
0.005169 
0.002620 
0.001219 
0.000536 
0.000269 
0.000269 
0.000000 
0.000000 
0.000000 
0.000000 
0.000000 
0.000000 
0.000002 
0.000007 
0.000023 
0.000070 
0.000199 
0.000513 
0.001212 
0.002618 
0.005169 
0.009340 
0.015468 
0.023546 
0.033083 
0.043154 
0.052648 
0.060599 
0.066413 
0.069885 
0.071031 
0.069885 
0.066413 
0.060599 
0.052648 
0.043154 
0.033083 
0.023546 
0.015468 
0.009340 
0.005169 
0.002620 
0.001219 
0.000536 
0.000269 
0.000269 
