# z = ,(t = 8)
7.596192 
7.620160 
7.667201 
7.735551 
7.822634 
7.925139 
8.039122 
8.160129 
8.283328 
8.403656 
8.515971 
8.615202 
8.696497 
8.755361 
8.787780 
8.790332 
8.760271 
8.695594 
8.595081 
8.458316 
8.285674 
8.078294 
7.838025 
7.567359 
7.269342 
6.947480 
6.605629 
6.247885 
5.878478 
5.501659 
5.121602 
4.742311 
4.367538 
4.000718 
3.644915 
3.302784 
2.976547 
2.667984 
2.378435 
2.108820 
1.859659 
1.631109 
1.423004 
1.234898 
1.066111 
0.915779 
0.782903 
0.666389 
0.565094 
0.477867 
0.403581 
0.341165 
0.289633 
0.248102 
0.215815 
0.192152 
0.176641 
0.168964 
0.168964 
-5.000000 
7.576865 
7.600773 
7.647697 
7.715877 
7.802743 
7.904994 
8.018695 
8.139404 
8.262301 
8.382338 
8.494384 
8.593382 
8.674492 
8.733231 
8.765597 
8.768174 
8.738225 
8.673752 
8.573538 
8.437167 
8.265014 
8.058213 
7.818611 
7.548691 
7.251492 
6.930508 
6.589587 
6.232813 
5.864404 
5.488601 
5.109564 
4.731287 
4.357513 
3.991665 
3.636801 
3.295567 
2.970179 
2.662412 
2.373604 
2.104670 
1.856130 
1.628141 
1.420537 
1.232874 
1.064474 
0.914478 
0.781887 
0.665613 
0.564516 
0.477450 
0.403291 
0.340973 
0.289514 
0.248034 
0.215782 
0.192139 
0.176638 
0.168964 
-5.000000 
-5.000000 
7.538272 
7.562061 
7.608751 
7.676591 
7.763025 
7.864768 
7.977907 
8.098021 
8.220317 
8.339771 
8.451281 
8.549814 
8.630557 
8.689049 
8.721308 
8.723938 
8.694214 
8.630149 
8.530533 
8.394951 
8.223775 
8.018135 
7.779865 
7.511437 
7.215871 
6.896645 
6.557583 
6.202749 
5.836336 
5.462561 
5.085564 
4.709315 
4.337536 
3.973632 
3.620643 
3.281201 
2.957510 
2.651333 
2.364002 
2.096428 
1.849128 
1.622258 
1.415654 
1.228874 
1.061247 
0.911917 
0.779895 
0.664097 
0.563394 
0.476645 
0.402737 
0.340612 
0.289295 
0.247916 
0.215728 
0.192122 
0.176638 
-5.000000 
-5.000000 
-5.000000 
7.480539 
7.504150 
7.550489 
7.617822 
7.703610 
7.804594 
7.916892 
8.036119 
8.157516 
8.276101 
8.386809 
8.484649 
8.564844 
8.622969 
8.655072 
8.657783 
8.628400 
8.564949 
8.466232 
8.331834 
8.162125 
7.958226 
7.721955 
7.455763 
7.162648 
6.846056 
6.509781 
6.157853 
5.794431 
5.423697 
5.049756 
4.676546 
4.307755 
3.946763 
3.596583 
3.259824 
2.938671 
2.634875 
2.349756 
2.084216 
1.838769 
1.613571 
1.408459 
1.222998 
1.056521 
0.908184 
0.777005 
0.661914 
0.561793 
0.475514 
0.401974 
0.340130 
0.289018 
0.247779 
0.215680 
0.192122 
-5.000000 
-5.000000 
-5.000000 
-5.000000 
7.403862 
7.427236 
7.473111 
7.539769 
7.624700 
7.724678 
7.835862 
7.953910 
8.074117 
8.191549 
8.301197 
8.398120 
8.477591 
8.535232 
8.567133 
8.569959 
8.541034 
8.478407 
8.380889 
8.248073 
8.080322 
7.878744 
7.645138 
7.381927 
7.092076 
6.778993 
6.446431 
6.098374 
5.738935 
5.372251 
5.002378 
4.633211 
4.268399 
3.911281 
3.564836 
3.231645 
2.913868 
2.613236 
2.331054 
2.068214 
1.825227 
1.602245 
1.399110 
1.215393 
1.050437 
0.903409 
0.773340 
0.659177 
0.559816 
0.474146 
0.401083 
0.339598 
0.288743 
0.247677 
0.215680 
-5.000000 
-5.000000 
-5.000000 
-5.000000 
-5.000000 
7.308514 
7.331593 
7.376892 
7.442713 
7.526580 
7.625308 
7.735108 
7.851695 
7.970424 
8.086427 
8.194761 
8.290549 
8.369128 
8.426176 
8.457833 
8.460810 
8.432466 
8.370875 
8.274863 
8.144027 
7.978725 
7.780048 
7.549771 
7.290284 
7.004510 
6.695809 
6.367880 
6.024654 
5.670186 
5.308552 
4.943754 
4.579630 
4.219778 
3.867488 
3.525699 
3.196952 
2.883379 
2.586684 
2.308155 
2.048672 
1.808738 
1.588506 
1.387821 
1.206262 
1.043184 
0.897768 
0.769064 
0.656035 
0.557600 
0.472668 
0.400174 
0.339111 
0.288553 
0.247677 
-5.000000 
-5.000000 
-5.000000 
-5.000000 
-5.000000 
-5.000000 
7.194853 
7.217583 
7.262195 
7.327020 
7.409620 
7.506863 
7.615016 
7.729865 
7.846838 
7.961145 
8.067920 
8.162365 
8.239889 
8.296240 
8.327621 
8.330792 
8.303156 
8.242816 
8.148617 
8.020162 
7.857800 
7.662606 
7.436323 
7.181299 
6.900409 
6.596957 
6.274579 
5.937137 
5.588619 
5.233031 
4.874306 
4.516215 
4.162294 
3.815778 
3.479551 
3.156115 
2.847560 
2.555564 
2.281390 
2.025906 
1.789606 
1.572643 
1.374865 
1.195862 
1.035003 
0.891486 
0.764384 
0.652681 
0.555319 
0.471234 
0.399387 
0.338793 
0.288553 
-5.000000 
-5.000000 
-5.000000 
-5.000000 
-5.000000 
-5.000000 
-5.000000 
7.063337 
7.085663 
7.129482 
7.193157 
7.274295 
7.369822 
7.476076 
7.588921 
7.703870 
7.816222 
7.921203 
8.014105 
8.090424 
8.145985 
8.177063 
8.180479 
8.153684 
8.094817 
8.002742 
7.877069 
7.718141 
7.527007 
7.305378 
7.055555 
6.780353 
6.483010 
6.167091 
5.836380 
5.494782 
5.146223 
4.794557 
4.443477 
4.096447 
3.756635 
3.426866 
3.109589 
2.806852 
2.520299 
2.251167 
2.000308 
1.768204 
1.555009 
1.360578 
1.184509 
1.026190 
0.884840 
0.759555 
0.649347 
0.553187 
0.470038 
0.398892 
0.338793 
-5.000000 
-5.000000 
-5.000000 
-5.000000 
-5.000000 
-5.000000 
-5.000000 
-5.000000 
6.914531 
6.936400 
6.979323 
7.041700 
7.121188 
7.214780 
7.318892 
7.429477 
7.542146 
7.652299 
7.755265 
7.846438 
7.921410 
7.976099 
8.006858 
8.010578 
7.984764 
7.927595 
7.837959 
7.715473 
7.560470 
7.373975 
7.157657 
6.913764 
6.645046 
6.354667 
6.046105 
5.723057 
5.389338 
5.048780 
4.705144 
4.362038 
4.022841 
3.690646 
3.368211 
3.057924 
2.761787 
2.481401 
2.217977 
1.972344 
1.744978 
1.536029 
1.345358 
1.172579 
1.017098 
0.878157 
0.754882 
0.646314 
0.551457 
0.469308 
0.398892 
-5.000000 
-5.000000 
-5.000000 
-5.000000 
-5.000000 
-5.000000 
-5.000000 
-5.000000 
-5.000000 
6.749115 
6.770478 
6.812409 
6.873347 
6.951007 
7.042454 
7.144193 
7.252278 
7.362425 
7.470150 
7.570894 
7.660166 
7.733666 
7.787412 
7.817848 
7.821941 
7.797257 
7.742017 
7.655139 
7.536245 
7.385658 
7.204375 
6.994020 
6.756781 
6.495335 
6.212759 
5.912440 
5.597976 
5.273077 
4.941472 
4.606821 
4.272631 
3.942190 
3.618505 
3.304257 
3.001770 
2.712988 
2.439470 
2.182393 
1.942565 
1.720450 
1.516198 
1.329676 
1.160513 
1.008138 
0.871821 
0.750717 
0.643904 
0.550423 
0.469308 
-5.000000 
-5.000000 
-5.000000 
-5.000000 
-5.000000 
-5.000000 
-5.000000 
-5.000000 
-5.000000 
-5.000000 
6.567899 
6.588709 
6.629557 
6.688923 
6.764586 
6.853693 
6.952846 
7.058205 
7.165607 
7.270690 
7.369024 
7.456240 
7.528158 
7.580907 
7.611028 
7.615574 
7.592175 
7.539105 
7.455305 
7.340409 
7.194728 
7.019228 
6.815481 
6.585610 
6.332210 
6.058265 
5.767059 
5.462080 
5.146924 
4.825205 
4.500468 
4.176114 
3.855326 
3.541017 
3.235784 
2.941877 
2.661179 
2.395200 
2.145080 
1.911604 
1.695223 
1.496086 
1.314068 
1.148816 
0.999783 
0.866269 
0.747466 
0.642490 
0.550423 
-5.000000 
-5.000000 
-5.000000 
-5.000000 
-5.000000 
-5.000000 
-5.000000 
-5.000000 
-5.000000 
-5.000000 
-5.000000 
6.371823 
6.392037 
6.431716 
6.489389 
6.562901 
6.649487 
6.745854 
6.848282 
6.952734 
7.054984 
7.150739 
7.235764 
7.306009 
7.357723 
7.387554 
7.392644 
7.370698 
7.320041 
7.239647 
7.129156 
6.988868 
6.819713 
6.623210 
6.401409 
6.156815 
5.892312 
5.611069 
5.316454 
5.011938 
4.701012 
4.387095 
4.073467 
3.763200 
3.459103 
3.163680 
2.879101 
2.607181 
2.349378 
2.106791 
1.880178 
1.669979 
1.476338 
1.299144 
1.138059 
0.992566 
0.861998 
0.745586 
0.642490 
-5.000000 
-5.000000 
-5.000000 
-5.000000 
-5.000000 
-5.000000 
-5.000000 
-5.000000 
-5.000000 
-5.000000 
-5.000000 
-5.000000 
6.161964 
6.181542 
6.219976 
6.275843 
6.347064 
6.430966 
6.524370 
6.623681 
6.725002 
6.824251 
6.917280 
7.000002 
7.068504 
7.119163 
7.148744 
7.154484 
7.134169 
7.086177 
7.009517 
6.903839 
6.769426 
6.607173 
6.418539 
6.205495 
5.970450 
5.716177 
5.445723 
5.162326 
4.869323 
4.570065 
4.267840 
3.965796 
3.666883 
3.373798 
3.088944 
2.814404 
2.551920 
2.302889 
2.068370 
1.849093 
1.645480 
1.457678 
1.285583 
1.128880 
0.987082 
0.859559 
0.745586 
-5.000000 
-5.000000 
-5.000000 
-5.000000 
-5.000000 
-5.000000 
-5.000000 
-5.000000 
-5.000000 
-5.000000 
-5.000000 
-5.000000 
-5.000000 
5.939533 
5.958441 
5.995562 
6.049525 
6.118330 
6.199405 
6.289688 
6.385722 
6.483755 
6.579859 
6.670043 
6.750373 
6.817085 
6.866691 
6.896080 
6.902592 
6.884096 
6.839029 
6.766436 
6.665976 
6.537917 
6.383113 
6.202959 
5.999342 
5.774568 
5.531290 
5.272426 
5.001071 
4.720417 
4.433671 
4.143972 
3.854332 
3.567568 
3.286254 
3.012686 
2.748852 
2.496416 
2.256712 
2.030752 
1.819235 
1.622570 
1.440899 
1.274133 
1.121980 
0.983984 
0.859559 
-5.000000 
-5.000000 
-5.000000 
-5.000000 
-5.000000 
-5.000000 
-5.000000 
-5.000000 
-5.000000 
-5.000000 
-5.000000 
-5.000000 
-5.000000 
-5.000000 
5.705876 
5.724084 
5.759831 
5.811806 
5.878088 
5.956212 
6.043244 
6.135866 
6.230482 
6.323326 
6.410573 
6.488450 
6.553349 
6.601929 
6.631203 
6.638625 
6.622148 
6.580274 
6.512084 
6.417246 
6.296013 
6.149193 
5.978116 
5.784577 
5.570771 
5.339226 
5.092719 
4.834196 
4.566694 
4.293261 
4.016885 
3.740425 
3.466558 
3.197730 
2.936118 
2.683611 
2.441787 
2.211914 
1.994954 
1.791573 
1.602163 
1.426868 
1.265609 
1.118122 
0.983984 
-5.000000 
-5.000000 
-5.000000 
-5.000000 
-5.000000 
-5.000000 
-5.000000 
-5.000000 
-5.000000 
-5.000000 
-5.000000 
-5.000000 
-5.000000 
-5.000000 
-5.000000 
5.462458 
5.479940 
5.514266 
5.564182 
5.627855 
5.702930 
5.786603 
5.875707 
5.966808 
6.056308 
6.140555 
6.215947 
6.279040 
6.326641 
6.355902 
6.364387 
6.350144 
6.311738 
6.248290 
6.159477 
6.045532 
5.907221 
5.745799 
5.562965 
5.360799 
5.141694 
4.908277 
4.663338 
4.409748 
4.150389 
3.888084 
3.625534 
3.365265 
3.109585 
2.860549 
2.619936 
2.389236 
2.169645 
1.962071 
1.767146 
1.585246 
1.416513 
1.260884 
1.118122 
-5.000000 
-5.000000 
-5.000000 
-5.000000 
-5.000000 
-5.000000 
-5.000000 
-5.000000 
-5.000000 
-5.000000 
-5.000000 
-5.000000 
-5.000000 
-5.000000 
-5.000000 
-5.000000 
5.210857 
5.227593 
5.260460 
5.308264 
5.369262 
5.441212 
5.521449 
5.606959 
5.694477 
5.780583 
5.861801 
5.934708 
5.996029 
6.042728 
6.072095 
6.081818 
6.070035 
6.035381 
5.977016 
5.894627 
5.788427 
5.659133 
5.507924 
5.336399 
5.146515 
4.940522 
4.720892 
4.490247 
4.251286 
4.006713 
3.759179 
3.511217 
3.265193 
3.023271 
2.787373 
2.559165 
2.340043 
2.131125 
1.933265 
1.747058 
1.572863 
1.410821 
1.260884 
-5.000000 
-5.000000 
-5.000000 
-5.000000 
-5.000000 
-5.000000 
-5.000000 
-5.000000 
-5.000000 
-5.000000 
-5.000000 
-5.000000 
-5.000000 
-5.000000 
-5.000000 
-5.000000 
-5.000000 
4.952742 
4.968720 
5.000102 
5.045757 
5.104034 
5.172812 
5.249564 
5.331438 
5.415340 
5.498033 
5.576228 
5.646682 
5.706296 
5.752195 
5.781816 
5.792967 
5.783885 
5.753276 
5.700337 
5.624768 
5.526759 
5.406975 
5.266517 
5.106878 
4.929885 
4.737641 
4.532453 
4.316768 
4.093103 
3.863979 
3.631863 
3.399110 
3.167922 
2.940308 
2.718052 
2.502701 
2.295549 
2.097636 
1.909756 
1.732466 
1.566107 
1.410821 
-5.000000 
-5.000000 
-5.000000 
-5.000000 
-5.000000 
-5.000000 
-5.000000 
-5.000000 
-5.000000 
-5.000000 
-5.000000 
-5.000000 
-5.000000 
-5.000000 
-5.000000 
-5.000000 
-5.000000 
-5.000000 
4.689855 
4.705067 
4.734951 
4.778439 
4.833975 
4.899558 
4.972808 
5.051035 
5.131325 
5.210625 
5.285836 
5.353903 
5.411906 
5.457138 
5.487182 
5.499972 
5.493846 
5.467581 
5.420415 
5.352056 
5.262673 
5.152876 
5.023684 
4.876478 
4.712953 
4.535055 
4.344921 
4.144816 
3.937065 
3.723998 
3.507890 
3.290912 
3.075091 
2.862274 
2.654102 
2.451995 
2.257142 
2.070500 
1.892801 
1.724563 
1.566107 
-5.000000 
-5.000000 
-5.000000 
-5.000000 
-5.000000 
-5.000000 
-5.000000 
-5.000000 
-5.000000 
-5.000000 
-5.000000 
-5.000000 
-5.000000 
-5.000000 
-5.000000 
-5.000000 
-5.000000 
-5.000000 
-5.000000 
4.423989 
4.438434 
4.466817 
4.508137 
4.560934 
4.623330 
4.693092 
4.767697 
4.844412 
4.920374 
4.992678 
5.058461 
5.114982 
5.159707 
5.190368 
5.205028 
5.202127 
5.180513 
5.139468 
5.078705 
4.998372 
4.899021 
4.781585 
4.647331 
4.497813 
4.334819 
4.160306 
3.976351 
3.785080 
3.588622 
3.389055 
3.188356 
2.988371 
2.790777 
2.597066 
2.408526 
2.226235 
2.051065 
1.883682 
1.724563 
-5.000000 
-5.000000 
-5.000000 
-5.000000 
-5.000000 
-5.000000 
-5.000000 
-5.000000 
-5.000000 
-5.000000 
-5.000000 
-5.000000 
-5.000000 
-5.000000 
-5.000000 
-5.000000 
-5.000000 
-5.000000 
-5.000000 
-5.000000 
4.156956 
4.170640 
4.197534 
4.236704 
4.286787 
4.346030 
4.412350 
4.483393 
4.556608 
4.629325 
4.698836 
4.762468 
4.817671 
4.862077 
4.893574 
4.910354 
4.910960 
4.894314 
4.859737 
4.806952 
4.736080 
4.647616 
4.542401 
4.421586 
4.286580 
4.139004 
3.980635 
3.813348 
3.639069 
3.459717 
3.277163 
3.093187 
2.909443 
2.727435 
2.548496 
2.373779 
2.204248 
2.040682 
1.883682 
-5.000000 
-5.000000 
-5.000000 
-5.000000 
-5.000000 
-5.000000 
-5.000000 
-5.000000 
-5.000000 
-5.000000 
-5.000000 
-5.000000 
-5.000000 
-5.000000 
-5.000000 
-5.000000 
-5.000000 
-5.000000 
-5.000000 
-5.000000 
-5.000000 
3.890563 
3.903498 
3.928927 
3.965983 
4.013401 
4.069555 
4.132511 
4.200084 
4.269910 
4.339512 
4.406378 
4.468032 
4.522108 
4.566414 
4.598990 
4.618159 
4.622568 
4.611212 
4.583453 
4.539021 
4.478009 
4.400852 
4.308300 
4.201379 
4.081352 
3.949668 
3.807915 
3.657767 
3.500936 
3.339129 
3.174003 
3.007130 
2.839969 
2.673844 
2.509924 
2.349220 
2.192578 
2.040682 
-5.000000 
-5.000000 
-5.000000 
-5.000000 
-5.000000 
-5.000000 
-5.000000 
-5.000000 
-5.000000 
-5.000000 
-5.000000 
-5.000000 
-5.000000 
-5.000000 
-5.000000 
-5.000000 
-5.000000 
-5.000000 
-5.000000 
-5.000000 
-5.000000 
-5.000000 
3.626584 
3.638787 
3.662787 
3.697783 
3.742609 
3.795763 
3.855463 
3.919695 
3.986278 
4.052930 
4.117336 
4.177216 
4.230391 
4.274841 
4.308762 
4.330608 
4.339128 
4.333392 
4.312799 
4.277088 
4.226322 
4.160873 
4.081397 
3.988795 
3.884176 
3.768816 
3.644107 
3.511515 
3.372537 
3.228656 
3.081311 
2.931862 
2.781564 
2.631554 
2.482834 
2.336268 
2.192578 
-5.000000 
-5.000000 
-5.000000 
-5.000000 
-5.000000 
-5.000000 
-5.000000 
-5.000000 
-5.000000 
-5.000000 
-5.000000 
-5.000000 
-5.000000 
-5.000000 
-5.000000 
-5.000000 
-5.000000 
-5.000000 
-5.000000 
-5.000000 
-5.000000 
-5.000000 
-5.000000 
3.366727 
3.378223 
3.400841 
3.433848 
3.476175 
3.526448 
3.583030 
3.644080 
3.707599 
3.771500 
3.833665 
3.892007 
3.944535 
3.989402 
4.024956 
4.049782 
4.062734 
4.062951 
4.049873 
4.023244 
3.983096 
3.929737 
3.863725 
3.785834 
3.697017 
3.598369 
3.491085 
3.376418 
3.255642 
3.130013 
3.000745 
2.868979 
2.735762 
2.602038 
2.468636 
2.336268 
-5.000000 
-5.000000 
-5.000000 
-5.000000 
-5.000000 
-5.000000 
-5.000000 
-5.000000 
-5.000000 
-5.000000 
-5.000000 
-5.000000 
-5.000000 
-5.000000 
-5.000000 
-5.000000 
-5.000000 
-5.000000 
-5.000000 
-5.000000 
-5.000000 
-5.000000 
-5.000000 
-5.000000 
3.112610 
3.123428 
3.144723 
3.175829 
3.215773 
3.263304 
3.316936 
3.374993 
3.435660 
3.497042 
3.557214 
3.614286 
3.666449 
3.712027 
3.749522 
3.777649 
3.795361 
3.801870 
3.796654 
3.779459 
3.750287 
3.709380 
3.657195 
3.594375 
3.521715 
3.440129 
3.350606 
3.254184 
3.151907 
3.044802 
2.933850 
2.819968 
2.703991 
2.586663 
2.468636 
-5.000000 
-5.000000 
-5.000000 
-5.000000 
-5.000000 
-5.000000 
-5.000000 
-5.000000 
-5.000000 
-5.000000 
-5.000000 
-5.000000 
-5.000000 
-5.000000 
-5.000000 
-5.000000 
-5.000000 
-5.000000 
-5.000000 
-5.000000 
-5.000000 
-5.000000 
-5.000000 
-5.000000 
-5.000000 
2.865735 
2.875908 
2.895950 
2.925257 
2.962952 
3.007905 
3.058778 
3.114060 
3.172116 
3.231239 
3.289699 
3.345793 
3.397897 
3.444504 
3.484266 
3.516026 
3.538836 
3.551978 
3.554968 
3.547552 
3.529699 
3.501584 
3.463562 
3.416143 
3.359962 
3.295745 
3.224276 
3.146370 
3.062841 
2.974478 
2.882028 
2.786177 
2.687541 
2.586663 
-5.000000 
-5.000000 
-5.000000 
-5.000000 
-5.000000 
-5.000000 
-5.000000 
-5.000000 
-5.000000 
-5.000000 
-5.000000 
-5.000000 
-5.000000 
-5.000000 
-5.000000 
-5.000000 
-5.000000 
-5.000000 
-5.000000 
-5.000000 
-5.000000 
-5.000000 
-5.000000 
-5.000000 
-5.000000 
-5.000000 
2.627462 
2.637032 
2.655898 
2.683522 
2.719118 
2.761679 
2.810008 
2.862757 
2.918468 
2.975619 
3.032669 
3.088104 
3.140477 
3.188449 
3.230819 
3.266554 
3.294806 
3.314924 
3.326458 
3.329155 
3.322951 
3.307948 
3.284400 
3.252683 
3.213266 
3.166687 
3.113522 
3.054360 
2.989779 
2.920328 
2.846513 
2.768786 
2.687541 
-5.000000 
-5.000000 
-5.000000 
-5.000000 
-5.000000 
-5.000000 
-5.000000 
-5.000000 
-5.000000 
-5.000000 
-5.000000 
-5.000000 
-5.000000 
-5.000000 
-5.000000 
-5.000000 
-5.000000 
-5.000000 
-5.000000 
-5.000000 
-5.000000 
-5.000000 
-5.000000 
-5.000000 
-5.000000 
-5.000000 
-5.000000 
2.398997 
2.408006 
2.425783 
2.451850 
2.485515 
2.525885 
2.571905 
2.622385 
2.676039 
2.731527 
2.787494 
2.842607 
2.895595 
2.945283 
2.990613 
3.030675 
3.064716 
3.092150 
3.112561 
3.125695 
3.131450 
3.129860 
3.121072 
3.105325 
3.082925 
3.054217 
3.019565 
2.979331 
2.933854 
2.883437 
2.828344 
2.768786 
-5.000000 
-5.000000 
-5.000000 
-5.000000 
-5.000000 
-5.000000 
-5.000000 
-5.000000 
-5.000000 
-5.000000 
-5.000000 
-5.000000 
-5.000000 
-5.000000 
-5.000000 
-5.000000 
-5.000000 
-5.000000 
-5.000000 
-5.000000 
-5.000000 
-5.000000 
-5.000000 
-5.000000 
-5.000000 
-5.000000 
-5.000000 
-5.000000 
2.181369 
2.189865 
2.206645 
2.231294 
2.263204 
2.301601 
2.345564 
2.394055 
2.445960 
2.500112 
2.555338 
2.610483 
2.664447 
2.716212 
2.764863 
2.809607 
2.849784 
2.884872 
2.914485 
2.938367 
2.956377 
2.968477 
2.974710 
2.975174 
2.970009 
2.959369 
2.943402 
2.922239 
2.895978 
2.864675 
2.828344 
-5.000000 
-5.000000 
-5.000000 
-5.000000 
-5.000000 
-5.000000 
-5.000000 
-5.000000 
-5.000000 
-5.000000 
-5.000000 
-5.000000 
-5.000000 
-5.000000 
-5.000000 
-5.000000 
-5.000000 
-5.000000 
-5.000000 
-5.000000 
-5.000000 
-5.000000 
-5.000000 
-5.000000 
-5.000000 
-5.000000 
-5.000000 
-5.000000 
-5.000000 
1.975427 
1.983459 
1.999340 
2.022714 
2.053060 
2.089712 
2.131881 
2.178680 
2.229155 
2.282313 
2.337154 
2.392696 
2.448006 
2.502218 
2.554554 
2.604337 
2.650995 
2.694067 
2.733197 
2.768122 
2.798665 
2.824712 
2.846199 
2.863087 
2.875345 
2.882933 
2.885786 
2.883799 
2.876827 
2.864675 
-5.000000 
-5.000000 
-5.000000 
-5.000000 
-5.000000 
-5.000000 
-5.000000 
-5.000000 
-5.000000 
-5.000000 
-5.000000 
-5.000000 
-5.000000 
-5.000000 
-5.000000 
-5.000000 
-5.000000 
-5.000000 
-5.000000 
-5.000000 
-5.000000 
-5.000000 
-5.000000 
-5.000000 
-5.000000 
-5.000000 
-5.000000 
-5.000000 
-5.000000 
-5.000000 
1.781828 
1.789447 
1.804532 
1.826782 
1.855759 
1.890902 
1.931551 
1.976962 
2.026338 
2.078852 
2.133671 
2.189983 
2.247012 
2.304043 
2.360430 
2.415605 
2.469084 
2.520462 
2.569410 
2.615659 
2.658992 
2.699220 
2.736169 
2.769663 
2.799501 
2.825447 
2.847217 
2.864475 
2.876827 
-5.000000 
-5.000000 
-5.000000 
-5.000000 
-5.000000 
-5.000000 
-5.000000 
-5.000000 
-5.000000 
-5.000000 
-5.000000 
-5.000000 
-5.000000 
-5.000000 
-5.000000 
-5.000000 
-5.000000 
-5.000000 
-5.000000 
-5.000000 
-5.000000 
-5.000000 
-5.000000 
-5.000000 
-5.000000 
-5.000000 
-5.000000 
-5.000000 
-5.000000 
-5.000000 
-5.000000 
1.601040 
1.608299 
1.622692 
1.643972 
1.671779 
1.705656 
1.745063 
1.789396 
1.838008 
1.890232 
1.945398 
2.002853 
2.061977 
2.122197 
2.182995 
2.243909 
2.304538 
2.364532 
2.423584 
2.481420 
2.537778 
2.592396 
2.644991 
2.695245 
2.742787 
2.787185 
2.827939 
2.864475 
-5.000000 
-5.000000 
-5.000000 
-5.000000 
-5.000000 
-5.000000 
-5.000000 
-5.000000 
-5.000000 
-5.000000 
-5.000000 
-5.000000 
-5.000000 
-5.000000 
-5.000000 
-5.000000 
-5.000000 
-5.000000 
-5.000000 
-5.000000 
-5.000000 
-5.000000 
-5.000000 
-5.000000 
-5.000000 
-5.000000 
-5.000000 
-5.000000 
-5.000000 
-5.000000 
-5.000000 
-5.000000 
1.433344 
1.440296 
1.454103 
1.474567 
1.501406 
1.534260 
1.572705 
1.616271 
1.664456 
1.716745 
1.772622 
1.831591 
1.893181 
1.956954 
2.022515 
2.089505 
2.157600 
2.226503 
2.295929 
2.365592 
2.435189 
2.504381 
2.572776 
2.639914 
2.705255 
2.768170 
2.827939 
-5.000000 
-5.000000 
-5.000000 
-5.000000 
-5.000000 
-5.000000 
-5.000000 
-5.000000 
-5.000000 
-5.000000 
-5.000000 
-5.000000 
-5.000000 
-5.000000 
-5.000000 
-5.000000 
-5.000000 
-5.000000 
-5.000000 
-5.000000 
-5.000000 
-5.000000 
-5.000000 
-5.000000 
-5.000000 
-5.000000 
-5.000000 
-5.000000 
-5.000000 
-5.000000 
-5.000000 
-5.000000 
-5.000000 
1.278840 
1.285540 
1.298864 
1.318667 
1.344738 
1.376811 
1.414573 
1.457680 
1.505770 
1.558472 
1.615421 
1.676269 
1.740684 
1.808364 
1.879027 
1.952415 
2.028276 
2.106363 
2.186409 
2.268119 
2.351143 
2.435066 
2.519387 
2.603504 
2.686706 
2.768170 
-5.000000 
-5.000000 
-5.000000 
-5.000000 
-5.000000 
-5.000000 
-5.000000 
-5.000000 
-5.000000 
-5.000000 
-5.000000 
-5.000000 
-5.000000 
-5.000000 
-5.000000 
-5.000000 
-5.000000 
-5.000000 
-5.000000 
-5.000000 
-5.000000 
-5.000000 
-5.000000 
-5.000000 
-5.000000 
-5.000000 
-5.000000 
-5.000000 
-5.000000 
-5.000000 
-5.000000 
-5.000000 
-5.000000 
-5.000000 
1.137464 
1.143962 
1.156907 
1.176201 
1.201701 
1.233229 
1.270580 
1.313530 
1.361848 
1.415304 
1.473675 
1.536752 
1.604341 
1.676265 
1.752354 
1.832442 
1.916349 
2.003872 
2.094763 
2.188711 
2.285324 
2.384107 
2.484450 
2.585610 
2.686706 
-5.000000 
-5.000000 
-5.000000 
-5.000000 
-5.000000 
-5.000000 
-5.000000 
-5.000000 
-5.000000 
-5.000000 
-5.000000 
-5.000000 
-5.000000 
-5.000000 
-5.000000 
-5.000000 
-5.000000 
-5.000000 
-5.000000 
-5.000000 
-5.000000 
-5.000000 
-5.000000 
-5.000000 
-5.000000 
-5.000000 
-5.000000 
-5.000000 
-5.000000 
-5.000000 
-5.000000 
-5.000000 
-5.000000 
-5.000000 
-5.000000 
1.008993 
1.015340 
1.028007 
1.046939 
1.072058 
1.103272 
1.140475 
1.183559 
1.232418 
1.286955 
1.347081 
1.412723 
1.483816 
1.560303 
1.642120 
1.729188 
1.821397 
1.918584 
2.020516 
2.126869 
2.237202 
2.350944 
2.467374 
2.585610 
-5.000000 
-5.000000 
-5.000000 
-5.000000 
-5.000000 
-5.000000 
-5.000000 
-5.000000 
-5.000000 
-5.000000 
-5.000000 
-5.000000 
-5.000000 
-5.000000 
-5.000000 
-5.000000 
-5.000000 
-5.000000 
-5.000000 
-5.000000 
-5.000000 
-5.000000 
-5.000000 
-5.000000 
-5.000000 
-5.000000 
-5.000000 
-5.000000 
-5.000000 
-5.000000 
-5.000000 
-5.000000 
-5.000000 
-5.000000 
-5.000000 
-5.000000 
0.893069 
0.899315 
0.911799 
0.930510 
0.955432 
0.986551 
1.023858 
1.067354 
1.117051 
1.172978 
1.235176 
1.303698 
1.378604 
1.459950 
1.547772 
1.642077 
1.742816 
1.849866 
1.963009 
2.081900 
2.206055 
2.334823 
2.467374 
-5.000000 
-5.000000 
-5.000000 
-5.000000 
-5.000000 
-5.000000 
-5.000000 
-5.000000 
-5.000000 
-5.000000 
-5.000000 
-5.000000 
-5.000000 
-5.000000 
-5.000000 
-5.000000 
-5.000000 
-5.000000 
-5.000000 
-5.000000 
-5.000000 
-5.000000 
-5.000000 
-5.000000 
-5.000000 
-5.000000 
-5.000000 
-5.000000 
-5.000000 
-5.000000 
-5.000000 
-5.000000 
-5.000000 
-5.000000 
-5.000000 
-5.000000 
-5.000000 
0.789217 
0.795407 
0.807800 
0.826424 
0.851321 
0.882553 
0.920202 
0.964371 
1.015185 
1.072792 
1.137356 
1.209051 
1.288054 
1.374528 
1.468607 
1.570375 
1.679844 
1.796927 
1.921416 
2.052950 
2.190995 
2.334823 
-5.000000 
-5.000000 
-5.000000 
-5.000000 
-5.000000 
-5.000000 
-5.000000 
-5.000000 
-5.000000 
-5.000000 
-5.000000 
-5.000000 
-5.000000 
-5.000000 
-5.000000 
-5.000000 
-5.000000 
-5.000000 
-5.000000 
-5.000000 
-5.000000 
-5.000000 
-5.000000 
-5.000000 
-5.000000 
-5.000000 
-5.000000 
-5.000000 
-5.000000 
-5.000000 
-5.000000 
-5.000000 
-5.000000 
-5.000000 
-5.000000 
-5.000000 
-5.000000 
-5.000000 
0.696862 
0.703039 
0.715426 
0.734087 
0.759121 
0.790661 
0.828872 
0.873957 
0.926147 
0.985702 
1.052901 
1.128036 
1.211392 
1.303236 
1.403792 
1.513220 
1.631587 
1.758840 
1.894779 
2.039025 
2.190995 
-5.000000 
-5.000000 
-5.000000 
-5.000000 
-5.000000 
-5.000000 
-5.000000 
-5.000000 
-5.000000 
-5.000000 
-5.000000 
-5.000000 
-5.000000 
-5.000000 
-5.000000 
-5.000000 
-5.000000 
-5.000000 
-5.000000 
-5.000000 
-5.000000 
-5.000000 
-5.000000 
-5.000000 
-5.000000 
-5.000000 
-5.000000 
-5.000000 
-5.000000 
-5.000000 
-5.000000 
-5.000000 
-5.000000 
-5.000000 
-5.000000 
-5.000000 
-5.000000 
-5.000000 
-5.000000 
0.615349 
0.621554 
0.634013 
0.652828 
0.678148 
0.710173 
0.749151 
0.795374 
0.849175 
0.910920 
0.980999 
1.059811 
1.147748 
1.245173 
1.352395 
1.469647 
1.597047 
1.734573 
1.882032 
2.039025 
-5.000000 
-5.000000 
-5.000000 
-5.000000 
-5.000000 
-5.000000 
-5.000000 
-5.000000 
-5.000000 
-5.000000 
-5.000000 
-5.000000 
-5.000000 
-5.000000 
-5.000000 
-5.000000 
-5.000000 
-5.000000 
-5.000000 
-5.000000 
-5.000000 
-5.000000 
-5.000000 
-5.000000 
-5.000000 
-5.000000 
-5.000000 
-5.000000 
-5.000000 
-5.000000 
-5.000000 
-5.000000 
-5.000000 
-5.000000 
-5.000000 
-5.000000 
-5.000000 
-5.000000 
-5.000000 
-5.000000 
0.543965 
0.550234 
0.562839 
0.581912 
0.607655 
0.640328 
0.680256 
0.727817 
0.783441 
0.847594 
0.920768 
1.003467 
1.096181 
1.199365 
1.313411 
1.438616 
1.575150 
1.723019 
1.882032 
-5.000000 
-5.000000 
-5.000000 
-5.000000 
-5.000000 
-5.000000 
-5.000000 
-5.000000 
-5.000000 
-5.000000 
-5.000000 
-5.000000 
-5.000000 
-5.000000 
-5.000000 
-5.000000 
-5.000000 
-5.000000 
-5.000000 
-5.000000 
-5.000000 
-5.000000 
-5.000000 
-5.000000 
-5.000000 
-5.000000 
-5.000000 
-5.000000 
-5.000000 
-5.000000 
-5.000000 
-5.000000 
-5.000000 
-5.000000 
-5.000000 
-5.000000 
-5.000000 
-5.000000 
-5.000000 
-5.000000 
-5.000000 
0.481959 
0.488325 
0.501139 
0.520567 
0.546853 
0.580320 
0.621362 
0.670441 
0.728074 
0.794824 
0.871281 
0.958046 
1.055702 
1.164792 
1.285785 
1.419041 
1.564774 
1.723019 
-5.000000 
-5.000000 
-5.000000 
-5.000000 
-5.000000 
-5.000000 
-5.000000 
-5.000000 
-5.000000 
-5.000000 
-5.000000 
-5.000000 
-5.000000 
-5.000000 
-5.000000 
-5.000000 
-5.000000 
-5.000000 
-5.000000 
-5.000000 
-5.000000 
-5.000000 
-5.000000 
-5.000000 
-5.000000 
-5.000000 
-5.000000 
-5.000000 
-5.000000 
-5.000000 
-5.000000 
-5.000000 
-5.000000 
-5.000000 
-5.000000 
-5.000000 
-5.000000 
-5.000000 
-5.000000 
-5.000000 
-5.000000 
-5.000000 
0.428554 
0.435047 
0.448129 
0.467994 
0.494933 
0.529321 
0.571622 
0.622374 
0.682179 
0.751689 
0.831588 
0.922566 
1.025298 
1.140409 
1.268439 
1.409808 
1.564774 
-5.000000 
-5.000000 
-5.000000 
-5.000000 
-5.000000 
-5.000000 
-5.000000 
-5.000000 
-5.000000 
-5.000000 
-5.000000 
-5.000000 
-5.000000 
-5.000000 
-5.000000 
-5.000000 
-5.000000 
-5.000000 
-5.000000 
-5.000000 
-5.000000 
-5.000000 
-5.000000 
-5.000000 
-5.000000 
-5.000000 
-5.000000 
-5.000000 
-5.000000 
-5.000000 
-5.000000 
-5.000000 
-5.000000 
-5.000000 
-5.000000 
-5.000000 
-5.000000 
-5.000000 
-5.000000 
-5.000000 
-5.000000 
-5.000000 
-5.000000 
0.382972 
0.389616 
0.403016 
0.423394 
0.451078 
0.486500 
0.530184 
0.582743 
0.644857 
0.717263 
0.800733 
0.896045 
1.003956 
1.125170 
1.260295 
1.409808 
-5.000000 
-5.000000 
-5.000000 
-5.000000 
-5.000000 
-5.000000 
-5.000000 
-5.000000 
-5.000000 
-5.000000 
-5.000000 
-5.000000 
-5.000000 
-5.000000 
-5.000000 
-5.000000 
-5.000000 
-5.000000 
-5.000000 
-5.000000 
-5.000000 
-5.000000 
-5.000000 
-5.000000 
-5.000000 
-5.000000 
-5.000000 
-5.000000 
-5.000000 
-5.000000 
-5.000000 
-5.000000 
-5.000000 
-5.000000 
-5.000000 
-5.000000 
-5.000000 
-5.000000 
-5.000000 
-5.000000 
-5.000000 
-5.000000 
-5.000000 
-5.000000 
0.344440 
0.351258 
0.365020 
0.385972 
0.414483 
0.451032 
0.496206 
0.550682 
0.615219 
0.690633 
0.777777 
0.877512 
0.990677 
1.118046 
1.260295 
-5.000000 
-5.000000 
-5.000000 
-5.000000 
-5.000000 
-5.000000 
-5.000000 
-5.000000 
-5.000000 
-5.000000 
-5.000000 
-5.000000 
-5.000000 
-5.000000 
-5.000000 
-5.000000 
-5.000000 
-5.000000 
-5.000000 
-5.000000 
-5.000000 
-5.000000 
-5.000000 
-5.000000 
-5.000000 
-5.000000 
-5.000000 
-5.000000 
-5.000000 
-5.000000 
-5.000000 
-5.000000 
-5.000000 
-5.000000 
-5.000000 
-5.000000 
-5.000000 
-5.000000 
-5.000000 
-5.000000 
-5.000000 
-5.000000 
-5.000000 
-5.000000 
-5.000000 
0.312207 
0.319218 
0.333378 
0.354959 
0.384364 
0.422120 
0.468869 
0.525354 
0.592404 
0.670912 
0.761808 
0.866032 
0.984496 
1.118046 
-5.000000 
-5.000000 
-5.000000 
-5.000000 
-5.000000 
-5.000000 
-5.000000 
-5.000000 
-5.000000 
-5.000000 
-5.000000 
-5.000000 
-5.000000 
-5.000000 
-5.000000 
-5.000000 
-5.000000 
-5.000000 
-5.000000 
-5.000000 
-5.000000 
-5.000000 
-5.000000 
-5.000000 
-5.000000 
-5.000000 
-5.000000 
-5.000000 
-5.000000 
-5.000000 
-5.000000 
-5.000000 
-5.000000 
-5.000000 
-5.000000 
-5.000000 
-5.000000 
-5.000000 
-5.000000 
-5.000000 
-5.000000 
-5.000000 
-5.000000 
-5.000000 
-5.000000 
-5.000000 
0.285552 
0.292772 
0.307361 
0.329614 
0.359969 
0.398996 
0.447391 
0.505957 
0.575591 
0.657257 
0.751959 
0.860710 
0.984496 
-5.000000 
-5.000000 
-5.000000 
-5.000000 
-5.000000 
-5.000000 
-5.000000 
-5.000000 
-5.000000 
-5.000000 
-5.000000 
-5.000000 
-5.000000 
-5.000000 
-5.000000 
-5.000000 
-5.000000 
-5.000000 
-5.000000 
-5.000000 
-5.000000 
-5.000000 
-5.000000 
-5.000000 
-5.000000 
-5.000000 
-5.000000 
-5.000000 
-5.000000 
-5.000000 
-5.000000 
-5.000000 
-5.000000 
-5.000000 
-5.000000 
-5.000000 
-5.000000 
-5.000000 
-5.000000 
-5.000000 
-5.000000 
-5.000000 
-5.000000 
-5.000000 
-5.000000 
-5.000000 
-5.000000 
0.263794 
0.271236 
0.286279 
0.309240 
0.340588 
0.380938 
0.431032 
0.491734 
0.564003 
0.648871 
0.747412 
0.860710 
-5.000000 
-5.000000 
-5.000000 
-5.000000 
-5.000000 
-5.000000 
-5.000000 
-5.000000 
-5.000000 
-5.000000 
-5.000000 
-5.000000 
-5.000000 
-5.000000 
-5.000000 
-5.000000 
-5.000000 
-5.000000 
-5.000000 
-5.000000 
-5.000000 
-5.000000 
-5.000000 
-5.000000 
-5.000000 
-5.000000 
-5.000000 
-5.000000 
-5.000000 
-5.000000 
-5.000000 
-5.000000 
-5.000000 
-5.000000 
-5.000000 
-5.000000 
-5.000000 
-5.000000 
-5.000000 
-5.000000 
-5.000000 
-5.000000 
-5.000000 
-5.000000 
-5.000000 
-5.000000 
-5.000000 
-5.000000 
0.246295 
0.253968 
0.269485 
0.293182 
0.325559 
0.367269 
0.419104 
0.481982 
0.556920 
0.645017 
0.747412 
-5.000000 
-5.000000 
-5.000000 
-5.000000 
-5.000000 
-5.000000 
-5.000000 
-5.000000 
-5.000000 
-5.000000 
-5.000000 
-5.000000 
-5.000000 
-5.000000 
-5.000000 
-5.000000 
-5.000000 
-5.000000 
-5.000000 
-5.000000 
-5.000000 
-5.000000 
-5.000000 
-5.000000 
-5.000000 
-5.000000 
-5.000000 
-5.000000 
-5.000000 
-5.000000 
-5.000000 
-5.000000 
-5.000000 
-5.000000 
-5.000000 
-5.000000 
-5.000000 
-5.000000 
-5.000000 
-5.000000 
-5.000000 
-5.000000 
-5.000000 
-5.000000 
-5.000000 
-5.000000 
-5.000000 
-5.000000 
-5.000000 
0.232465 
0.240377 
0.256382 
0.280836 
0.314268 
0.357368 
0.410972 
0.476051 
0.553680 
0.645017 
-5.000000 
-5.000000 
-5.000000 
-5.000000 
-5.000000 
-5.000000 
-5.000000 
-5.000000 
-5.000000 
-5.000000 
-5.000000 
-5.000000 
-5.000000 
-5.000000 
-5.000000 
-5.000000 
-5.000000 
-5.000000 
-5.000000 
-5.000000 
-5.000000 
-5.000000 
-5.000000 
-5.000000 
-5.000000 
-5.000000 
-5.000000 
-5.000000 
-5.000000 
-5.000000 
-5.000000 
-5.000000 
-5.000000 
-5.000000 
-5.000000 
-5.000000 
-5.000000 
-5.000000 
-5.000000 
-5.000000 
-5.000000 
-5.000000 
-5.000000 
-5.000000 
-5.000000 
-5.000000 
-5.000000 
-5.000000 
-5.000000 
-5.000000 
0.221762 
0.229919 
0.246424 
0.271651 
0.306156 
0.350664 
0.406057 
0.473351 
0.553680 
-5.000000 
-5.000000 
-5.000000 
-5.000000 
-5.000000 
-5.000000 
-5.000000 
-5.000000 
-5.000000 
-5.000000 
-5.000000 
-5.000000 
-5.000000 
-5.000000 
-5.000000 
-5.000000 
-5.000000 
-5.000000 
-5.000000 
-5.000000 
-5.000000 
-5.000000 
-5.000000 
-5.000000 
-5.000000 
-5.000000 
-5.000000 
-5.000000 
-5.000000 
-5.000000 
-5.000000 
-5.000000 
-5.000000 
-5.000000 
-5.000000 
-5.000000 
-5.000000 
-5.000000 
-5.000000 
-5.000000 
-5.000000 
-5.000000 
-5.000000 
-5.000000 
-5.000000 
-5.000000 
-5.000000 
-5.000000 
-5.000000 
-5.000000 
-5.000000 
0.213693 
0.222100 
0.239112 
0.265122 
0.300713 
0.346643 
0.403834 
0.473351 
-5.000000 
-5.000000 
-5.000000 
-5.000000 
-5.000000 
-5.000000 
-5.000000 
-5.000000 
-5.000000 
-5.000000 
-5.000000 
-5.000000 
-5.000000 
-5.000000 
-5.000000 
-5.000000 
-5.000000 
-5.000000 
-5.000000 
-5.000000 
-5.000000 
-5.000000 
-5.000000 
-5.000000 
-5.000000 
-5.000000 
-5.000000 
-5.000000 
-5.000000 
-5.000000 
-5.000000 
-5.000000 
-5.000000 
-5.000000 
-5.000000 
-5.000000 
-5.000000 
-5.000000 
-5.000000 
-5.000000 
-5.000000 
-5.000000 
-5.000000 
-5.000000 
-5.000000 
-5.000000 
-5.000000 
-5.000000 
-5.000000 
-5.000000 
-5.000000 
-5.000000 
0.207813 
0.216472 
0.233997 
0.260798 
0.297482 
0.344840 
0.403834 
-5.000000 
-5.000000 
-5.000000 
-5.000000 
-5.000000 
-5.000000 
-5.000000 
-5.000000 
-5.000000 
-5.000000 
-5.000000 
-5.000000 
-5.000000 
-5.000000 
-5.000000 
-5.000000 
-5.000000 
-5.000000 
-5.000000 
-5.000000 
-5.000000 
-5.000000 
-5.000000 
-5.000000 
-5.000000 
-5.000000 
-5.000000 
-5.000000 
-5.000000 
-5.000000 
-5.000000 
-5.000000 
-5.000000 
-5.000000 
-5.000000 
-5.000000 
-5.000000 
-5.000000 
-5.000000 
-5.000000 
-5.000000 
-5.000000 
-5.000000 
-5.000000 
-5.000000 
-5.000000 
-5.000000 
-5.000000 
-5.000000 
-5.000000 
-5.000000 
-5.000000 
-5.000000 
0.203720 
0.212633 
0.230674 
0.258270 
0.296051 
0.344840 
-5.000000 
-5.000000 
-5.000000 
-5.000000 
-5.000000 
-5.000000 
-5.000000 
-5.000000 
-5.000000 
-5.000000 
-5.000000 
-5.000000 
-5.000000 
-5.000000 
-5.000000 
-5.000000 
-5.000000 
-5.000000 
-5.000000 
-5.000000 
-5.000000 
-5.000000 
-5.000000 
-5.000000 
-5.000000 
-5.000000 
-5.000000 
-5.000000 
-5.000000 
-5.000000 
-5.000000 
-5.000000 
-5.000000 
-5.000000 
-5.000000 
-5.000000 
-5.000000 
-5.000000 
-5.000000 
-5.000000 
-5.000000 
-5.000000 
-5.000000 
-5.000000 
-5.000000 
-5.000000 
-5.000000 
-5.000000 
-5.000000 
-5.000000 
-5.000000 
-5.000000 
-5.000000 
-5.000000 
0.201052 
0.210219 
0.228778 
0.257171 
0.296051 
-5.000000 
-5.000000 
-5.000000 
-5.000000 
-5.000000 
-5.000000 
-5.000000 
-5.000000 
-5.000000 
-5.000000 
-5.000000 
-5.000000 
-5.000000 
-5.000000 
-5.000000 
-5.000000 
-5.000000 
-5.000000 
-5.000000 
-5.000000 
-5.000000 
-5.000000 
-5.000000 
-5.000000 
-5.000000 
-5.000000 
-5.000000 
-5.000000 
-5.000000 
-5.000000 
-5.000000 
-5.000000 
-5.000000 
-5.000000 
-5.000000 
-5.000000 
-5.000000 
-5.000000 
-5.000000 
-5.000000 
-5.000000 
-5.000000 
-5.000000 
-5.000000 
-5.000000 
-5.000000 
-5.000000 
-5.000000 
-5.000000 
-5.000000 
-5.000000 
-5.000000 
-5.000000 
-5.000000 
-5.000000 
0.199480 
0.208903 
0.227981 
0.257171 
-5.000000 
-5.000000 
-5.000000 
-5.000000 
-5.000000 
-5.000000 
-5.000000 
-5.000000 
-5.000000 
-5.000000 
-5.000000 
-5.000000 
-5.000000 
-5.000000 
-5.000000 
-5.000000 
-5.000000 
-5.000000 
-5.000000 
-5.000000 
-5.000000 
-5.000000 
-5.000000 
-5.000000 
-5.000000 
-5.000000 
-5.000000 
-5.000000 
-5.000000 
-5.000000 
-5.000000 
-5.000000 
-5.000000 
-5.000000 
-5.000000 
-5.000000 
-5.000000 
-5.000000 
-5.000000 
-5.000000 
-5.000000 
-5.000000 
-5.000000 
-5.000000 
-5.000000 
-5.000000 
-5.000000 
-5.000000 
-5.000000 
-5.000000 
-5.000000 
-5.000000 
-5.000000 
-5.000000 
-5.000000 
-5.000000 
0.198705 
0.208384 
0.227981 
-5.000000 
-5.000000 
-5.000000 
-5.000000 
-5.000000 
-5.000000 
-5.000000 
-5.000000 
-5.000000 
-5.000000 
-5.000000 
-5.000000 
-5.000000 
-5.000000 
-5.000000 
-5.000000 
-5.000000 
-5.000000 
-5.000000 
-5.000000 
-5.000000 
-5.000000 
-5.000000 
-5.000000 
-5.000000 
-5.000000 
-5.000000 
-5.000000 
-5.000000 
-5.000000 
-5.000000 
-5.000000 
-5.000000 
-5.000000 
-5.000000 
-5.000000 
-5.000000 
-5.000000 
-5.000000 
-5.000000 
-5.000000 
-5.000000 
-5.000000 
-5.000000 
-5.000000 
-5.000000 
-5.000000 
-5.000000 
-5.000000 
-5.000000 
-5.000000 
-5.000000 
-5.000000 
-5.000000 
-5.000000 
-5.000000 
-5.000000 
0.198449 
0.208384 
-5.000000 
-5.000000 
-5.000000 
-5.000000 
-5.000000 
-5.000000 
-5.000000 
-5.000000 
-5.000000 
-5.000000 
-5.000000 
-5.000000 
-5.000000 
-5.000000 
-5.000000 
-5.000000 
-5.000000 
-5.000000 
-5.000000 
-5.000000 
-5.000000 
-5.000000 
-5.000000 
-5.000000 
-5.000000 
-5.000000 
-5.000000 
-5.000000 
-5.000000 
-5.000000 
-5.000000 
-5.000000 
-5.000000 
-5.000000 
-5.000000 
-5.000000 
-5.000000 
-5.000000 
-5.000000 
-5.000000 
-5.000000 
-5.000000 
-5.000000 
-5.000000 
-5.000000 
-5.000000 
-5.000000 
-5.000000 
-5.000000 
-5.000000 
-5.000000 
-5.000000 
-5.000000 
-5.000000 
-5.000000 
-5.000000 
-5.000000 
-5.000000 
0.198449 
-5.000000 
-5.000000 
-5.000000 
-5.000000 
-5.000000 
-5.000000 
-5.000000 
-5.000000 
-5.000000 
-5.000000 
-5.000000 
-5.000000 
-5.000000 
-5.000000 
-5.000000 
-5.000000 
-5.000000 
-5.000000 
-5.000000 
-5.000000 
-5.000000 
-5.000000 
-5.000000 
-5.000000 
-5.000000 
-5.000000 
-5.000000 
-5.000000 
-5.000000 
-5.000000 
-5.000000 
-5.000000 
-5.000000 
-5.000000 
-5.000000 
-5.000000 
-5.000000 
-5.000000 
-5.000000 
-5.000000 
-5.000000 
-5.000000 
-5.000000 
-5.000000 
-5.000000 
-5.000000 
-5.000000 
-5.000000 
-5.000000 
-5.000000 
-5.000000 
-5.000000 
-5.000000 
-5.000000 
-5.000000 
-5.000000 
-5.000000 
-5.000000 
-5.000000 
-5.000000 
-5.000000 
-5.000000 
-5.000000 
-5.000000 
-5.000000 
-5.000000 
-5.000000 
-5.000000 
-5.000000 
-5.000000 
-5.000000 
-5.000000 
-5.000000 
-5.000000 
-5.000000 
-5.000000 
-5.000000 
-5.000000 
-5.000000 
-5.000000 
-5.000000 
-5.000000 
-5.000000 
-5.000000 
-5.000000 
-5.000000 
-5.000000 
-5.000000 
-5.000000 
-5.000000 
-5.000000 
-5.000000 
-5.000000 
-5.000000 
-5.000000 
-5.000000 
-5.000000 
-5.000000 
-5.000000 
-5.000000 
-5.000000 
-5.000000 
-5.000000 
-5.000000 
-5.000000 
-5.000000 
-5.000000 
-5.000000 
-5.000000 
-5.000000 
-5.000000 
-5.000000 
-5.000000 
-5.000000 
-5.000000 
-5.000000 
-5.000000 
-5.000000 
-5.000000 
