# z = , (t = 0.5)
0.101688 
0.187423 
0.397813 
0.808841 
1.523937 
2.649296 
4.253216 
6.321443 
8.731691 
11.268289 
13.678490 
15.746530 
17.349803 
18.473107 
19.182219 
19.577301 
19.748913 
19.748913 
19.577301 
19.182219 
18.473107 
17.349803 
15.746530 
13.678490 
11.268289 
8.731690 
6.321440 
4.253199 
2.649226 
1.523666 
0.807870 
0.394586 
0.177512 
0.073575 
0.028113 
0.009911 
0.003227 
0.000971 
0.000270 
0.000070 
0.000017 
0.000004 
0.000001 
0.000000 
0.000000 
0.000000 
0.000000 
0.000000 
0.000000 
0.000000 
0.000000 
0.000000 
0.000000 
0.000000 
0.000000 
0.000000 
0.000000 
0.000000 
0.000000 
-5.000000 
0.101688 
0.187423 
0.397813 
0.808841 
1.523937 
2.649296 
4.253216 
6.321443 
8.731691 
11.268289 
13.678490 
15.746530 
17.349803 
18.473107 
19.182219 
19.577301 
19.748913 
19.748913 
19.577301 
19.182219 
18.473107 
17.349803 
15.746530 
13.678490 
11.268289 
8.731690 
6.321440 
4.253199 
2.649226 
1.523666 
0.807870 
0.394586 
0.177512 
0.073575 
0.028113 
0.009911 
0.003227 
0.000971 
0.000270 
0.000070 
0.000017 
0.000004 
0.000001 
0.000000 
0.000000 
0.000000 
0.000000 
0.000000 
0.000000 
0.000000 
0.000000 
0.000000 
0.000000 
0.000000 
0.000000 
0.000000 
0.000000 
0.000000 
-5.000000 
-5.000000 
0.101688 
0.187423 
0.397813 
0.808841 
1.523937 
2.649296 
4.253215 
6.321443 
8.731691 
11.268289 
13.678489 
15.746530 
17.349802 
18.473106 
19.182218 
19.577300 
19.748913 
19.748913 
19.577300 
19.182218 
18.473106 
17.349802 
15.746530 
13.678489 
11.268289 
8.731690 
6.321440 
4.253199 
2.649226 
1.523666 
0.807870 
0.394586 
0.177512 
0.073575 
0.028113 
0.009911 
0.003227 
0.000971 
0.000270 
0.000070 
0.000017 
0.000004 
0.000001 
0.000000 
0.000000 
0.000000 
0.000000 
0.000000 
0.000000 
0.000000 
0.000000 
0.000000 
0.000000 
0.000000 
0.000000 
0.000000 
0.000000 
-5.000000 
-5.000000 
-5.000000 
0.101688 
0.187423 
0.397813 
0.808841 
1.523936 
2.649295 
4.253215 
6.321442 
8.731690 
11.268287 
13.678487 
15.746527 
17.349799 
18.473103 
19.182216 
19.577297 
19.748910 
19.748910 
19.577297 
19.182216 
18.473103 
17.349799 
15.746527 
13.678487 
11.268287 
8.731689 
6.321439 
4.253198 
2.649226 
1.523666 
0.807870 
0.394586 
0.177512 
0.073575 
0.028113 
0.009911 
0.003227 
0.000971 
0.000270 
0.000070 
0.000017 
0.000004 
0.000001 
0.000000 
0.000000 
0.000000 
0.000000 
0.000000 
0.000000 
0.000000 
0.000000 
0.000000 
0.000000 
0.000000 
0.000000 
0.000000 
-5.000000 
-5.000000 
-5.000000 
-5.000000 
0.101688 
0.187423 
0.397812 
0.808840 
1.523936 
2.649294 
4.253213 
6.321438 
8.731684 
11.268280 
13.678478 
15.746517 
17.349788 
18.473091 
19.182203 
19.577284 
19.748897 
19.748897 
19.577284 
19.182203 
18.473091 
17.349788 
15.746517 
13.678478 
11.268280 
8.731683 
6.321435 
4.253196 
2.649224 
1.523665 
0.807869 
0.394586 
0.177512 
0.073575 
0.028113 
0.009911 
0.003227 
0.000971 
0.000270 
0.000070 
0.000017 
0.000004 
0.000001 
0.000000 
0.000000 
0.000000 
0.000000 
0.000000 
0.000000 
0.000000 
0.000000 
0.000000 
0.000000 
0.000000 
0.000000 
-5.000000 
-5.000000 
-5.000000 
-5.000000 
-5.000000 
0.101688 
0.187423 
0.397812 
0.808839 
1.523933 
2.649288 
4.253202 
6.321423 
8.731661 
11.268250 
13.678441 
15.746474 
17.349741 
18.473041 
19.182151 
19.577232 
19.748844 
19.748844 
19.577232 
19.182151 
18.473041 
17.349741 
15.746474 
13.678441 
11.268249 
8.731660 
6.321419 
4.253186 
2.649218 
1.523662 
0.807868 
0.394585 
0.177511 
0.073575 
0.028113 
0.009911 
0.003227 
0.000971 
0.000270 
0.000070 
0.000017 
0.000004 
0.000001 
0.000000 
0.000000 
0.000000 
0.000000 
0.000000 
0.000000 
0.000000 
0.000000 
0.000000 
0.000000 
0.000000 
-5.000000 
-5.000000 
-5.000000 
-5.000000 
-5.000000 
-5.000000 
0.101688 
0.187422 
0.397809 
0.808833 
1.523921 
2.649266 
4.253164 
6.321362 
8.731575 
11.268135 
13.678301 
15.746312 
17.349563 
18.472853 
19.181956 
19.577034 
19.748645 
19.748645 
19.577034 
19.181956 
18.472853 
17.349563 
15.746312 
13.678301 
11.268135 
8.731574 
6.321358 
4.253147 
2.649196 
1.523650 
0.807862 
0.394582 
0.177510 
0.073574 
0.028113 
0.009911 
0.003227 
0.000971 
0.000270 
0.000070 
0.000017 
0.000004 
0.000001 
0.000000 
0.000000 
0.000000 
0.000000 
0.000000 
0.000000 
0.000000 
0.000000 
0.000000 
0.000000 
-5.000000 
-5.000000 
-5.000000 
-5.000000 
-5.000000 
-5.000000 
-5.000000 
0.101686 
0.187418 
0.397800 
0.808812 
1.523877 
2.649185 
4.253027 
6.321150 
8.731272 
11.267737 
13.677812 
15.745748 
17.348943 
18.472195 
19.181277 
19.576343 
19.747949 
19.747949 
19.576343 
19.181277 
18.472195 
17.348943 
15.745748 
13.677812 
11.267737 
8.731271 
6.321146 
4.253010 
2.649115 
1.523607 
0.807841 
0.394573 
0.177507 
0.073573 
0.028113 
0.009911 
0.003227 
0.000971 
0.000270 
0.000070 
0.000017 
0.000004 
0.000001 
0.000000 
0.000000 
0.000000 
0.000000 
0.000000 
0.000000 
0.000000 
0.000000 
0.000000 
-5.000000 
-5.000000 
-5.000000 
-5.000000 
-5.000000 
-5.000000 
-5.000000 
-5.000000 
0.101679 
0.187404 
0.397768 
0.808741 
1.523733 
2.648919 
4.252580 
6.320461 
8.730297 
11.266457 
13.676245 
15.743939 
17.346952 
18.470084 
19.179093 
19.574121 
19.745712 
19.745712 
19.574121 
19.179093 
18.470084 
17.346952 
15.743939 
13.676245 
11.266457 
8.730296 
6.320458 
4.252563 
2.648850 
1.523463 
0.807770 
0.394541 
0.177493 
0.073568 
0.028111 
0.009911 
0.003227 
0.000971 
0.000270 
0.000070 
0.000017 
0.000004 
0.000001 
0.000000 
0.000000 
0.000000 
0.000000 
0.000000 
0.000000 
0.000000 
0.000000 
-5.000000 
-5.000000 
-5.000000 
-5.000000 
-5.000000 
-5.000000 
-5.000000 
-5.000000 
-5.000000 
0.101658 
0.187360 
0.397667 
0.808521 
1.523294 
2.648117 
4.251241 
6.318410 
8.727401 
11.262668 
13.671612 
15.738594 
17.341070 
18.463839 
19.172630 
19.567543 
19.739085 
19.739085 
19.567543 
19.172630 
18.463839 
17.341070 
15.738594 
13.671612 
11.262668 
8.727400 
6.318406 
4.251224 
2.648048 
1.523023 
0.807550 
0.394441 
0.177452 
0.073552 
0.028106 
0.009909 
0.003226 
0.000971 
0.000270 
0.000070 
0.000017 
0.000004 
0.000001 
0.000000 
0.000000 
0.000000 
0.000000 
0.000000 
0.000000 
0.000000 
-5.000000 
-5.000000 
-5.000000 
-5.000000 
-5.000000 
-5.000000 
-5.000000 
-5.000000 
-5.000000 
-5.000000 
0.101594 
0.187234 
0.397378 
0.807898 
1.522064 
2.645893 
4.247554 
6.312793 
8.719505 
11.252362 
13.659026 
15.724079 
17.325093 
18.446868 
19.155055 
19.549644 
19.721051 
19.721051 
19.549644 
19.155055 
18.446868 
17.325093 
15.724079 
13.659026 
11.252362 
8.719504 
6.312790 
4.247537 
2.645823 
1.521794 
0.806928 
0.394153 
0.177330 
0.073505 
0.028089 
0.009903 
0.003225 
0.000971 
0.000270 
0.000070 
0.000017 
0.000004 
0.000001 
0.000000 
0.000000 
0.000000 
0.000000 
0.000000 
0.000000 
-5.000000 
-5.000000 
-5.000000 
-5.000000 
-5.000000 
-5.000000 
-5.000000 
-5.000000 
-5.000000 
-5.000000 
-5.000000 
0.101423 
0.186897 
0.396622 
0.806290 
1.518917 
2.640245 
4.238253 
6.298697 
8.699758 
11.226647 
13.627662 
15.687919 
17.285280 
18.404559 
19.111216 
19.504979 
19.676037 
19.676037 
19.504979 
19.111216 
18.404559 
17.285280 
15.687919 
13.627662 
11.226647 
8.699758 
6.298693 
4.238236 
2.640176 
1.518647 
0.805321 
0.393402 
0.177009 
0.073379 
0.028044 
0.009889 
0.003220 
0.000969 
0.000270 
0.000070 
0.000017 
0.000004 
0.000001 
0.000000 
0.000000 
0.000000 
0.000000 
0.000000 
-5.000000 
-5.000000 
-5.000000 
-5.000000 
-5.000000 
-5.000000 
-5.000000 
-5.000000 
-5.000000 
-5.000000 
-5.000000 
-5.000000 
0.101004 
0.186085 
0.394821 
0.802497 
1.511558 
2.627139 
4.216797 
6.266325 
8.654559 
11.167910 
13.556097 
15.605438 
17.194452 
18.307991 
19.011106 
19.402944 
19.573182 
19.573182 
19.402944 
19.011106 
18.307991 
17.194452 
15.605438 
13.556097 
11.167910 
8.654558 
6.266321 
4.216781 
2.627070 
1.511289 
0.801531 
0.391612 
0.176234 
0.073072 
0.027932 
0.009851 
0.003209 
0.000966 
0.000269 
0.000069 
0.000017 
0.000004 
0.000001 
0.000000 
0.000000 
0.000000 
0.000000 
-5.000000 
-5.000000 
-5.000000 
-5.000000 
-5.000000 
-5.000000 
-5.000000 
-5.000000 
-5.000000 
-5.000000 
-5.000000 
-5.000000 
-5.000000 
0.100072 
0.184304 
0.390917 
0.794353 
1.495881 
2.599399 
4.171624 
6.198445 
8.560058 
11.045337 
13.406903 
15.433540 
17.005125 
18.106618 
18.802254 
19.189999 
19.358485 
19.358485 
19.189999 
18.802254 
18.106618 
17.005125 
15.433540 
13.406903 
11.045337 
8.560058 
6.198442 
4.171607 
2.599330 
1.495614 
0.793394 
0.387735 
0.174538 
0.072391 
0.027681 
0.009766 
0.003182 
0.000958 
0.000267 
0.000069 
0.000016 
0.000004 
0.000001 
0.000000 
0.000000 
0.000000 
-5.000000 
-5.000000 
-5.000000 
-5.000000 
-5.000000 
-5.000000 
-5.000000 
-5.000000 
-5.000000 
-5.000000 
-5.000000 
-5.000000 
-5.000000 
-5.000000 
0.098198 
0.180765 
0.383237 
0.778463 
1.465509 
2.545963 
4.085009 
6.068758 
8.379973 
10.812139 
13.123307 
15.106875 
16.645293 
17.723758 
18.405018 
18.784848 
18.949931 
18.949931 
18.784848 
18.405018 
17.723758 
16.645293 
15.106875 
13.123307 
10.812139 
8.379972 
6.068755 
4.084993 
2.545896 
1.465246 
0.777521 
0.380110 
0.171173 
0.071026 
0.027172 
0.009591 
0.003127 
0.000942 
0.000263 
0.000068 
0.000016 
0.000004 
0.000001 
0.000000 
0.000000 
-5.000000 
-5.000000 
-5.000000 
-5.000000 
-5.000000 
-5.000000 
-5.000000 
-5.000000 
-5.000000 
-5.000000 
-5.000000 
-5.000000 
-5.000000 
-5.000000 
-5.000000 
0.094796 
0.174403 
0.369557 
0.750361 
1.412110 
2.452479 
3.934081 
5.843468 
8.067819 
10.408496 
12.632802 
14.542014 
16.023009 
17.061455 
17.717616 
18.083559 
18.242644 
18.242644 
18.083559 
17.717616 
17.061455 
16.023009 
14.542014 
12.632802 
10.408496 
8.067819 
5.843465 
3.934065 
2.452413 
1.411856 
0.749449 
0.366534 
0.165135 
0.068555 
0.026241 
0.009268 
0.003024 
0.000912 
0.000254 
0.000066 
0.000016 
0.000004 
0.000001 
0.000000 
-5.000000 
-5.000000 
-5.000000 
-5.000000 
-5.000000 
-5.000000 
-5.000000 
-5.000000 
-5.000000 
-5.000000 
-5.000000 
-5.000000 
-5.000000 
-5.000000 
-5.000000 
-5.000000 
0.089235 
0.164088 
0.347541 
0.705399 
1.327094 
2.304249 
3.695556 
5.488325 
7.576644 
9.774112 
11.862389 
13.654992 
15.045727 
16.021070 
16.637502 
16.981373 
17.130894 
17.130894 
16.981373 
16.637502 
16.021070 
15.045727 
13.654992 
11.862389 
9.774112 
7.576643 
5.488322 
3.695541 
2.304187 
1.326853 
0.704539 
0.344690 
0.155356 
0.064525 
0.024711 
0.008733 
0.002851 
0.000860 
0.000240 
0.000062 
0.000015 
0.000003 
0.000001 
-5.000000 
-5.000000 
-5.000000 
-5.000000 
-5.000000 
-5.000000 
-5.000000 
-5.000000 
-5.000000 
-5.000000 
-5.000000 
-5.000000 
-5.000000 
-5.000000 
-5.000000 
-5.000000 
-5.000000 
0.081064 
0.149030 
0.315586 
0.640446 
1.204751 
2.091625 
3.354299 
4.981236 
6.876330 
8.870455 
10.765510 
12.392297 
13.654450 
14.539677 
15.099201 
15.411355 
15.547095 
15.547095 
15.411355 
15.099201 
14.539677 
13.654450 
12.392297 
10.765510 
8.870455 
6.876330 
4.981233 
3.354285 
2.091569 
1.204533 
0.639663 
0.312994 
0.141093 
0.058612 
0.022452 
0.007937 
0.002592 
0.000783 
0.000219 
0.000057 
0.000014 
0.000003 
-5.000000 
-5.000000 
-5.000000 
-5.000000 
-5.000000 
-5.000000 
-5.000000 
-5.000000 
-5.000000 
-5.000000 
-5.000000 
-5.000000 
-5.000000 
-5.000000 
-5.000000 
-5.000000 
-5.000000 
-5.000000 
0.070292 
0.129271 
0.273833 
0.555862 
1.045881 
1.816157 
2.913004 
4.326444 
5.972969 
7.705577 
9.352069 
10.765378 
11.861774 
12.630623 
13.116497 
13.387508 
13.505338 
13.505338 
13.387508 
13.116497 
12.630623 
11.861774 
10.765378 
9.352069 
7.705577 
5.972968 
4.326441 
2.912993 
1.816108 
1.045691 
0.555185 
0.271588 
0.122393 
0.050829 
0.019464 
0.006879 
0.002247 
0.000680 
0.000192 
0.000052 
0.000014 
-5.000000 
-5.000000 
-5.000000 
-5.000000 
-5.000000 
-5.000000 
-5.000000 
-5.000000 
-5.000000 
-5.000000 
-5.000000 
-5.000000 
-5.000000 
-5.000000 
-5.000000 
-5.000000 
-5.000000 
-5.000000 
-5.000000 
0.057569 
0.106000 
0.224785 
0.456703 
0.859948 
1.494218 
2.397847 
3.562719 
4.919983 
6.348312 
7.705549 
8.870314 
9.773575 
10.406680 
10.806534 
11.029426 
11.126285 
11.126285 
11.029426 
10.806534 
10.406680 
9.773575 
8.870314 
7.705549 
6.348312 
4.919982 
3.562717 
2.397837 
1.494179 
0.859794 
0.456151 
0.222953 
0.100380 
0.041645 
0.015932 
0.005628 
0.001842 
0.000564 
0.000167 
0.000052 
-5.000000 
-5.000000 
-5.000000 
-5.000000 
-5.000000 
-5.000000 
-5.000000 
-5.000000 
-5.000000 
-5.000000 
-5.000000 
-5.000000 
-5.000000 
-5.000000 
-5.000000 
-5.000000 
-5.000000 
-5.000000 
-5.000000 
-5.000000 
0.044119 
0.081423 
0.173028 
0.352138 
0.663989 
1.155077 
1.855369 
2.758725 
3.811709 
4.919977 
5.972941 
6.876216 
7.576228 
8.066427 
8.375685 
8.547875 
8.622629 
8.622629 
8.547875 
8.375685 
8.066427 
7.576228 
6.876216 
5.972941 
4.919977 
3.811708 
2.758723 
1.855362 
1.155048 
0.663873 
0.351720 
0.171636 
0.077138 
0.031944 
0.012205 
0.004319 
0.001434 
0.000466 
0.000167 
-5.000000 
-5.000000 
-5.000000 
-5.000000 
-5.000000 
-5.000000 
-5.000000 
-5.000000 
-5.000000 
-5.000000 
-5.000000 
-5.000000 
-5.000000 
-5.000000 
-5.000000 
-5.000000 
-5.000000 
-5.000000 
-5.000000 
-5.000000 
-5.000000 
0.031397 
0.058152 
0.123980 
0.252979 
0.478056 
0.833138 
1.340211 
1.994999 
2.758723 
3.562712 
4.326421 
4.981153 
5.488029 
5.842484 
6.065722 
6.189793 
6.243575 
6.243575 
6.189793 
6.065722 
5.842484 
5.488029 
4.981153 
4.326421 
3.562712 
2.758722 
1.994998 
1.340207 
0.833118 
0.477976 
0.252689 
0.123008 
0.055141 
0.022788 
0.008721 
0.003140 
0.001126 
0.000466 
-5.000000 
-5.000000 
-5.000000 
-5.000000 
-5.000000 
-5.000000 
-5.000000 
-5.000000 
-5.000000 
-5.000000 
-5.000000 
-5.000000 
-5.000000 
-5.000000 
-5.000000 
-5.000000 
-5.000000 
-5.000000 
-5.000000 
-5.000000 
-5.000000 
-5.000000 
0.020624 
0.038393 
0.082227 
0.168395 
0.319185 
0.557671 
0.898917 
1.340207 
1.855361 
2.397834 
2.912980 
3.354233 
3.695353 
3.933430 
4.083018 
4.165946 
4.201818 
4.201818 
4.165946 
4.083018 
3.933430 
3.695353 
3.354233 
2.912979 
2.397834 
1.855361 
1.340206 
0.898915 
0.557660 
0.319140 
0.168222 
0.081628 
0.036495 
0.015107 
0.005905 
0.002341 
0.001126 
-5.000000 
-5.000000 
-5.000000 
-5.000000 
-5.000000 
-5.000000 
-5.000000 
-5.000000 
-5.000000 
-5.000000 
-5.000000 
-5.000000 
-5.000000 
-5.000000 
-5.000000 
-5.000000 
-5.000000 
-5.000000 
-5.000000 
-5.000000 
-5.000000 
-5.000000 
-5.000000 
0.012453 
0.023335 
0.050272 
0.103441 
0.196843 
0.345047 
0.557659 
0.833118 
1.155047 
1.494177 
1.816101 
2.091538 
2.304076 
2.452037 
2.544717 
2.595928 
2.618020 
2.618020 
2.595928 
2.544717 
2.452037 
2.304076 
2.091538 
1.816101 
1.494177 
1.155047 
0.833118 
0.557660 
0.345047 
0.196834 
0.103384 
0.050018 
0.022408 
0.009518 
0.004182 
0.002341 
-5.000000 
-5.000000 
-5.000000 
-5.000000 
-5.000000 
-5.000000 
-5.000000 
-5.000000 
-5.000000 
-5.000000 
-5.000000 
-5.000000 
-5.000000 
-5.000000 
-5.000000 
-5.000000 
-5.000000 
-5.000000 
-5.000000 
-5.000000 
-5.000000 
-5.000000 
-5.000000 
-5.000000 
0.006892 
0.013020 
0.028255 
0.058479 
0.111826 
0.196817 
0.319134 
0.477975 
0.663872 
0.859793 
1.045687 
1.204517 
1.326794 
1.411652 
1.464603 
1.493742 
1.506269 
1.506269 
1.493742 
1.464603 
1.411652 
1.326794 
1.204517 
1.045687 
0.859793 
0.663873 
0.477977 
0.319141 
0.196837 
0.111877 
0.058585 
0.028425 
0.013138 
0.006418 
0.004182 
-5.000000 
-5.000000 
-5.000000 
-5.000000 
-5.000000 
-5.000000 
-5.000000 
-5.000000 
-5.000000 
-5.000000 
-5.000000 
-5.000000 
-5.000000 
-5.000000 
-5.000000 
-5.000000 
-5.000000 
-5.000000 
-5.000000 
-5.000000 
-5.000000 
-5.000000 
-5.000000 
-5.000000 
-5.000000 
0.003490 
0.006658 
0.014576 
0.030378 
0.058428 
0.103332 
0.168207 
0.252685 
0.351718 
0.456151 
0.555183 
0.639656 
0.704510 
0.749349 
0.777201 
0.792452 
0.798983 
0.798983 
0.792452 
0.777201 
0.749349 
0.704510 
0.639656 
0.555183 
0.456151 
0.351721 
0.252692 
0.168230 
0.103401 
0.058612 
0.030821 
0.015529 
0.008464 
0.006418 
-5.000000 
-5.000000 
-5.000000 
-5.000000 
-5.000000 
-5.000000 
-5.000000 
-5.000000 
-5.000000 
-5.000000 
-5.000000 
-5.000000 
-5.000000 
-5.000000 
-5.000000 
-5.000000 
-5.000000 
-5.000000 
-5.000000 
-5.000000 
-5.000000 
-5.000000 
-5.000000 
-5.000000 
-5.000000 
-5.000000 
0.001616 
0.003119 
0.006896 
0.014488 
0.028055 
0.049896 
0.081592 
0.122998 
0.171633 
0.222953 
0.271587 
0.312991 
0.344677 
0.366489 
0.379965 
0.387302 
0.390429 
0.390429 
0.387302 
0.379965 
0.366489 
0.344677 
0.312991 
0.271587 
0.222954 
0.171639 
0.123018 
0.081657 
0.050088 
0.028565 
0.015723 
0.009601 
0.008464 
-5.000000 
-5.000000 
-5.000000 
-5.000000 
-5.000000 
-5.000000 
-5.000000 
-5.000000 
-5.000000 
-5.000000 
-5.000000 
-5.000000 
-5.000000 
-5.000000 
-5.000000 
-5.000000 
-5.000000 
-5.000000 
-5.000000 
-5.000000 
-5.000000 
-5.000000 
-5.000000 
-5.000000 
-5.000000 
-5.000000 
-5.000000 
0.000684 
0.001338 
0.002992 
0.006343 
0.012378 
0.022156 
0.036418 
0.055119 
0.077133 
0.100379 
0.122393 
0.141092 
0.155350 
0.165116 
0.171113 
0.174357 
0.175731 
0.175731 
0.174357 
0.171113 
0.165116 
0.155350 
0.141092 
0.122394 
0.100383 
0.077148 
0.055171 
0.036584 
0.022636 
0.013642 
0.009375 
0.009601 
-5.000000 
-5.000000 
-5.000000 
-5.000000 
-5.000000 
-5.000000 
-5.000000 
-5.000000 
-5.000000 
-5.000000 
-5.000000 
-5.000000 
-5.000000 
-5.000000 
-5.000000 
-5.000000 
-5.000000 
-5.000000 
-5.000000 
-5.000000 
-5.000000 
-5.000000 
-5.000000 
-5.000000 
-5.000000 
-5.000000 
-5.000000 
-5.000000 
0.000265 
0.000526 
0.001191 
0.002551 
0.005020 
0.009050 
0.014962 
0.022747 
0.031933 
0.041642 
0.050828 
0.058612 
0.064523 
0.068548 
0.071003 
0.072321 
0.072876 
0.072876 
0.072321 
0.071003 
0.068548 
0.064523 
0.058612 
0.050831 
0.041652 
0.031969 
0.022870 
0.015348 
0.010152 
0.007891 
0.009375 
-5.000000 
-5.000000 
-5.000000 
-5.000000 
-5.000000 
-5.000000 
-5.000000 
-5.000000 
-5.000000 
-5.000000 
-5.000000 
-5.000000 
-5.000000 
-5.000000 
-5.000000 
-5.000000 
-5.000000 
-5.000000 
-5.000000 
-5.000000 
-5.000000 
-5.000000 
-5.000000 
-5.000000 
-5.000000 
-5.000000 
-5.000000 
-5.000000 
-5.000000 
0.000094 
0.000189 
0.000435 
0.000942 
0.001872 
0.003403 
0.005662 
0.008650 
0.012186 
0.015927 
0.019463 
0.022451 
0.024710 
0.026239 
0.027164 
0.027656 
0.027862 
0.027862 
0.027656 
0.027164 
0.026239 
0.024710 
0.022453 
0.019469 
0.015949 
0.012266 
0.008918 
0.006487 
0.005734 
0.007891 
-5.000000 
-5.000000 
-5.000000 
-5.000000 
-5.000000 
-5.000000 
-5.000000 
-5.000000 
-5.000000 
-5.000000 
-5.000000 
-5.000000 
-5.000000 
-5.000000 
-5.000000 
-5.000000 
-5.000000 
-5.000000 
-5.000000 
-5.000000 
-5.000000 
-5.000000 
-5.000000 
-5.000000 
-5.000000 
-5.000000 
-5.000000 
-5.000000 
-5.000000 
-5.000000 
0.000030 
0.000063 
0.000146 
0.000320 
0.000643 
0.001179 
0.001975 
0.003034 
0.004290 
0.005621 
0.006878 
0.007936 
0.008733 
0.009268 
0.009589 
0.009758 
0.009828 
0.009828 
0.009758 
0.009589 
0.009268 
0.008733 
0.007939 
0.006889 
0.005665 
0.004451 
0.003567 
0.003603 
0.005734 
-5.000000 
-5.000000 
-5.000000 
-5.000000 
-5.000000 
-5.000000 
-5.000000 
-5.000000 
-5.000000 
-5.000000 
-5.000000 
-5.000000 
-5.000000 
-5.000000 
-5.000000 
-5.000000 
-5.000000 
-5.000000 
-5.000000 
-5.000000 
-5.000000 
-5.000000 
-5.000000 
-5.000000 
-5.000000 
-5.000000 
-5.000000 
-5.000000 
-5.000000 
-5.000000 
-5.000000 
0.000009 
0.000019 
0.000045 
0.000100 
0.000203 
0.000376 
0.000636 
0.000982 
0.001395 
0.001832 
0.002245 
0.002591 
0.002850 
0.003023 
0.003126 
0.003180 
0.003202 
0.003202 
0.003180 
0.003126 
0.003024 
0.002852 
0.002596 
0.002266 
0.001915 
0.001692 
0.001962 
0.003603 
-5.000000 
-5.000000 
-5.000000 
-5.000000 
-5.000000 
-5.000000 
-5.000000 
-5.000000 
-5.000000 
-5.000000 
-5.000000 
-5.000000 
-5.000000 
-5.000000 
-5.000000 
-5.000000 
-5.000000 
-5.000000 
-5.000000 
-5.000000 
-5.000000 
-5.000000 
-5.000000 
-5.000000 
-5.000000 
-5.000000 
-5.000000 
-5.000000 
-5.000000 
-5.000000 
-5.000000 
-5.000000 
0.000002 
0.000005 
0.000013 
0.000029 
0.000059 
0.000111 
0.000189 
0.000294 
0.000419 
0.000552 
0.000677 
0.000782 
0.000860 
0.000912 
0.000942 
0.000958 
0.000964 
0.000964 
0.000958 
0.000942 
0.000912 
0.000862 
0.000791 
0.000715 
0.000696 
0.000929 
0.001962 
-5.000000 
-5.000000 
-5.000000 
-5.000000 
-5.000000 
-5.000000 
-5.000000 
-5.000000 
-5.000000 
-5.000000 
-5.000000 
-5.000000 
-5.000000 
-5.000000 
-5.000000 
-5.000000 
-5.000000 
-5.000000 
-5.000000 
-5.000000 
-5.000000 
-5.000000 
-5.000000 
-5.000000 
-5.000000 
-5.000000 
-5.000000 
-5.000000 
-5.000000 
-5.000000 
-5.000000 
-5.000000 
-5.000000 
0.000001 
0.000001 
0.000003 
0.000008 
0.000016 
0.000030 
0.000052 
0.000081 
0.000116 
0.000154 
0.000189 
0.000219 
0.000240 
0.000254 
0.000263 
0.000267 
0.000269 
0.000269 
0.000267 
0.000263 
0.000255 
0.000243 
0.000233 
0.000249 
0.000384 
0.000929 
-5.000000 
-5.000000 
-5.000000 
-5.000000 
-5.000000 
-5.000000 
-5.000000 
-5.000000 
-5.000000 
-5.000000 
-5.000000 
-5.000000 
-5.000000 
-5.000000 
-5.000000 
-5.000000 
-5.000000 
-5.000000 
-5.000000 
-5.000000 
-5.000000 
-5.000000 
-5.000000 
-5.000000 
-5.000000 
-5.000000 
-5.000000 
-5.000000 
-5.000000 
-5.000000 
-5.000000 
-5.000000 
-5.000000 
-5.000000 
0.000000 
0.000000 
0.000001 
0.000002 
0.000004 
0.000008 
0.000013 
0.000021 
0.000030 
0.000040 
0.000049 
0.000057 
0.000062 
0.000066 
0.000068 
0.000069 
0.000069 
0.000069 
0.000069 
0.000068 
0.000067 
0.000067 
0.000078 
0.000139 
0.000384 
-5.000000 
-5.000000 
-5.000000 
-5.000000 
-5.000000 
-5.000000 
-5.000000 
-5.000000 
-5.000000 
-5.000000 
-5.000000 
-5.000000 
-5.000000 
-5.000000 
-5.000000 
-5.000000 
-5.000000 
-5.000000 
-5.000000 
-5.000000 
-5.000000 
-5.000000 
-5.000000 
-5.000000 
-5.000000 
-5.000000 
-5.000000 
-5.000000 
-5.000000 
-5.000000 
-5.000000 
-5.000000 
-5.000000 
-5.000000 
-5.000000 
0.000000 
0.000000 
0.000000 
0.000000 
0.000001 
0.000002 
0.000003 
0.000005 
0.000007 
0.000010 
0.000012 
0.000014 
0.000015 
0.000016 
0.000016 
0.000016 
0.000017 
0.000017 
0.000017 
0.000017 
0.000017 
0.000022 
0.000045 
0.000139 
-5.000000 
-5.000000 
-5.000000 
-5.000000 
-5.000000 
-5.000000 
-5.000000 
-5.000000 
-5.000000 
-5.000000 
-5.000000 
-5.000000 
-5.000000 
-5.000000 
-5.000000 
-5.000000 
-5.000000 
-5.000000 
-5.000000 
-5.000000 
-5.000000 
-5.000000 
-5.000000 
-5.000000 
-5.000000 
-5.000000 
-5.000000 
-5.000000 
-5.000000 
-5.000000 
-5.000000 
-5.000000 
-5.000000 
-5.000000 
-5.000000 
-5.000000 
0.000000 
0.000000 
0.000000 
0.000000 
0.000000 
0.000000 
0.000001 
0.000001 
0.000002 
0.000002 
0.000003 
0.000003 
0.000003 
0.000004 
0.000004 
0.000004 
0.000004 
0.000004 
0.000004 
0.000004 
0.000005 
0.000013 
0.000045 
-5.000000 
-5.000000 
-5.000000 
-5.000000 
-5.000000 
-5.000000 
-5.000000 
-5.000000 
-5.000000 
-5.000000 
-5.000000 
-5.000000 
-5.000000 
-5.000000 
-5.000000 
-5.000000 
-5.000000 
-5.000000 
-5.000000 
-5.000000 
-5.000000 
-5.000000 
-5.000000 
-5.000000 
-5.000000 
-5.000000 
-5.000000 
-5.000000 
-5.000000 
-5.000000 
-5.000000 
-5.000000 
-5.000000 
-5.000000 
-5.000000 
-5.000000 
-5.000000 
0.000000 
0.000000 
0.000000 
0.000000 
0.000000 
0.000000 
0.000000 
0.000000 
0.000000 
0.000000 
0.000001 
0.000001 
0.000001 
0.000001 
0.000001 
0.000001 
0.000001 
0.000001 
0.000001 
0.000001 
0.000003 
0.000013 
-5.000000 
-5.000000 
-5.000000 
-5.000000 
-5.000000 
-5.000000 
-5.000000 
-5.000000 
-5.000000 
-5.000000 
-5.000000 
-5.000000 
-5.000000 
-5.000000 
-5.000000 
-5.000000 
-5.000000 
-5.000000 
-5.000000 
-5.000000 
-5.000000 
-5.000000 
-5.000000 
-5.000000 
-5.000000 
-5.000000 
-5.000000 
-5.000000 
-5.000000 
-5.000000 
-5.000000 
-5.000000 
-5.000000 
-5.000000 
-5.000000 
-5.000000 
-5.000000 
-5.000000 
0.000000 
0.000000 
0.000000 
0.000000 
0.000000 
0.000000 
0.000000 
0.000000 
0.000000 
0.000000 
0.000000 
0.000000 
0.000000 
0.000000 
0.000000 
0.000000 
0.000000 
0.000000 
0.000000 
0.000001 
0.000003 
-5.000000 
-5.000000 
-5.000000 
-5.000000 
-5.000000 
-5.000000 
-5.000000 
-5.000000 
-5.000000 
-5.000000 
-5.000000 
-5.000000 
-5.000000 
-5.000000 
-5.000000 
-5.000000 
-5.000000 
-5.000000 
-5.000000 
-5.000000 
-5.000000 
-5.000000 
-5.000000 
-5.000000 
-5.000000 
-5.000000 
-5.000000 
-5.000000 
-5.000000 
-5.000000 
-5.000000 
-5.000000 
-5.000000 
-5.000000 
-5.000000 
-5.000000 
-5.000000 
-5.000000 
-5.000000 
0.000000 
0.000000 
0.000000 
0.000000 
0.000000 
0.000000 
0.000000 
0.000000 
0.000000 
0.000000 
0.000000 
0.000000 
0.000000 
0.000000 
0.000000 
0.000000 
0.000000 
0.000000 
0.000000 
0.000001 
-5.000000 
-5.000000 
-5.000000 
-5.000000 
-5.000000 
-5.000000 
-5.000000 
-5.000000 
-5.000000 
-5.000000 
-5.000000 
-5.000000 
-5.000000 
-5.000000 
-5.000000 
-5.000000 
-5.000000 
-5.000000 
-5.000000 
-5.000000 
-5.000000 
-5.000000 
-5.000000 
-5.000000 
-5.000000 
-5.000000 
-5.000000 
-5.000000 
-5.000000 
-5.000000 
-5.000000 
-5.000000 
-5.000000 
-5.000000 
-5.000000 
-5.000000 
-5.000000 
-5.000000 
-5.000000 
-5.000000 
0.000000 
0.000000 
0.000000 
0.000000 
0.000000 
0.000000 
0.000000 
0.000000 
0.000000 
0.000000 
0.000000 
0.000000 
0.000000 
0.000000 
0.000000 
0.000000 
0.000000 
0.000000 
0.000000 
-5.000000 
-5.000000 
-5.000000 
-5.000000 
-5.000000 
-5.000000 
-5.000000 
-5.000000 
-5.000000 
-5.000000 
-5.000000 
-5.000000 
-5.000000 
-5.000000 
-5.000000 
-5.000000 
-5.000000 
-5.000000 
-5.000000 
-5.000000 
-5.000000 
-5.000000 
-5.000000 
-5.000000 
-5.000000 
-5.000000 
-5.000000 
-5.000000 
-5.000000 
-5.000000 
-5.000000 
-5.000000 
-5.000000 
-5.000000 
-5.000000 
-5.000000 
-5.000000 
-5.000000 
-5.000000 
-5.000000 
-5.000000 
0.000000 
0.000000 
0.000000 
0.000000 
0.000000 
0.000000 
0.000000 
0.000000 
0.000000 
0.000000 
0.000000 
0.000000 
0.000000 
0.000000 
0.000000 
0.000000 
0.000000 
0.000000 
-5.000000 
-5.000000 
-5.000000 
-5.000000 
-5.000000 
-5.000000 
-5.000000 
-5.000000 
-5.000000 
-5.000000 
-5.000000 
-5.000000 
-5.000000 
-5.000000 
-5.000000 
-5.000000 
-5.000000 
-5.000000 
-5.000000 
-5.000000 
-5.000000 
-5.000000 
-5.000000 
-5.000000 
-5.000000 
-5.000000 
-5.000000 
-5.000000 
-5.000000 
-5.000000 
-5.000000 
-5.000000 
-5.000000 
-5.000000 
-5.000000 
-5.000000 
-5.000000 
-5.000000 
-5.000000 
-5.000000 
-5.000000 
-5.000000 
0.000000 
0.000000 
0.000000 
0.000000 
0.000000 
0.000000 
0.000000 
0.000000 
0.000000 
0.000000 
0.000000 
0.000000 
0.000000 
0.000000 
0.000000 
0.000000 
0.000000 
-5.000000 
-5.000000 
-5.000000 
-5.000000 
-5.000000 
-5.000000 
-5.000000 
-5.000000 
-5.000000 
-5.000000 
-5.000000 
-5.000000 
-5.000000 
-5.000000 
-5.000000 
-5.000000 
-5.000000 
-5.000000 
-5.000000 
-5.000000 
-5.000000 
-5.000000 
-5.000000 
-5.000000 
-5.000000 
-5.000000 
-5.000000 
-5.000000 
-5.000000 
-5.000000 
-5.000000 
-5.000000 
-5.000000 
-5.000000 
-5.000000 
-5.000000 
-5.000000 
-5.000000 
-5.000000 
-5.000000 
-5.000000 
-5.000000 
-5.000000 
0.000000 
0.000000 
0.000000 
0.000000 
0.000000 
0.000000 
0.000000 
0.000000 
0.000000 
0.000000 
0.000000 
0.000000 
0.000000 
0.000000 
0.000000 
0.000000 
-5.000000 
-5.000000 
-5.000000 
-5.000000 
-5.000000 
-5.000000 
-5.000000 
-5.000000 
-5.000000 
-5.000000 
-5.000000 
-5.000000 
-5.000000 
-5.000000 
-5.000000 
-5.000000 
-5.000000 
-5.000000 
-5.000000 
-5.000000 
-5.000000 
-5.000000 
-5.000000 
-5.000000 
-5.000000 
-5.000000 
-5.000000 
-5.000000 
-5.000000 
-5.000000 
-5.000000 
-5.000000 
-5.000000 
-5.000000 
-5.000000 
-5.000000 
-5.000000 
-5.000000 
-5.000000 
-5.000000 
-5.000000 
-5.000000 
-5.000000 
-5.000000 
0.000000 
0.000000 
0.000000 
0.000000 
0.000000 
0.000000 
0.000000 
0.000000 
0.000000 
0.000000 
0.000000 
0.000000 
0.000000 
0.000000 
0.000000 
-5.000000 
-5.000000 
-5.000000 
-5.000000 
-5.000000 
-5.000000 
-5.000000 
-5.000000 
-5.000000 
-5.000000 
-5.000000 
-5.000000 
-5.000000 
-5.000000 
-5.000000 
-5.000000 
-5.000000 
-5.000000 
-5.000000 
-5.000000 
-5.000000 
-5.000000 
-5.000000 
-5.000000 
-5.000000 
-5.000000 
-5.000000 
-5.000000 
-5.000000 
-5.000000 
-5.000000 
-5.000000 
-5.000000 
-5.000000 
-5.000000 
-5.000000 
-5.000000 
-5.000000 
-5.000000 
-5.000000 
-5.000000 
-5.000000 
-5.000000 
-5.000000 
-5.000000 
0.000000 
0.000000 
0.000000 
0.000000 
0.000000 
0.000000 
0.000000 
0.000000 
0.000000 
0.000000 
0.000000 
0.000000 
0.000000 
0.000000 
-5.000000 
-5.000000 
-5.000000 
-5.000000 
-5.000000 
-5.000000 
-5.000000 
-5.000000 
-5.000000 
-5.000000 
-5.000000 
-5.000000 
-5.000000 
-5.000000 
-5.000000 
-5.000000 
-5.000000 
-5.000000 
-5.000000 
-5.000000 
-5.000000 
-5.000000 
-5.000000 
-5.000000 
-5.000000 
-5.000000 
-5.000000 
-5.000000 
-5.000000 
-5.000000 
-5.000000 
-5.000000 
-5.000000 
-5.000000 
-5.000000 
-5.000000 
-5.000000 
-5.000000 
-5.000000 
-5.000000 
-5.000000 
-5.000000 
-5.000000 
-5.000000 
-5.000000 
-5.000000 
0.000000 
0.000000 
0.000000 
0.000000 
0.000000 
0.000000 
0.000000 
0.000000 
0.000000 
0.000000 
0.000000 
0.000000 
0.000000 
-5.000000 
-5.000000 
-5.000000 
-5.000000 
-5.000000 
-5.000000 
-5.000000 
-5.000000 
-5.000000 
-5.000000 
-5.000000 
-5.000000 
-5.000000 
-5.000000 
-5.000000 
-5.000000 
-5.000000 
-5.000000 
-5.000000 
-5.000000 
-5.000000 
-5.000000 
-5.000000 
-5.000000 
-5.000000 
-5.000000 
-5.000000 
-5.000000 
-5.000000 
-5.000000 
-5.000000 
-5.000000 
-5.000000 
-5.000000 
-5.000000 
-5.000000 
-5.000000 
-5.000000 
-5.000000 
-5.000000 
-5.000000 
-5.000000 
-5.000000 
-5.000000 
-5.000000 
-5.000000 
-5.000000 
0.000000 
0.000000 
0.000000 
0.000000 
0.000000 
0.000000 
0.000000 
0.000000 
0.000000 
0.000000 
0.000000 
0.000000 
-5.000000 
-5.000000 
-5.000000 
-5.000000 
-5.000000 
-5.000000 
-5.000000 
-5.000000 
-5.000000 
-5.000000 
-5.000000 
-5.000000 
-5.000000 
-5.000000 
-5.000000 
-5.000000 
-5.000000 
-5.000000 
-5.000000 
-5.000000 
-5.000000 
-5.000000 
-5.000000 
-5.000000 
-5.000000 
-5.000000 
-5.000000 
-5.000000 
-5.000000 
-5.000000 
-5.000000 
-5.000000 
-5.000000 
-5.000000 
-5.000000 
-5.000000 
-5.000000 
-5.000000 
-5.000000 
-5.000000 
-5.000000 
-5.000000 
-5.000000 
-5.000000 
-5.000000 
-5.000000 
-5.000000 
-5.000000 
0.000000 
0.000000 
0.000000 
0.000000 
0.000000 
0.000000 
0.000000 
0.000000 
0.000000 
0.000000 
0.000000 
-5.000000 
-5.000000 
-5.000000 
-5.000000 
-5.000000 
-5.000000 
-5.000000 
-5.000000 
-5.000000 
-5.000000 
-5.000000 
-5.000000 
-5.000000 
-5.000000 
-5.000000 
-5.000000 
-5.000000 
-5.000000 
-5.000000 
-5.000000 
-5.000000 
-5.000000 
-5.000000 
-5.000000 
-5.000000 
-5.000000 
-5.000000 
-5.000000 
-5.000000 
-5.000000 
-5.000000 
-5.000000 
-5.000000 
-5.000000 
-5.000000 
-5.000000 
-5.000000 
-5.000000 
-5.000000 
-5.000000 
-5.000000 
-5.000000 
-5.000000 
-5.000000 
-5.000000 
-5.000000 
-5.000000 
-5.000000 
-5.000000 
0.000000 
0.000000 
0.000000 
0.000000 
0.000000 
0.000000 
0.000000 
0.000000 
0.000000 
0.000000 
-5.000000 
-5.000000 
-5.000000 
-5.000000 
-5.000000 
-5.000000 
-5.000000 
-5.000000 
-5.000000 
-5.000000 
-5.000000 
-5.000000 
-5.000000 
-5.000000 
-5.000000 
-5.000000 
-5.000000 
-5.000000 
-5.000000 
-5.000000 
-5.000000 
-5.000000 
-5.000000 
-5.000000 
-5.000000 
-5.000000 
-5.000000 
-5.000000 
-5.000000 
-5.000000 
-5.000000 
-5.000000 
-5.000000 
-5.000000 
-5.000000 
-5.000000 
-5.000000 
-5.000000 
-5.000000 
-5.000000 
-5.000000 
-5.000000 
-5.000000 
-5.000000 
-5.000000 
-5.000000 
-5.000000 
-5.000000 
-5.000000 
-5.000000 
0.000000 
0.000000 
0.000000 
0.000000 
0.000000 
0.000000 
0.000000 
0.000000 
0.000000 
-5.000000 
-5.000000 
-5.000000 
-5.000000 
-5.000000 
-5.000000 
-5.000000 
-5.000000 
-5.000000 
-5.000000 
-5.000000 
-5.000000 
-5.000000 
-5.000000 
-5.000000 
-5.000000 
-5.000000 
-5.000000 
-5.000000 
-5.000000 
-5.000000 
-5.000000 
-5.000000 
-5.000000 
-5.000000 
-5.000000 
-5.000000 
-5.000000 
-5.000000 
-5.000000 
-5.000000 
-5.000000 
-5.000000 
-5.000000 
-5.000000 
-5.000000 
-5.000000 
-5.000000 
-5.000000 
-5.000000 
-5.000000 
-5.000000 
-5.000000 
-5.000000 
-5.000000 
-5.000000 
-5.000000 
-5.000000 
-5.000000 
-5.000000 
-5.000000 
0.000000 
0.000000 
0.000000 
0.000000 
0.000000 
0.000000 
0.000000 
0.000000 
-5.000000 
-5.000000 
-5.000000 
-5.000000 
-5.000000 
-5.000000 
-5.000000 
-5.000000 
-5.000000 
-5.000000 
-5.000000 
-5.000000 
-5.000000 
-5.000000 
-5.000000 
-5.000000 
-5.000000 
-5.000000 
-5.000000 
-5.000000 
-5.000000 
-5.000000 
-5.000000 
-5.000000 
-5.000000 
-5.000000 
-5.000000 
-5.000000 
-5.000000 
-5.000000 
-5.000000 
-5.000000 
-5.000000 
-5.000000 
-5.000000 
-5.000000 
-5.000000 
-5.000000 
-5.000000 
-5.000000 
-5.000000 
-5.000000 
-5.000000 
-5.000000 
-5.000000 
-5.000000 
-5.000000 
-5.000000 
-5.000000 
-5.000000 
-5.000000 
-5.000000 
0.000000 
0.000000 
0.000000 
0.000000 
0.000000 
0.000000 
0.000000 
-5.000000 
-5.000000 
-5.000000 
-5.000000 
-5.000000 
-5.000000 
-5.000000 
-5.000000 
-5.000000 
-5.000000 
-5.000000 
-5.000000 
-5.000000 
-5.000000 
-5.000000 
-5.000000 
-5.000000 
-5.000000 
-5.000000 
-5.000000 
-5.000000 
-5.000000 
-5.000000 
-5.000000 
-5.000000 
-5.000000 
-5.000000 
-5.000000 
-5.000000 
-5.000000 
-5.000000 
-5.000000 
-5.000000 
-5.000000 
-5.000000 
-5.000000 
-5.000000 
-5.000000 
-5.000000 
-5.000000 
-5.000000 
-5.000000 
-5.000000 
-5.000000 
-5.000000 
-5.000000 
-5.000000 
-5.000000 
-5.000000 
-5.000000 
-5.000000 
-5.000000 
-5.000000 
0.000000 
0.000000 
0.000000 
0.000000 
0.000000 
0.000000 
-5.000000 
-5.000000 
-5.000000 
-5.000000 
-5.000000 
-5.000000 
-5.000000 
-5.000000 
-5.000000 
-5.000000 
-5.000000 
-5.000000 
-5.000000 
-5.000000 
-5.000000 
-5.000000 
-5.000000 
-5.000000 
-5.000000 
-5.000000 
-5.000000 
-5.000000 
-5.000000 
-5.000000 
-5.000000 
-5.000000 
-5.000000 
-5.000000 
-5.000000 
-5.000000 
-5.000000 
-5.000000 
-5.000000 
-5.000000 
-5.000000 
-5.000000 
-5.000000 
-5.000000 
-5.000000 
-5.000000 
-5.000000 
-5.000000 
-5.000000 
-5.000000 
-5.000000 
-5.000000 
-5.000000 
-5.000000 
-5.000000 
-5.000000 
-5.000000 
-5.000000 
-5.000000 
-5.000000 
0.000000 
0.000000 
0.000000 
0.000000 
0.000000 
-5.000000 
-5.000000 
-5.000000 
-5.000000 
-5.000000 
-5.000000 
-5.000000 
-5.000000 
-5.000000 
-5.000000 
-5.000000 
-5.000000 
-5.000000 
-5.000000 
-5.000000 
-5.000000 
-5.000000 
-5.000000 
-5.000000 
-5.000000 
-5.000000 
-5.000000 
-5.000000 
-5.000000 
-5.000000 
-5.000000 
-5.000000 
-5.000000 
-5.000000 
-5.000000 
-5.000000 
-5.000000 
-5.000000 
-5.000000 
-5.000000 
-5.000000 
-5.000000 
-5.000000 
-5.000000 
-5.000000 
-5.000000 
-5.000000 
-5.000000 
-5.000000 
-5.000000 
-5.000000 
-5.000000 
-5.000000 
-5.000000 
-5.000000 
-5.000000 
-5.000000 
-5.000000 
-5.000000 
-5.000000 
0.000000 
0.000000 
0.000000 
0.000000 
-5.000000 
-5.000000 
-5.000000 
-5.000000 
-5.000000 
-5.000000 
-5.000000 
-5.000000 
-5.000000 
-5.000000 
-5.000000 
-5.000000 
-5.000000 
-5.000000 
-5.000000 
-5.000000 
-5.000000 
-5.000000 
-5.000000 
-5.000000 
-5.000000 
-5.000000 
-5.000000 
-5.000000 
-5.000000 
-5.000000 
-5.000000 
-5.000000 
-5.000000 
-5.000000 
-5.000000 
-5.000000 
-5.000000 
-5.000000 
-5.000000 
-5.000000 
-5.000000 
-5.000000 
-5.000000 
-5.000000 
-5.000000 
-5.000000 
-5.000000 
-5.000000 
-5.000000 
-5.000000 
-5.000000 
-5.000000 
-5.000000 
-5.000000 
-5.000000 
-5.000000 
-5.000000 
-5.000000 
-5.000000 
-5.000000 
0.000000 
0.000000 
0.000000 
-5.000000 
-5.000000 
-5.000000 
-5.000000 
-5.000000 
-5.000000 
-5.000000 
-5.000000 
-5.000000 
-5.000000 
-5.000000 
-5.000000 
-5.000000 
-5.000000 
-5.000000 
-5.000000 
-5.000000 
-5.000000 
-5.000000 
-5.000000 
-5.000000 
-5.000000 
-5.000000 
-5.000000 
-5.000000 
-5.000000 
-5.000000 
-5.000000 
-5.000000 
-5.000000 
-5.000000 
-5.000000 
-5.000000 
-5.000000 
-5.000000 
-5.000000 
-5.000000 
-5.000000 
-5.000000 
-5.000000 
-5.000000 
-5.000000 
-5.000000 
-5.000000 
-5.000000 
-5.000000 
-5.000000 
-5.000000 
-5.000000 
-5.000000 
-5.000000 
-5.000000 
-5.000000 
-5.000000 
-5.000000 
-5.000000 
-5.000000 
0.000000 
0.000000 
-5.000000 
-5.000000 
-5.000000 
-5.000000 
-5.000000 
-5.000000 
-5.000000 
-5.000000 
-5.000000 
-5.000000 
-5.000000 
-5.000000 
-5.000000 
-5.000000 
-5.000000 
-5.000000 
-5.000000 
-5.000000 
-5.000000 
-5.000000 
-5.000000 
-5.000000 
-5.000000 
-5.000000 
-5.000000 
-5.000000 
-5.000000 
-5.000000 
-5.000000 
-5.000000 
-5.000000 
-5.000000 
-5.000000 
-5.000000 
-5.000000 
-5.000000 
-5.000000 
-5.000000 
-5.000000 
-5.000000 
-5.000000 
-5.000000 
-5.000000 
-5.000000 
-5.000000 
-5.000000 
-5.000000 
-5.000000 
-5.000000 
-5.000000 
-5.000000 
-5.000000 
-5.000000 
-5.000000 
-5.000000 
-5.000000 
-5.000000 
-5.000000 
0.000000 
-5.000000 
-5.000000 
-5.000000 
-5.000000 
-5.000000 
-5.000000 
-5.000000 
-5.000000 
-5.000000 
-5.000000 
-5.000000 
-5.000000 
-5.000000 
-5.000000 
-5.000000 
-5.000000 
-5.000000 
-5.000000 
-5.000000 
-5.000000 
-5.000000 
-5.000000 
-5.000000 
-5.000000 
-5.000000 
-5.000000 
-5.000000 
-5.000000 
-5.000000 
-5.000000 
-5.000000 
-5.000000 
-5.000000 
-5.000000 
-5.000000 
-5.000000 
-5.000000 
-5.000000 
-5.000000 
-5.000000 
-5.000000 
-5.000000 
-5.000000 
-5.000000 
-5.000000 
-5.000000 
-5.000000 
-5.000000 
-5.000000 
-5.000000 
-5.000000 
-5.000000 
-5.000000 
-5.000000 
-5.000000 
-5.000000 
-5.000000 
-5.000000 
-5.000000 
-5.000000 
-5.000000 
-5.000000 
-5.000000 
-5.000000 
-5.000000 
-5.000000 
-5.000000 
-5.000000 
-5.000000 
-5.000000 
-5.000000 
-5.000000 
-5.000000 
-5.000000 
-5.000000 
-5.000000 
-5.000000 
-5.000000 
-5.000000 
-5.000000 
-5.000000 
-5.000000 
-5.000000 
-5.000000 
-5.000000 
-5.000000 
-5.000000 
-5.000000 
-5.000000 
-5.000000 
-5.000000 
-5.000000 
-5.000000 
-5.000000 
-5.000000 
-5.000000 
-5.000000 
-5.000000 
-5.000000 
-5.000000 
-5.000000 
-5.000000 
-5.000000 
-5.000000 
-5.000000 
-5.000000 
-5.000000 
-5.000000 
-5.000000 
-5.000000 
-5.000000 
-5.000000 
-5.000000 
-5.000000 
-5.000000 
-5.000000 
-5.000000 
-5.000000 
-5.000000 
