# z = ,(t = 16)
4.899265 
4.896123 
4.889843 
4.880427 
4.867885 
4.852226 
4.833462 
4.811612 
4.786694 
4.758733 
4.727759 
4.693806 
4.656914 
4.617130 
4.574505 
4.529102 
4.480988 
4.430241 
4.376947 
4.321200 
4.263107 
4.202782 
4.140351 
4.075950 
4.009727 
3.941839 
3.872456 
3.801755 
3.729928 
3.657173 
3.583700 
3.509728 
3.435482 
3.361198 
3.287117 
3.213486 
3.140558 
3.068589 
2.997837 
2.928564 
2.861030 
2.795494 
2.732214 
2.671442 
2.613425 
2.558405 
2.506614 
2.458273 
2.413593 
2.372771 
2.335992 
2.303422 
2.275212 
2.251495 
2.232381 
2.217964 
2.208313 
2.203475 
2.203475 
-5.000000 
4.895276 
4.892142 
4.885878 
4.876487 
4.863977 
4.848357 
4.829641 
4.807845 
4.782990 
4.755098 
4.724200 
4.690328 
4.653524 
4.613832 
4.571306 
4.526005 
4.477999 
4.427363 
4.374182 
4.318552 
4.260578 
4.200373 
4.138064 
4.073786 
4.007686 
3.939921 
3.870659 
3.800078 
3.728369 
3.655731 
3.582371 
3.508508 
3.434369 
3.360188 
3.286205 
3.212668 
3.139828 
3.067943 
2.997270 
2.928070 
2.860603 
2.795130 
2.731906 
2.671185 
2.613214 
2.558234 
2.506478 
2.458167 
2.413513 
2.372713 
2.335951 
2.303395 
2.275195 
2.251485 
2.232376 
2.217962 
2.208313 
2.203475 
-5.000000 
-5.000000 
4.887319 
4.884202 
4.877969 
4.868627 
4.856181 
4.840641 
4.822020 
4.800334 
4.775602 
4.747848 
4.717100 
4.683392 
4.646762 
4.607256 
4.564926 
4.519831 
4.472038 
4.421623 
4.368671 
4.313274 
4.255537 
4.195574 
4.133508 
4.069475 
4.003620 
3.936099 
3.867079 
3.796739 
3.725266 
3.652859 
3.579726 
3.506083 
3.432156 
3.358179 
3.284392 
3.211042 
3.138380 
3.066661 
2.996145 
2.927091 
2.859759 
2.794409 
2.731298 
2.670678 
2.612798 
2.557899 
2.506213 
2.457962 
2.413358 
2.372600 
2.335872 
2.303343 
2.275163 
2.251467 
2.232368 
2.217960 
2.208313 
-5.000000 
-5.000000 
-5.000000 
4.875436 
4.872343 
4.866159 
4.856889 
4.844539 
4.829119 
4.810640 
4.789117 
4.764571 
4.737023 
4.706501 
4.673037 
4.636669 
4.597442 
4.555405 
4.510618 
4.463145 
4.413061 
4.360449 
4.305401 
4.248020 
4.188418 
4.126716 
4.063049 
3.997561 
3.930406 
3.861749 
3.791768 
3.720648 
3.648587 
3.575792 
3.502477 
3.428868 
3.355197 
3.281703 
3.208632 
3.136234 
3.064765 
2.994482 
2.925645 
2.858515 
2.793349 
2.730406 
2.669937 
2.612193 
2.557412 
2.505829 
2.457668 
2.413139 
2.372443 
2.335765 
2.303274 
2.275123 
2.251447 
2.232361 
2.217960 
-5.000000 
-5.000000 
-5.000000 
-5.000000 
4.859690 
4.856629 
4.850510 
4.841336 
4.829114 
4.813852 
4.795562 
4.774258 
4.749958 
4.722684 
4.692462 
4.659323 
4.623304 
4.584446 
4.542800 
4.498421 
4.451373 
4.401730 
4.349571 
4.294987 
4.238079 
4.178956 
4.117738 
4.054558 
3.989557 
3.922888 
3.854713 
3.785209 
3.714558 
3.642957 
3.570610 
3.497731 
3.424544 
3.351278 
3.278172 
3.205471 
3.133424 
3.062285 
2.992312 
2.923762 
2.856897 
2.791975 
2.729253 
2.668984 
2.611417 
2.556793 
2.505347 
2.457301 
2.412870 
2.372254 
2.335640 
2.303198 
2.275084 
2.251433 
2.232361 
-5.000000 
-5.000000 
-5.000000 
-5.000000 
-5.000000 
4.840164 
4.837144 
4.831105 
4.822051 
4.809988 
4.794924 
4.776869 
4.755837 
4.731844 
4.704912 
4.675063 
4.642329 
4.606743 
4.568347 
4.527186 
4.483316 
4.436799 
4.387703 
4.336108 
4.282102 
4.225782 
4.167256 
4.106641 
4.044067 
3.979672 
3.913607 
3.846032 
3.777120 
3.707053 
3.636023 
3.564234 
3.491897 
3.419232 
3.346470 
3.273847 
3.201604 
3.129992 
3.059263 
2.989672 
2.921479 
2.854942 
2.790321 
2.727872 
2.667849 
2.610500 
2.556068 
2.504787 
2.456884 
2.412571 
2.372052 
2.335514 
2.303130 
2.275057 
2.251433 
-5.000000 
-5.000000 
-5.000000 
-5.000000 
-5.000000 
-5.000000 
4.816961 
4.813989 
4.808046 
4.799135 
4.787263 
4.772435 
4.754661 
4.733954 
4.710328 
4.683804 
4.654402 
4.622151 
4.587084 
4.549238 
4.508658 
4.465396 
4.419511 
4.371070 
4.320149 
4.266833 
4.211215 
4.153402 
4.093506 
4.031655 
3.967984 
3.902640 
3.835780 
3.767575 
3.698204 
3.627855 
3.556730 
3.485038 
3.412997 
3.340834 
3.268784 
3.197087 
3.125992 
3.055748 
2.986612 
2.918841 
2.852693 
2.788428 
2.726301 
2.666567 
2.609475 
2.555268 
2.504181 
2.456442 
2.412266 
2.371857 
2.335405 
2.303086 
2.275057 
-5.000000 
-5.000000 
-5.000000 
-5.000000 
-5.000000 
-5.000000 
-5.000000 
4.790202 
4.787286 
4.781454 
4.772711 
4.761059 
4.746505 
4.729058 
4.708728 
4.685529 
4.659478 
4.630595 
4.598905 
4.564439 
4.527233 
4.487327 
4.444771 
4.399620 
4.351938 
4.301799 
4.249282 
4.194480 
4.137492 
4.078431 
4.017418 
3.954585 
3.890077 
3.824046 
3.756660 
3.688093 
3.618533 
3.548177 
3.477230 
3.405910 
3.334440 
3.263052 
3.191985 
3.121485 
3.051802 
2.983189 
2.915902 
2.850202 
2.786344 
2.724586 
2.665182 
2.608382 
2.554430 
2.503563 
2.456008 
2.411984 
2.371697 
2.335338 
2.303086 
-5.000000 
-5.000000 
-5.000000 
-5.000000 
-5.000000 
-5.000000 
-5.000000 
-5.000000 
4.760028 
4.757175 
4.751470 
4.742916 
4.731515 
4.717273 
4.700197 
4.680296 
4.657581 
4.632068 
4.603774 
4.572723 
4.538940 
4.502460 
4.463320 
4.421565 
4.377248 
4.330429 
4.281177 
4.229569 
4.175691 
4.119642 
4.061527 
4.001465 
3.939583 
3.876022 
3.810931 
3.744472 
3.676818 
3.608151 
3.538664 
3.468562 
3.398056 
3.327369 
3.256729 
3.186373 
3.116544 
3.047492 
2.979467 
2.912726 
2.847526 
2.784125 
2.722779 
2.663743 
2.607268 
2.553598 
2.502971 
2.455618 
2.411758 
2.371600 
2.335338 
-5.000000 
-5.000000 
-5.000000 
-5.000000 
-5.000000 
-5.000000 
-5.000000 
-5.000000 
-5.000000 
4.726595 
4.723813 
4.718249 
4.709907 
4.698787 
4.684893 
4.668232 
4.648811 
4.626638 
4.601726 
4.574091 
4.543752 
4.510734 
4.475065 
4.436780 
4.395921 
4.352536 
4.306680 
4.258419 
4.207825 
4.154980 
4.099977 
4.042919 
3.983917 
3.923096 
3.860591 
3.796548 
3.731123 
3.664484 
3.596811 
3.528293 
3.459130 
3.389530 
3.319712 
3.249902 
3.180334 
3.111250 
3.042895 
2.975521 
2.909382 
2.844734 
2.781834 
2.720940 
2.662306 
2.606183 
2.552818 
2.502451 
2.455312 
2.411625 
2.371600 
-5.000000 
-5.000000 
-5.000000 
-5.000000 
-5.000000 
-5.000000 
-5.000000 
-5.000000 
-5.000000 
-5.000000 
4.690075 
4.687372 
4.681965 
4.673856 
4.663046 
4.649537 
4.633334 
4.614441 
4.592866 
4.568618 
4.541709 
4.512157 
4.479981 
4.445207 
4.407866 
4.367994 
4.325636 
4.280842 
4.233673 
4.184197 
4.132490 
4.078640 
4.022744 
3.964910 
3.905257 
3.843914 
3.781022 
3.716733 
3.651211 
3.584630 
3.517175 
3.449041 
3.380434 
3.311568 
3.242667 
3.173962 
3.105690 
3.038097 
2.971431 
2.905946 
2.841897 
2.779540 
2.719133 
2.660931 
2.605186 
2.552145 
2.502050 
2.455135 
2.411625 
-5.000000 
-5.000000 
-5.000000 
-5.000000 
-5.000000 
-5.000000 
-5.000000 
-5.000000 
-5.000000 
-5.000000 
-5.000000 
4.650658 
4.648040 
4.642804 
4.634950 
4.624478 
4.611389 
4.595686 
4.577370 
4.556447 
4.532924 
4.506808 
4.478114 
4.446858 
4.413060 
4.376748 
4.337953 
4.296715 
4.253079 
4.207101 
4.158842 
4.108375 
4.055781 
4.001151 
3.944589 
3.886206 
3.826128 
3.764488 
3.701435 
3.637127 
3.571731 
3.505430 
3.438413 
3.370882 
3.303048 
3.235129 
3.167356 
3.099961 
3.033189 
2.967285 
2.902502 
2.839094 
2.777317 
2.717428 
2.659683 
2.604336 
2.551634 
2.501822 
2.455135 
-5.000000 
-5.000000 
-5.000000 
-5.000000 
-5.000000 
-5.000000 
-5.000000 
-5.000000 
-5.000000 
-5.000000 
-5.000000 
-5.000000 
4.608544 
4.606019 
4.600967 
4.593389 
4.583283 
4.570649 
4.555486 
4.537796 
4.517578 
4.494838 
4.469580 
4.441814 
4.411552 
4.378810 
4.343610 
4.305979 
4.265951 
4.223567 
4.178874 
4.131931 
4.082802 
4.031564 
3.978301 
3.923110 
3.866098 
3.807382 
3.747093 
3.685370 
3.622367 
3.558248 
3.493186 
3.427369 
3.360994 
3.294265 
3.227400 
3.160622 
3.094165 
3.028268 
2.963175 
2.899138 
2.836408 
2.775244 
2.715900 
2.658634 
2.603699 
2.551347 
2.501822 
-5.000000 
-5.000000 
-5.000000 
-5.000000 
-5.000000 
-5.000000 
-5.000000 
-5.000000 
-5.000000 
-5.000000 
-5.000000 
-5.000000 
-5.000000 
4.563947 
4.561521 
4.556668 
4.549386 
4.539673 
4.527527 
4.512945 
4.495925 
4.476465 
4.454565 
4.430228 
4.403458 
4.374262 
4.342653 
4.308646 
4.272264 
4.233534 
4.192491 
4.149177 
4.103643 
4.055949 
4.006162 
3.954363 
3.900639 
3.845093 
3.787835 
3.728988 
3.668687 
3.607078 
3.544319 
3.480580 
3.416042 
3.350895 
3.285342 
3.219595 
3.153875 
3.088410 
3.023437 
2.959200 
2.895947 
2.833930 
2.773405 
2.714628 
2.657856 
2.603345 
2.551347 
-5.000000 
-5.000000 
-5.000000 
-5.000000 
-5.000000 
-5.000000 
-5.000000 
-5.000000 
-5.000000 
-5.000000 
-5.000000 
-5.000000 
-5.000000 
-5.000000 
4.517092 
4.514772 
4.510130 
4.503164 
4.493871 
4.482245 
4.468282 
4.451977 
4.433325 
4.412322 
4.388966 
4.363257 
4.335199 
4.304796 
4.272061 
4.237009 
4.199661 
4.160047 
4.118201 
4.074167 
4.027998 
3.979756 
3.929512 
3.877349 
3.823361 
3.767650 
3.710334 
3.651541 
3.591411 
3.530094 
3.467755 
3.404568 
3.340720 
3.276408 
3.211840 
3.147231 
3.082809 
3.018806 
2.955464 
2.893028 
2.831751 
2.771887 
2.713693 
2.657427 
2.603345 
-5.000000 
-5.000000 
-5.000000 
-5.000000 
-5.000000 
-5.000000 
-5.000000 
-5.000000 
-5.000000 
-5.000000 
-5.000000 
-5.000000 
-5.000000 
-5.000000 
-5.000000 
4.468211 
4.466004 
4.461586 
4.454956 
4.446107 
4.435033 
4.421726 
4.406179 
4.388384 
4.368331 
4.346016 
4.321433 
4.294579 
4.265455 
4.234067 
4.200424 
4.164540 
4.126437 
4.086145 
4.043698 
3.999143 
3.952534 
3.903935 
3.853421 
3.801076 
3.747000 
3.691299 
3.634096 
3.575522 
3.515724 
3.454857 
3.393091 
3.330606 
3.267595 
3.204260 
3.140814 
3.077479 
3.014485 
2.952071 
2.890482 
2.829968 
2.770782 
2.713183 
2.657427 
-5.000000 
-5.000000 
-5.000000 
-5.000000 
-5.000000 
-5.000000 
-5.000000 
-5.000000 
-5.000000 
-5.000000 
-5.000000 
-5.000000 
-5.000000 
-5.000000 
-5.000000 
-5.000000 
4.417547 
4.415458 
4.411278 
4.405001 
4.396621 
4.386129 
4.373515 
4.358768 
4.341876 
4.322826 
4.301608 
4.278211 
4.252627 
4.224852 
4.194883 
4.162724 
4.128382 
4.091872 
4.053215 
4.012439 
3.969582 
3.924691 
3.877820 
3.829038 
3.778422 
3.726060 
3.672055 
3.616518 
3.559576 
3.501366 
3.442039 
3.381757 
3.320695 
3.259039 
3.196988 
3.134749 
3.072540 
3.010590 
2.949133 
2.888413 
2.828678 
2.770182 
2.713183 
-5.000000 
-5.000000 
-5.000000 
-5.000000 
-5.000000 
-5.000000 
-5.000000 
-5.000000 
-5.000000 
-5.000000 
-5.000000 
-5.000000 
-5.000000 
-5.000000 
-5.000000 
-5.000000 
-5.000000 
4.365347 
4.363382 
4.359450 
4.353545 
4.345658 
4.335778 
4.323891 
4.309984 
4.294040 
4.276043 
4.255976 
4.233824 
4.209574 
4.183213 
4.154733 
4.124130 
4.091405 
4.056564 
4.019621 
3.980596 
3.939517 
3.896423 
3.851362 
3.804392 
3.755581 
3.705011 
3.652775 
3.598977 
3.543736 
3.487181 
3.429456 
3.370716 
3.311131 
3.250880 
3.190157 
3.129164 
3.068116 
3.007238 
2.946761 
2.886927 
2.827983 
2.770182 
-5.000000 
-5.000000 
-5.000000 
-5.000000 
-5.000000 
-5.000000 
-5.000000 
-5.000000 
-5.000000 
-5.000000 
-5.000000 
-5.000000 
-5.000000 
-5.000000 
-5.000000 
-5.000000 
-5.000000 
-5.000000 
4.311862 
4.310028 
4.306356 
4.300839 
4.293467 
4.284227 
4.273101 
4.260072 
4.245120 
4.228223 
4.209361 
4.188510 
4.165653 
4.140770 
4.113845 
4.084868 
4.053831 
4.020733 
3.985578 
3.948378 
3.909154 
3.867934 
3.824758 
3.779674 
3.732743 
3.684036 
3.633639 
3.581647 
3.528170 
3.473331 
3.417265 
3.360121 
3.302060 
3.243258 
3.183902 
3.124189 
3.064330 
3.004546 
2.945066 
2.886130 
2.827983 
-5.000000 
-5.000000 
-5.000000 
-5.000000 
-5.000000 
-5.000000 
-5.000000 
-5.000000 
-5.000000 
-5.000000 
-5.000000 
-5.000000 
-5.000000 
-5.000000 
-5.000000 
-5.000000 
-5.000000 
-5.000000 
-5.000000 
4.257347 
4.255648 
4.252248 
4.247136 
4.240301 
4.231727 
4.221395 
4.209281 
4.195362 
4.179612 
4.162003 
4.142508 
4.121101 
4.097756 
4.072450 
4.045164 
4.015883 
3.984597 
3.951301 
3.915998 
3.878700 
3.839426 
3.798205 
3.755078 
3.710095 
3.663319 
3.614825 
3.564701 
3.513048 
3.459979 
3.405624 
3.350122 
3.293630 
3.236315 
3.178358 
3.119954 
3.061307 
3.002634 
2.944163 
2.886130 
-5.000000 
-5.000000 
-5.000000 
-5.000000 
-5.000000 
-5.000000 
-5.000000 
-5.000000 
-5.000000 
-5.000000 
-5.000000 
-5.000000 
-5.000000 
-5.000000 
-5.000000 
-5.000000 
-5.000000 
-5.000000 
-5.000000 
-5.000000 
4.202057 
4.200500 
4.197381 
4.192690 
4.186413 
4.178532 
4.169022 
4.157859 
4.145012 
4.130452 
4.114145 
4.096056 
4.076154 
4.054405 
4.030778 
4.005246 
3.977785 
3.948376 
3.917006 
3.883668 
3.848363 
3.811101 
3.771903 
3.730798 
3.687827 
3.643043 
3.596513 
3.548313 
3.498537 
3.447289 
3.394690 
3.340873 
3.285986 
3.230191 
3.173662 
3.116588 
3.059169 
3.001620 
2.944163 
-5.000000 
-5.000000 
-5.000000 
-5.000000 
-5.000000 
-5.000000 
-5.000000 
-5.000000 
-5.000000 
-5.000000 
-5.000000 
-5.000000 
-5.000000 
-5.000000 
-5.000000 
-5.000000 
-5.000000 
-5.000000 
-5.000000 
-5.000000 
-5.000000 
4.146249 
4.144838 
4.142010 
4.137755 
4.132056 
4.124891 
4.116234 
4.106054 
4.094318 
4.080989 
4.066028 
4.049395 
4.031049 
4.010950 
3.989060 
3.965340 
3.939760 
3.912290 
3.882908 
3.851597 
3.818349 
3.783163 
3.746049 
3.707027 
3.666127 
3.623392 
3.578879 
3.532655 
3.484804 
3.435422 
3.384621 
3.332525 
3.279275 
3.225026 
3.169946 
3.114219 
3.058041 
3.001620 
-5.000000 
-5.000000 
-5.000000 
-5.000000 
-5.000000 
-5.000000 
-5.000000 
-5.000000 
-5.000000 
-5.000000 
-5.000000 
-5.000000 
-5.000000 
-5.000000 
-5.000000 
-5.000000 
-5.000000 
-5.000000 
-5.000000 
-5.000000 
-5.000000 
-5.000000 
4.090174 
4.088914 
4.086388 
4.082582 
4.077479 
4.071054 
4.063277 
4.054113 
4.043523 
4.031465 
4.017893 
4.002762 
3.986021 
3.967624 
3.947522 
3.925671 
3.902028 
3.876555 
3.849220 
3.819996 
3.788863 
3.755811 
3.720838 
3.683954 
3.645179 
3.604546 
3.562099 
3.517898 
3.472015 
3.424537 
3.375568 
3.325224 
3.273638 
3.220956 
3.167343 
3.112974 
3.058041 
-5.000000 
-5.000000 
-5.000000 
-5.000000 
-5.000000 
-5.000000 
-5.000000 
-5.000000 
-5.000000 
-5.000000 
-5.000000 
-5.000000 
-5.000000 
-5.000000 
-5.000000 
-5.000000 
-5.000000 
-5.000000 
-5.000000 
-5.000000 
-5.000000 
-5.000000 
-5.000000 
4.034082 
4.032978 
4.030761 
4.027420 
4.022931 
4.017267 
4.010396 
4.002277 
3.992867 
3.982117 
3.969975 
3.956388 
3.941299 
3.924651 
3.906389 
3.886458 
3.864806 
3.841384 
3.816150 
3.789067 
3.760104 
3.729239 
3.696461 
3.661766 
3.625165 
3.586680 
3.546344 
3.504206 
3.460329 
3.414790 
3.367683 
3.319116 
3.269214 
3.218116 
3.165979 
3.112974 
-5.000000 
-5.000000 
-5.000000 
-5.000000 
-5.000000 
-5.000000 
-5.000000 
-5.000000 
-5.000000 
-5.000000 
-5.000000 
-5.000000 
-5.000000 
-5.000000 
-5.000000 
-5.000000 
-5.000000 
-5.000000 
-5.000000 
-5.000000 
-5.000000 
-5.000000 
-5.000000 
-5.000000 
3.978217 
3.977272 
3.975375 
3.972509 
3.968651 
3.963770 
3.957829 
3.950784 
3.942585 
3.933178 
3.922504 
3.910502 
3.897107 
3.882254 
3.865879 
3.847916 
3.828304 
3.806984 
3.783903 
3.759011 
3.732267 
3.703639 
3.673103 
3.640644 
3.606262 
3.569966 
3.531780 
3.491741 
3.449902 
3.406331 
3.361110 
3.314341 
3.266138 
3.216634 
3.165979 
-5.000000 
-5.000000 
-5.000000 
-5.000000 
-5.000000 
-5.000000 
-5.000000 
-5.000000 
-5.000000 
-5.000000 
-5.000000 
-5.000000 
-5.000000 
-5.000000 
-5.000000 
-5.000000 
-5.000000 
-5.000000 
-5.000000 
-5.000000 
-5.000000 
-5.000000 
-5.000000 
-5.000000 
-5.000000 
3.922816 
3.922035 
3.920464 
3.918086 
3.914875 
3.910796 
3.905809 
3.899864 
3.892906 
3.884874 
3.875704 
3.865325 
3.853664 
3.840649 
3.826204 
3.810254 
3.792728 
3.773556 
3.752673 
3.730019 
3.705541 
3.679195 
3.650943 
3.620763 
3.588638 
3.554569 
3.518566 
3.480658 
3.440884 
3.399304 
3.355989 
3.311032 
3.264539 
3.216634 
-5.000000 
-5.000000 
-5.000000 
-5.000000 
-5.000000 
-5.000000 
-5.000000 
-5.000000 
-5.000000 
-5.000000 
-5.000000 
-5.000000 
-5.000000 
-5.000000 
-5.000000 
-5.000000 
-5.000000 
-5.000000 
-5.000000 
-5.000000 
-5.000000 
-5.000000 
-5.000000 
-5.000000 
-5.000000 
-5.000000 
3.868107 
3.867494 
3.866257 
3.864378 
3.861828 
3.858570 
3.854558 
3.849738 
3.844049 
3.837424 
3.829789 
3.821069 
3.811180 
3.800041 
3.787567 
3.773672 
3.758275 
3.741293 
3.722651 
3.702277 
3.680106 
3.656082 
3.630155 
3.602289 
3.572457 
3.540646 
3.506857 
3.471105 
3.433419 
3.393847 
3.352453 
3.309317 
3.264539 
-5.000000 
-5.000000 
-5.000000 
-5.000000 
-5.000000 
-5.000000 
-5.000000 
-5.000000 
-5.000000 
-5.000000 
-5.000000 
-5.000000 
-5.000000 
-5.000000 
-5.000000 
-5.000000 
-5.000000 
-5.000000 
-5.000000 
-5.000000 
-5.000000 
-5.000000 
-5.000000 
-5.000000 
-5.000000 
-5.000000 
-5.000000 
3.814310 
3.813868 
3.812972 
3.811603 
3.809728 
3.807308 
3.804291 
3.800619 
3.796224 
3.791034 
3.784967 
3.777937 
3.769856 
3.760629 
3.750162 
3.738361 
3.725130 
3.710378 
3.694017 
3.675961 
3.656135 
3.634468 
3.610900 
3.585381 
3.557872 
3.528348 
3.496796 
3.463221 
3.427641 
3.390092 
3.350627 
3.309317 
-5.000000 
-5.000000 
-5.000000 
-5.000000 
-5.000000 
-5.000000 
-5.000000 
-5.000000 
-5.000000 
-5.000000 
-5.000000 
-5.000000 
-5.000000 
-5.000000 
-5.000000 
-5.000000 
-5.000000 
-5.000000 
-5.000000 
-5.000000 
-5.000000 
-5.000000 
-5.000000 
-5.000000 
-5.000000 
-5.000000 
-5.000000 
-5.000000 
3.761633 
3.761365 
3.760817 
3.759967 
3.758781 
3.757213 
3.755210 
3.752708 
3.749632 
3.745903 
3.741431 
3.736123 
3.729880 
3.722599 
3.714174 
3.704501 
3.693473 
3.680986 
3.666939 
3.651236 
3.633788 
3.614511 
3.593332 
3.570188 
3.545028 
3.517813 
3.488519 
3.457138 
3.423676 
3.388158 
3.350627 
-5.000000 
-5.000000 
-5.000000 
-5.000000 
-5.000000 
-5.000000 
-5.000000 
-5.000000 
-5.000000 
-5.000000 
-5.000000 
-5.000000 
-5.000000 
-5.000000 
-5.000000 
-5.000000 
-5.000000 
-5.000000 
-5.000000 
-5.000000 
-5.000000 
-5.000000 
-5.000000 
-5.000000 
-5.000000 
-5.000000 
-5.000000 
-5.000000 
-5.000000 
3.710272 
3.710182 
3.709987 
3.709665 
3.709179 
3.708480 
3.707508 
3.706195 
3.704460 
3.702216 
3.699366 
3.695807 
3.691431 
3.686126 
3.679775 
3.672262 
3.663468 
3.653277 
3.641577 
3.628258 
3.613216 
3.596357 
3.577594 
3.556849 
3.534059 
3.509172 
3.482152 
3.452976 
3.421640 
3.388158 
-5.000000 
-5.000000 
-5.000000 
-5.000000 
-5.000000 
-5.000000 
-5.000000 
-5.000000 
-5.000000 
-5.000000 
-5.000000 
-5.000000 
-5.000000 
-5.000000 
-5.000000 
-5.000000 
-5.000000 
-5.000000 
-5.000000 
-5.000000 
-5.000000 
-5.000000 
-5.000000 
-5.000000 
-5.000000 
-5.000000 
-5.000000 
-5.000000 
-5.000000 
-5.000000 
3.660410 
3.660500 
3.660665 
3.660879 
3.661104 
3.661286 
3.661362 
3.661256 
3.660882 
3.660146 
3.658941 
3.657157 
3.654676 
3.651374 
3.647125 
3.641800 
3.635268 
3.627403 
3.618077 
3.607168 
3.594559 
3.580142 
3.563816 
3.545491 
3.525088 
3.502544 
3.477808 
3.450845 
3.421640 
-5.000000 
-5.000000 
-5.000000 
-5.000000 
-5.000000 
-5.000000 
-5.000000 
-5.000000 
-5.000000 
-5.000000 
-5.000000 
-5.000000 
-5.000000 
-5.000000 
-5.000000 
-5.000000 
-5.000000 
-5.000000 
-5.000000 
-5.000000 
-5.000000 
-5.000000 
-5.000000 
-5.000000 
-5.000000 
-5.000000 
-5.000000 
-5.000000 
-5.000000 
-5.000000 
-5.000000 
3.612216 
3.612488 
3.613018 
3.613776 
3.614722 
3.615798 
3.616935 
3.618054 
3.619060 
3.619851 
3.620314 
3.620327 
3.619765 
3.618491 
3.616369 
3.613257 
3.609015 
3.603499 
3.596572 
3.588097 
3.577943 
3.565988 
3.552118 
3.536228 
3.518226 
3.498035 
3.475590 
3.450845 
-5.000000 
-5.000000 
-5.000000 
-5.000000 
-5.000000 
-5.000000 
-5.000000 
-5.000000 
-5.000000 
-5.000000 
-5.000000 
-5.000000 
-5.000000 
-5.000000 
-5.000000 
-5.000000 
-5.000000 
-5.000000 
-5.000000 
-5.000000 
-5.000000 
-5.000000 
-5.000000 
-5.000000 
-5.000000 
-5.000000 
-5.000000 
-5.000000 
-5.000000 
-5.000000 
-5.000000 
-5.000000 
3.565842 
3.566299 
3.567198 
3.568508 
3.570184 
3.572165 
3.574378 
3.576736 
3.579138 
3.581475 
3.583625 
3.585458 
3.586835 
3.587612 
3.587639 
3.586764 
3.584833 
3.581689 
3.577182 
3.571160 
3.563480 
3.554004 
3.542605 
3.529162 
3.513572 
3.495740 
3.475590 
-5.000000 
-5.000000 
-5.000000 
-5.000000 
-5.000000 
-5.000000 
-5.000000 
-5.000000 
-5.000000 
-5.000000 
-5.000000 
-5.000000 
-5.000000 
-5.000000 
-5.000000 
-5.000000 
-5.000000 
-5.000000 
-5.000000 
-5.000000 
-5.000000 
-5.000000 
-5.000000 
-5.000000 
-5.000000 
-5.000000 
-5.000000 
-5.000000 
-5.000000 
-5.000000 
-5.000000 
-5.000000 
-5.000000 
3.521427 
3.522072 
3.523344 
3.525211 
3.527625 
3.530522 
3.533822 
3.537433 
3.541248 
3.545147 
3.549002 
3.552672 
3.556008 
3.558856 
3.561053 
3.562435 
3.562833 
3.562081 
3.560011 
3.556460 
3.551269 
3.544286 
3.535368 
3.524382 
3.511209 
3.495740 
-5.000000 
-5.000000 
-5.000000 
-5.000000 
-5.000000 
-5.000000 
-5.000000 
-5.000000 
-5.000000 
-5.000000 
-5.000000 
-5.000000 
-5.000000 
-5.000000 
-5.000000 
-5.000000 
-5.000000 
-5.000000 
-5.000000 
-5.000000 
-5.000000 
-5.000000 
-5.000000 
-5.000000 
-5.000000 
-5.000000 
-5.000000 
-5.000000 
-5.000000 
-5.000000 
-5.000000 
-5.000000 
-5.000000 
-5.000000 
3.479092 
3.479925 
3.481575 
3.484005 
3.487166 
3.490987 
3.495386 
3.500262 
3.505502 
3.510979 
3.516554 
3.522078 
3.527391 
3.532326 
3.536711 
3.540366 
3.543112 
3.544767 
3.545150 
3.544084 
3.541393 
3.536914 
3.530486 
3.521962 
3.511209 
-5.000000 
-5.000000 
-5.000000 
-5.000000 
-5.000000 
-5.000000 
-5.000000 
-5.000000 
-5.000000 
-5.000000 
-5.000000 
-5.000000 
-5.000000 
-5.000000 
-5.000000 
-5.000000 
-5.000000 
-5.000000 
-5.000000 
-5.000000 
-5.000000 
-5.000000 
-5.000000 
-5.000000 
-5.000000 
-5.000000 
-5.000000 
-5.000000 
-5.000000 
-5.000000 
-5.000000 
-5.000000 
-5.000000 
-5.000000 
-5.000000 
3.438939 
3.439964 
3.441994 
3.444993 
3.448907 
3.453661 
3.459168 
3.465320 
3.471998 
3.479066 
3.486376 
3.493768 
3.501073 
3.508111 
3.514698 
3.520642 
3.525750 
3.529826 
3.532674 
3.534102 
3.533923 
3.531953 
3.528021 
3.521962 
-5.000000 
-5.000000 
-5.000000 
-5.000000 
-5.000000 
-5.000000 
-5.000000 
-5.000000 
-5.000000 
-5.000000 
-5.000000 
-5.000000 
-5.000000 
-5.000000 
-5.000000 
-5.000000 
-5.000000 
-5.000000 
-5.000000 
-5.000000 
-5.000000 
-5.000000 
-5.000000 
-5.000000 
-5.000000 
-5.000000 
-5.000000 
-5.000000 
-5.000000 
-5.000000 
-5.000000 
-5.000000 
-5.000000 
-5.000000 
-5.000000 
-5.000000 
3.401057 
3.402274 
3.404688 
3.408260 
3.412932 
3.418627 
3.425250 
3.432689 
3.440816 
3.449486 
3.458543 
3.467817 
3.477126 
3.486281 
3.495083 
3.503328 
3.510809 
3.517317 
3.522640 
3.526572 
3.528910 
3.529455 
3.528021 
-5.000000 
-5.000000 
-5.000000 
-5.000000 
-5.000000 
-5.000000 
-5.000000 
-5.000000 
-5.000000 
-5.000000 
-5.000000 
-5.000000 
-5.000000 
-5.000000 
-5.000000 
-5.000000 
-5.000000 
-5.000000 
-5.000000 
-5.000000 
-5.000000 
-5.000000 
-5.000000 
-5.000000 
-5.000000 
-5.000000 
-5.000000 
-5.000000 
-5.000000 
-5.000000 
-5.000000 
-5.000000 
-5.000000 
-5.000000 
-5.000000 
-5.000000 
-5.000000 
3.365512 
3.366923 
3.369723 
3.373873 
3.379309 
3.385952 
3.393699 
3.402433 
3.412017 
3.422300 
3.433115 
3.444281 
3.455606 
3.466888 
3.477917 
3.488474 
3.498338 
3.507286 
3.515092 
3.521534 
3.526392 
3.529455 
-5.000000 
-5.000000 
-5.000000 
-5.000000 
-5.000000 
-5.000000 
-5.000000 
-5.000000 
-5.000000 
-5.000000 
-5.000000 
-5.000000 
-5.000000 
-5.000000 
-5.000000 
-5.000000 
-5.000000 
-5.000000 
-5.000000 
-5.000000 
-5.000000 
-5.000000 
-5.000000 
-5.000000 
-5.000000 
-5.000000 
-5.000000 
-5.000000 
-5.000000 
-5.000000 
-5.000000 
-5.000000 
-5.000000 
-5.000000 
-5.000000 
-5.000000 
-5.000000 
-5.000000 
3.332355 
3.333961 
3.337151 
3.341881 
3.348087 
3.355682 
3.364560 
3.374597 
3.385647 
3.397552 
3.410134 
3.423201 
3.436552 
3.449971 
3.463234 
3.476112 
3.488367 
3.499761 
3.510055 
3.519010 
3.526392 
-5.000000 
-5.000000 
-5.000000 
-5.000000 
-5.000000 
-5.000000 
-5.000000 
-5.000000 
-5.000000 
-5.000000 
-5.000000 
-5.000000 
-5.000000 
-5.000000 
-5.000000 
-5.000000 
-5.000000 
-5.000000 
-5.000000 
-5.000000 
-5.000000 
-5.000000 
-5.000000 
-5.000000 
-5.000000 
-5.000000 
-5.000000 
-5.000000 
-5.000000 
-5.000000 
-5.000000 
-5.000000 
-5.000000 
-5.000000 
-5.000000 
-5.000000 
-5.000000 
-5.000000 
-5.000000 
3.301618 
3.303420 
3.307001 
3.312316 
3.319294 
3.327847 
3.337863 
3.349208 
3.361733 
3.375266 
3.389622 
3.404600 
3.419984 
3.435547 
3.451053 
3.466257 
3.480909 
3.494755 
3.507540 
3.519010 
-5.000000 
-5.000000 
-5.000000 
-5.000000 
-5.000000 
-5.000000 
-5.000000 
-5.000000 
-5.000000 
-5.000000 
-5.000000 
-5.000000 
-5.000000 
-5.000000 
-5.000000 
-5.000000 
-5.000000 
-5.000000 
-5.000000 
-5.000000 
-5.000000 
-5.000000 
-5.000000 
-5.000000 
-5.000000 
-5.000000 
-5.000000 
-5.000000 
-5.000000 
-5.000000 
-5.000000 
-5.000000 
-5.000000 
-5.000000 
-5.000000 
-5.000000 
-5.000000 
-5.000000 
-5.000000 
-5.000000 
3.273315 
3.275314 
3.279288 
3.285189 
3.292945 
3.302460 
3.313617 
3.326278 
3.340282 
3.355451 
3.371588 
3.388483 
3.405906 
3.423620 
3.441374 
3.458910 
3.475962 
3.492262 
3.507540 
-5.000000 
-5.000000 
-5.000000 
-5.000000 
-5.000000 
-5.000000 
-5.000000 
-5.000000 
-5.000000 
-5.000000 
-5.000000 
-5.000000 
-5.000000 
-5.000000 
-5.000000 
-5.000000 
-5.000000 
-5.000000 
-5.000000 
-5.000000 
-5.000000 
-5.000000 
-5.000000 
-5.000000 
-5.000000 
-5.000000 
-5.000000 
-5.000000 
-5.000000 
-5.000000 
-5.000000 
-5.000000 
-5.000000 
-5.000000 
-5.000000 
-5.000000 
-5.000000 
-5.000000 
-5.000000 
-5.000000 
-5.000000 
3.247441 
3.249638 
3.254007 
3.260497 
3.269033 
3.279514 
3.291817 
3.305797 
3.321286 
3.338096 
3.356020 
3.374836 
3.394305 
3.414174 
3.434180 
3.454051 
3.473506 
3.492262 
-5.000000 
-5.000000 
-5.000000 
-5.000000 
-5.000000 
-5.000000 
-5.000000 
-5.000000 
-5.000000 
-5.000000 
-5.000000 
-5.000000 
-5.000000 
-5.000000 
-5.000000 
-5.000000 
-5.000000 
-5.000000 
-5.000000 
-5.000000 
-5.000000 
-5.000000 
-5.000000 
-5.000000 
-5.000000 
-5.000000 
-5.000000 
-5.000000 
-5.000000 
-5.000000 
-5.000000 
-5.000000 
-5.000000 
-5.000000 
-5.000000 
-5.000000 
-5.000000 
-5.000000 
-5.000000 
-5.000000 
-5.000000 
-5.000000 
3.223975 
3.226371 
3.231136 
3.238217 
3.247535 
3.258985 
3.272438 
3.287742 
3.304719 
3.323174 
3.342890 
3.363632 
3.385149 
3.407178 
3.429439 
3.451647 
3.473506 
-5.000000 
-5.000000 
-5.000000 
-5.000000 
-5.000000 
-5.000000 
-5.000000 
-5.000000 
-5.000000 
-5.000000 
-5.000000 
-5.000000 
-5.000000 
-5.000000 
-5.000000 
-5.000000 
-5.000000 
-5.000000 
-5.000000 
-5.000000 
-5.000000 
-5.000000 
-5.000000 
-5.000000 
-5.000000 
-5.000000 
-5.000000 
-5.000000 
-5.000000 
-5.000000 
-5.000000 
-5.000000 
-5.000000 
-5.000000 
-5.000000 
-5.000000 
-5.000000 
-5.000000 
-5.000000 
-5.000000 
-5.000000 
-5.000000 
-5.000000 
3.202876 
3.205471 
3.210634 
3.218308 
3.228410 
3.240832 
3.255439 
3.272068 
3.290538 
3.310642 
3.332152 
3.354824 
3.378393 
3.402582 
3.427101 
3.451647 
-5.000000 
-5.000000 
-5.000000 
-5.000000 
-5.000000 
-5.000000 
-5.000000 
-5.000000 
-5.000000 
-5.000000 
-5.000000 
-5.000000 
-5.000000 
-5.000000 
-5.000000 
-5.000000 
-5.000000 
-5.000000 
-5.000000 
-5.000000 
-5.000000 
-5.000000 
-5.000000 
-5.000000 
-5.000000 
-5.000000 
-5.000000 
-5.000000 
-5.000000 
-5.000000 
-5.000000 
-5.000000 
-5.000000 
-5.000000 
-5.000000 
-5.000000 
-5.000000 
-5.000000 
-5.000000 
-5.000000 
-5.000000 
-5.000000 
-5.000000 
-5.000000 
3.184090 
3.186884 
3.192445 
3.200713 
3.211602 
3.224998 
3.240759 
3.258718 
3.278683 
3.300438 
3.323746 
3.348349 
3.373972 
3.400325 
3.427101 
-5.000000 
-5.000000 
-5.000000 
-5.000000 
-5.000000 
-5.000000 
-5.000000 
-5.000000 
-5.000000 
-5.000000 
-5.000000 
-5.000000 
-5.000000 
-5.000000 
-5.000000 
-5.000000 
-5.000000 
-5.000000 
-5.000000 
-5.000000 
-5.000000 
-5.000000 
-5.000000 
-5.000000 
-5.000000 
-5.000000 
-5.000000 
-5.000000 
-5.000000 
-5.000000 
-5.000000 
-5.000000 
-5.000000 
-5.000000 
-5.000000 
-5.000000 
-5.000000 
-5.000000 
-5.000000 
-5.000000 
-5.000000 
-5.000000 
-5.000000 
-5.000000 
-5.000000 
3.167541 
3.170536 
3.176496 
3.185359 
3.197036 
3.211408 
3.228326 
3.247617 
3.269079 
3.292487 
3.317594 
3.344131 
3.371809 
3.400325 
-5.000000 
-5.000000 
-5.000000 
-5.000000 
-5.000000 
-5.000000 
-5.000000 
-5.000000 
-5.000000 
-5.000000 
-5.000000 
-5.000000 
-5.000000 
-5.000000 
-5.000000 
-5.000000 
-5.000000 
-5.000000 
-5.000000 
-5.000000 
-5.000000 
-5.000000 
-5.000000 
-5.000000 
-5.000000 
-5.000000 
-5.000000 
-5.000000 
-5.000000 
-5.000000 
-5.000000 
-5.000000 
-5.000000 
-5.000000 
-5.000000 
-5.000000 
-5.000000 
-5.000000 
-5.000000 
-5.000000 
-5.000000 
-5.000000 
-5.000000 
-5.000000 
-5.000000 
-5.000000 
3.153144 
3.156339 
3.162698 
3.172158 
3.184624 
3.199972 
3.218049 
3.238673 
3.261634 
3.286697 
3.313604 
3.342075 
3.371809 
-5.000000 
-5.000000 
-5.000000 
-5.000000 
-5.000000 
-5.000000 
-5.000000 
-5.000000 
-5.000000 
-5.000000 
-5.000000 
-5.000000 
-5.000000 
-5.000000 
-5.000000 
-5.000000 
-5.000000 
-5.000000 
-5.000000 
-5.000000 
-5.000000 
-5.000000 
-5.000000 
-5.000000 
-5.000000 
-5.000000 
-5.000000 
-5.000000 
-5.000000 
-5.000000 
-5.000000 
-5.000000 
-5.000000 
-5.000000 
-5.000000 
-5.000000 
-5.000000 
-5.000000 
-5.000000 
-5.000000 
-5.000000 
-5.000000 
-5.000000 
-5.000000 
-5.000000 
-5.000000 
-5.000000 
3.140792 
3.144188 
3.150947 
3.161004 
3.174260 
3.190587 
3.209824 
3.231781 
3.256242 
3.282961 
3.311669 
3.342075 
-5.000000 
-5.000000 
-5.000000 
-5.000000 
-5.000000 
-5.000000 
-5.000000 
-5.000000 
-5.000000 
-5.000000 
-5.000000 
-5.000000 
-5.000000 
-5.000000 
-5.000000 
-5.000000 
-5.000000 
-5.000000 
-5.000000 
-5.000000 
-5.000000 
-5.000000 
-5.000000 
-5.000000 
-5.000000 
-5.000000 
-5.000000 
-5.000000 
-5.000000 
-5.000000 
-5.000000 
-5.000000 
-5.000000 
-5.000000 
-5.000000 
-5.000000 
-5.000000 
-5.000000 
-5.000000 
-5.000000 
-5.000000 
-5.000000 
-5.000000 
-5.000000 
-5.000000 
-5.000000 
-5.000000 
-5.000000 
3.130370 
3.133967 
3.141126 
3.151780 
3.165827 
3.183133 
3.203530 
3.226823 
3.252784 
3.281159 
3.311669 
-5.000000 
-5.000000 
-5.000000 
-5.000000 
-5.000000 
-5.000000 
-5.000000 
-5.000000 
-5.000000 
-5.000000 
-5.000000 
-5.000000 
-5.000000 
-5.000000 
-5.000000 
-5.000000 
-5.000000 
-5.000000 
-5.000000 
-5.000000 
-5.000000 
-5.000000 
-5.000000 
-5.000000 
-5.000000 
-5.000000 
-5.000000 
-5.000000 
-5.000000 
-5.000000 
-5.000000 
-5.000000 
-5.000000 
-5.000000 
-5.000000 
-5.000000 
-5.000000 
-5.000000 
-5.000000 
-5.000000 
-5.000000 
-5.000000 
-5.000000 
-5.000000 
-5.000000 
-5.000000 
-5.000000 
-5.000000 
-5.000000 
3.121745 
3.125543 
3.133103 
3.144355 
3.159194 
3.177478 
3.199037 
3.223665 
3.251127 
3.281159 
-5.000000 
-5.000000 
-5.000000 
-5.000000 
-5.000000 
-5.000000 
-5.000000 
-5.000000 
-5.000000 
-5.000000 
-5.000000 
-5.000000 
-5.000000 
-5.000000 
-5.000000 
-5.000000 
-5.000000 
-5.000000 
-5.000000 
-5.000000 
-5.000000 
-5.000000 
-5.000000 
-5.000000 
-5.000000 
-5.000000 
-5.000000 
-5.000000 
-5.000000 
-5.000000 
-5.000000 
-5.000000 
-5.000000 
-5.000000 
-5.000000 
-5.000000 
-5.000000 
-5.000000 
-5.000000 
-5.000000 
-5.000000 
-5.000000 
-5.000000 
-5.000000 
-5.000000 
-5.000000 
-5.000000 
-5.000000 
-5.000000 
-5.000000 
3.114775 
3.118774 
3.126735 
3.138586 
3.154215 
3.173480 
3.196200 
3.222164 
3.251127 
-5.000000 
-5.000000 
-5.000000 
-5.000000 
-5.000000 
-5.000000 
-5.000000 
-5.000000 
-5.000000 
-5.000000 
-5.000000 
-5.000000 
-5.000000 
-5.000000 
-5.000000 
-5.000000 
-5.000000 
-5.000000 
-5.000000 
-5.000000 
-5.000000 
-5.000000 
-5.000000 
-5.000000 
-5.000000 
-5.000000 
-5.000000 
-5.000000 
-5.000000 
-5.000000 
-5.000000 
-5.000000 
-5.000000 
-5.000000 
-5.000000 
-5.000000 
-5.000000 
-5.000000 
-5.000000 
-5.000000 
-5.000000 
-5.000000 
-5.000000 
-5.000000 
-5.000000 
-5.000000 
-5.000000 
-5.000000 
-5.000000 
-5.000000 
-5.000000 
3.109305 
3.113505 
3.121867 
3.134316 
3.150738 
3.170982 
3.194864 
3.222164 
-5.000000 
-5.000000 
-5.000000 
-5.000000 
-5.000000 
-5.000000 
-5.000000 
-5.000000 
-5.000000 
-5.000000 
-5.000000 
-5.000000 
-5.000000 
-5.000000 
-5.000000 
-5.000000 
-5.000000 
-5.000000 
-5.000000 
-5.000000 
-5.000000 
-5.000000 
-5.000000 
-5.000000 
-5.000000 
-5.000000 
-5.000000 
-5.000000 
-5.000000 
-5.000000 
-5.000000 
-5.000000 
-5.000000 
-5.000000 
-5.000000 
-5.000000 
-5.000000 
-5.000000 
-5.000000 
-5.000000 
-5.000000 
-5.000000 
-5.000000 
-5.000000 
-5.000000 
-5.000000 
-5.000000 
-5.000000 
-5.000000 
-5.000000 
-5.000000 
-5.000000 
3.105170 
3.109571 
3.118335 
3.131382 
3.148596 
3.169820 
3.194864 
-5.000000 
-5.000000 
-5.000000 
-5.000000 
-5.000000 
-5.000000 
-5.000000 
-5.000000 
-5.000000 
-5.000000 
-5.000000 
-5.000000 
-5.000000 
-5.000000 
-5.000000 
-5.000000 
-5.000000 
-5.000000 
-5.000000 
-5.000000 
-5.000000 
-5.000000 
-5.000000 
-5.000000 
-5.000000 
-5.000000 
-5.000000 
-5.000000 
-5.000000 
-5.000000 
-5.000000 
-5.000000 
-5.000000 
-5.000000 
-5.000000 
-5.000000 
-5.000000 
-5.000000 
-5.000000 
-5.000000 
-5.000000 
-5.000000 
-5.000000 
-5.000000 
-5.000000 
-5.000000 
-5.000000 
-5.000000 
-5.000000 
-5.000000 
-5.000000 
-5.000000 
-5.000000 
3.102196 
3.106799 
3.115964 
3.129610 
3.147616 
3.169820 
-5.000000 
-5.000000 
-5.000000 
-5.000000 
-5.000000 
-5.000000 
-5.000000 
-5.000000 
-5.000000 
-5.000000 
-5.000000 
-5.000000 
-5.000000 
-5.000000 
-5.000000 
-5.000000 
-5.000000 
-5.000000 
-5.000000 
-5.000000 
-5.000000 
-5.000000 
-5.000000 
-5.000000 
-5.000000 
-5.000000 
-5.000000 
-5.000000 
-5.000000 
-5.000000 
-5.000000 
-5.000000 
-5.000000 
-5.000000 
-5.000000 
-5.000000 
-5.000000 
-5.000000 
-5.000000 
-5.000000 
-5.000000 
-5.000000 
-5.000000 
-5.000000 
-5.000000 
-5.000000 
-5.000000 
-5.000000 
-5.000000 
-5.000000 
-5.000000 
-5.000000 
-5.000000 
-5.000000 
3.100203 
3.105007 
3.114573 
3.128818 
3.147616 
-5.000000 
-5.000000 
-5.000000 
-5.000000 
-5.000000 
-5.000000 
-5.000000 
-5.000000 
-5.000000 
-5.000000 
-5.000000 
-5.000000 
-5.000000 
-5.000000 
-5.000000 
-5.000000 
-5.000000 
-5.000000 
-5.000000 
-5.000000 
-5.000000 
-5.000000 
-5.000000 
-5.000000 
-5.000000 
-5.000000 
-5.000000 
-5.000000 
-5.000000 
-5.000000 
-5.000000 
-5.000000 
-5.000000 
-5.000000 
-5.000000 
-5.000000 
-5.000000 
-5.000000 
-5.000000 
-5.000000 
-5.000000 
-5.000000 
-5.000000 
-5.000000 
-5.000000 
-5.000000 
-5.000000 
-5.000000 
-5.000000 
-5.000000 
-5.000000 
-5.000000 
-5.000000 
-5.000000 
-5.000000 
3.099002 
3.104007 
3.113975 
3.128818 
-5.000000 
-5.000000 
-5.000000 
-5.000000 
-5.000000 
-5.000000 
-5.000000 
-5.000000 
-5.000000 
-5.000000 
-5.000000 
-5.000000 
-5.000000 
-5.000000 
-5.000000 
-5.000000 
-5.000000 
-5.000000 
-5.000000 
-5.000000 
-5.000000 
-5.000000 
-5.000000 
-5.000000 
-5.000000 
-5.000000 
-5.000000 
-5.000000 
-5.000000 
-5.000000 
-5.000000 
-5.000000 
-5.000000 
-5.000000 
-5.000000 
-5.000000 
-5.000000 
-5.000000 
-5.000000 
-5.000000 
-5.000000 
-5.000000 
-5.000000 
-5.000000 
-5.000000 
-5.000000 
-5.000000 
-5.000000 
-5.000000 
-5.000000 
-5.000000 
-5.000000 
-5.000000 
-5.000000 
-5.000000 
-5.000000 
3.098399 
3.103606 
3.113975 
-5.000000 
-5.000000 
-5.000000 
-5.000000 
-5.000000 
-5.000000 
-5.000000 
-5.000000 
-5.000000 
-5.000000 
-5.000000 
-5.000000 
-5.000000 
-5.000000 
-5.000000 
-5.000000 
-5.000000 
-5.000000 
-5.000000 
-5.000000 
-5.000000 
-5.000000 
-5.000000 
-5.000000 
-5.000000 
-5.000000 
-5.000000 
-5.000000 
-5.000000 
-5.000000 
-5.000000 
-5.000000 
-5.000000 
-5.000000 
-5.000000 
-5.000000 
-5.000000 
-5.000000 
-5.000000 
-5.000000 
-5.000000 
-5.000000 
-5.000000 
-5.000000 
-5.000000 
-5.000000 
-5.000000 
-5.000000 
-5.000000 
-5.000000 
-5.000000 
-5.000000 
-5.000000 
-5.000000 
-5.000000 
-5.000000 
-5.000000 
3.098198 
3.103606 
-5.000000 
-5.000000 
-5.000000 
-5.000000 
-5.000000 
-5.000000 
-5.000000 
-5.000000 
-5.000000 
-5.000000 
-5.000000 
-5.000000 
-5.000000 
-5.000000 
-5.000000 
-5.000000 
-5.000000 
-5.000000 
-5.000000 
-5.000000 
-5.000000 
-5.000000 
-5.000000 
-5.000000 
-5.000000 
-5.000000 
-5.000000 
-5.000000 
-5.000000 
-5.000000 
-5.000000 
-5.000000 
-5.000000 
-5.000000 
-5.000000 
-5.000000 
-5.000000 
-5.000000 
-5.000000 
-5.000000 
-5.000000 
-5.000000 
-5.000000 
-5.000000 
-5.000000 
-5.000000 
-5.000000 
-5.000000 
-5.000000 
-5.000000 
-5.000000 
-5.000000 
-5.000000 
-5.000000 
-5.000000 
-5.000000 
-5.000000 
-5.000000 
3.098198 
-5.000000 
-5.000000 
-5.000000 
-5.000000 
-5.000000 
-5.000000 
-5.000000 
-5.000000 
-5.000000 
-5.000000 
-5.000000 
-5.000000 
-5.000000 
-5.000000 
-5.000000 
-5.000000 
-5.000000 
-5.000000 
-5.000000 
-5.000000 
-5.000000 
-5.000000 
-5.000000 
-5.000000 
-5.000000 
-5.000000 
-5.000000 
-5.000000 
-5.000000 
-5.000000 
-5.000000 
-5.000000 
-5.000000 
-5.000000 
-5.000000 
-5.000000 
-5.000000 
-5.000000 
-5.000000 
-5.000000 
-5.000000 
-5.000000 
-5.000000 
-5.000000 
-5.000000 
-5.000000 
-5.000000 
-5.000000 
-5.000000 
-5.000000 
-5.000000 
-5.000000 
-5.000000 
-5.000000 
-5.000000 
-5.000000 
-5.000000 
-5.000000 
-5.000000 
-5.000000 
-5.000000 
-5.000000 
-5.000000 
-5.000000 
-5.000000 
-5.000000 
-5.000000 
-5.000000 
-5.000000 
-5.000000 
-5.000000 
-5.000000 
-5.000000 
-5.000000 
-5.000000 
-5.000000 
-5.000000 
-5.000000 
-5.000000 
-5.000000 
-5.000000 
-5.000000 
-5.000000 
-5.000000 
-5.000000 
-5.000000 
-5.000000 
-5.000000 
-5.000000 
-5.000000 
-5.000000 
-5.000000 
-5.000000 
-5.000000 
-5.000000 
-5.000000 
-5.000000 
-5.000000 
-5.000000 
-5.000000 
-5.000000 
-5.000000 
-5.000000 
-5.000000 
-5.000000 
-5.000000 
-5.000000 
-5.000000 
-5.000000 
-5.000000 
-5.000000 
-5.000000 
-5.000000 
-5.000000 
-5.000000 
-5.000000 
-5.000000 
-5.000000 
-5.000000 
