# z = ,(t = 4)
6.029237 
6.135722 
6.345132 
6.650456 
7.041455 
7.504982 
8.025405 
8.585108 
9.165066 
9.745469 
10.306387 
10.828430 
11.293408 
11.684940 
11.988998 
12.194369 
12.293003 
12.280239 
12.154895 
11.919226 
11.578741 
11.141897 
10.619680 
10.025103 
9.372635 
8.677598 
7.955562 
7.221762 
6.490573 
5.775057 
5.086607 
4.434694 
3.826731 
3.268032 
2.761879 
2.309669 
1.911125 
1.564560 
1.267152 
1.015245 
0.804622 
0.630765 
0.489073 
0.375052 
0.284447 
0.213347 
0.158248 
0.116079 
0.084206 
0.060415 
0.042883 
0.030134 
0.020997 
0.014562 
0.010140 
0.007226 
0.005466 
0.004640 
0.004640 
-5.000000 
6.017908 
6.124192 
6.333206 
6.637953 
7.028213 
7.490865 
8.010305 
8.568951 
9.147812 
9.727119 
10.286977 
10.808034 
11.272134 
11.662926 
11.966410 
12.171394 
12.269842 
12.257102 
12.131996 
11.896774 
11.556934 
11.120917 
10.599688 
10.006237 
9.355004 
8.661282 
7.940613 
7.208203 
6.478398 
5.764236 
5.077089 
4.426410 
3.819597 
3.261955 
2.756759 
2.305403 
1.907612 
1.561700 
1.264852 
1.013418 
0.803189 
0.629655 
0.488227 
0.374415 
0.283976 
0.213005 
0.158004 
0.115908 
0.084089 
0.060338 
0.042833 
0.030103 
0.020979 
0.014552 
0.010136 
0.007224 
0.005466 
0.004640 
-5.000000 
-5.000000 
5.994970 
6.100846 
6.309060 
6.612639 
7.001404 
7.462283 
7.979732 
8.536237 
9.112881 
9.689968 
10.247681 
10.766742 
11.229064 
11.618359 
11.920681 
12.124880 
12.222952 
12.210263 
12.085639 
11.851321 
11.512786 
11.078443 
10.559216 
9.968044 
9.319311 
8.628254 
7.910352 
7.180754 
6.453753 
5.742334 
5.057825 
4.409645 
3.805162 
3.249659 
2.746401 
2.296776 
1.900508 
1.555919 
1.260204 
1.009727 
0.800296 
0.627419 
0.486522 
0.373135 
0.283029 
0.212318 
0.157515 
0.115567 
0.083857 
0.060185 
0.042737 
0.030045 
0.020946 
0.014536 
0.010128 
0.007222 
0.005466 
-5.000000 
-5.000000 
-5.000000 
5.959878 
6.065132 
6.272120 
6.573914 
6.960392 
7.418560 
7.932966 
8.486197 
9.059449 
9.633142 
10.187574 
10.703582 
11.163185 
11.550191 
11.850736 
12.053736 
12.151234 
12.138623 
12.014735 
11.781800 
11.445263 
11.013482 
10.497317 
9.909631 
9.264724 
8.577743 
7.864075 
7.138781 
6.416068 
5.708846 
5.028375 
4.384018 
3.783100 
3.230873 
2.730580 
2.283603 
1.889666 
1.547101 
1.253119 
1.004107 
0.795897 
0.624022 
0.483937 
0.371198 
0.281603 
0.211286 
0.156784 
0.115062 
0.083517 
0.059964 
0.042599 
0.029964 
0.020903 
0.014516 
0.010122 
0.007222 
-5.000000 
-5.000000 
-5.000000 
-5.000000 
5.911861 
6.016263 
6.221577 
6.520928 
6.904278 
7.358738 
7.868981 
8.417736 
8.986348 
9.555399 
10.105344 
10.617177 
11.073062 
11.456937 
11.755052 
11.956412 
12.053125 
12.040621 
11.917743 
11.686701 
11.352897 
10.924622 
10.412647 
9.829732 
9.190061 
8.508658 
7.800785 
7.081381 
6.364538 
5.663060 
4.988117 
4.348993 
3.752955 
3.205212 
2.708979 
2.265626 
1.874881 
1.535085 
1.243477 
0.996468 
0.789926 
0.619421 
0.480446 
0.368592 
0.279692 
0.209912 
0.155818 
0.114401 
0.083080 
0.059686 
0.042432 
0.029872 
0.020858 
0.014500 
0.010122 
-5.000000 
-5.000000 
-5.000000 
-5.000000 
-5.000000 
5.849969 
5.953274 
6.156429 
6.452635 
6.831955 
7.281639 
7.786519 
8.329505 
8.892142 
9.455212 
9.999378 
10.505832 
10.956927 
11.336770 
11.631755 
11.831004 
11.926707 
11.914343 
11.792766 
11.564166 
11.233885 
10.810129 
10.303557 
9.726793 
9.093873 
8.419660 
7.719260 
7.007451 
6.298177 
5.604107 
4.936292 
4.303919 
3.714175 
3.172215 
2.681219 
2.242540 
1.855910 
1.519687 
1.231137 
0.986710 
0.782318 
0.613576 
0.476027 
0.365309 
0.277299 
0.208207 
0.154633 
0.113603 
0.082563 
0.059368 
0.042252 
0.029782 
0.020825 
0.014500 
-5.000000 
-5.000000 
-5.000000 
-5.000000 
-5.000000 
-5.000000 
5.773140 
5.875083 
6.075561 
6.367863 
6.742185 
7.185942 
7.684169 
8.220001 
8.775223 
9.330873 
9.867869 
10.367651 
10.812805 
11.187647 
11.478750 
11.675381 
11.769832 
11.757644 
11.637686 
11.412117 
11.086213 
10.668070 
10.168206 
9.599080 
8.974542 
8.309261 
7.618141 
6.915765 
6.215893 
5.531025 
4.872066 
4.248079 
3.666156 
3.131381 
2.646891 
2.214020 
1.832502 
1.500716 
1.215963 
0.974740 
0.773013 
0.606457 
0.470672 
0.361358 
0.274445 
0.206196 
0.153260 
0.112699 
0.081998 
0.059042 
0.042086 
0.029720 
0.020825 
-5.000000 
-5.000000 
-5.000000 
-5.000000 
-5.000000 
-5.000000 
-5.000000 
5.680275 
5.780574 
5.977818 
6.265405 
6.633689 
7.070288 
7.560478 
8.087666 
8.633933 
9.180621 
9.708957 
10.200680 
10.638657 
11.007459 
11.293875 
11.487345 
11.580289 
11.568316 
11.450317 
11.228417 
10.907806 
10.496450 
10.004700 
9.444810 
8.830411 
8.175932 
7.496036 
6.805072 
6.116574 
5.442840 
4.794596 
4.180757 
3.608298 
3.082218 
2.605602 
2.179759 
1.804426 
1.478006 
1.197844 
0.960493 
0.761983 
0.598062 
0.464401 
0.356771 
0.271173 
0.203930 
0.151748 
0.111741 
0.081435 
0.058750 
0.041974 
0.029720 
-5.000000 
-5.000000 
-5.000000 
-5.000000 
-5.000000 
-5.000000 
-5.000000 
-5.000000 
5.570330 
5.668683 
5.862101 
6.144108 
6.505248 
6.933377 
7.414058 
7.931020 
8.466691 
9.002777 
9.520867 
10.003056 
10.432543 
10.794200 
11.075073 
11.264808 
11.355971 
11.344259 
11.228585 
11.011034 
10.696695 
10.293382 
9.811243 
9.262299 
8.659913 
8.018235 
7.351642 
6.674203 
5.999188 
5.338653 
4.703113 
4.101307 
3.540070 
3.024301 
2.557021 
2.139511 
1.771509 
1.451448 
1.176723 
0.943953 
0.749247 
0.588434 
0.457275 
0.351624 
0.267563 
0.201490 
0.150179 
0.110805 
0.080943 
0.058559 
0.041974 
-5.000000 
-5.000000 
-5.000000 
-5.000000 
-5.000000 
-5.000000 
-5.000000 
-5.000000 
-5.000000 
5.442402 
5.538492 
5.727461 
6.002981 
6.355813 
6.774094 
7.243718 
7.748789 
8.272139 
8.795895 
9.302072 
9.773176 
10.192794 
10.546146 
10.820577 
11.005972 
11.095071 
11.083670 
10.970709 
10.758225 
10.451194 
10.057249 
9.586308 
9.050114 
8.461722 
7.834958 
7.183866 
6.522188 
5.862886 
5.217736 
4.597005 
4.009227 
3.461074 
2.957327 
2.500931 
2.093135 
1.733676 
1.421023 
1.152627 
0.925185 
0.734895 
0.577686 
0.449418 
0.346046 
0.263745 
0.199004 
0.148676 
0.110004 
0.080626 
0.058559 
-5.000000 
-5.000000 
-5.000000 
-5.000000 
-5.000000 
-5.000000 
-5.000000 
-5.000000 
-5.000000 
-5.000000 
5.295826 
5.389325 
5.573199 
5.841290 
6.184609 
6.591613 
7.048577 
7.540032 
8.049275 
8.558914 
9.051451 
9.509864 
9.918183 
10.262029 
10.529088 
10.709521 
10.796264 
10.785230 
10.675388 
10.468724 
10.170081 
9.786887 
9.328795 
8.807232 
8.234901 
7.625253 
6.991954 
6.348370 
5.707110 
5.079627 
4.475905 
3.904241 
3.371118 
2.881180 
2.437288 
2.040646 
1.690997 
1.386843 
1.125701 
0.904359 
0.719117 
0.566016 
0.441033 
0.340238 
0.259916 
0.196658 
0.147409 
0.109496 
0.080626 
-5.000000 
-5.000000 
-5.000000 
-5.000000 
-5.000000 
-5.000000 
-5.000000 
-5.000000 
-5.000000 
-5.000000 
-5.000000 
5.130261 
5.220836 
5.398958 
5.658663 
5.991243 
6.385516 
6.828187 
7.304272 
7.797590 
8.291295 
8.768435 
9.212524 
9.608092 
9.941210 
10.199955 
10.374795 
10.458891 
10.448285 
10.341983 
10.141912 
9.852764 
9.481740 
9.038191 
8.533188 
7.979037 
7.388768 
6.775614 
6.152521 
5.531696 
4.924227 
4.339777 
3.786371 
3.270281 
2.795994 
2.366269 
1.982265 
1.643722 
1.349185 
1.096244 
0.881786 
0.702227 
0.553738 
0.432427 
0.334495 
0.256354 
0.194711 
0.146618 
0.109496 
-5.000000 
-5.000000 
-5.000000 
-5.000000 
-5.000000 
-5.000000 
-5.000000 
-5.000000 
-5.000000 
-5.000000 
-5.000000 
-5.000000 
4.945769 
5.033087 
5.204803 
5.455168 
5.775788 
6.155883 
6.582636 
7.041603 
7.517186 
7.993146 
8.453142 
8.881280 
9.262652 
9.583832 
9.833326 
10.001949 
10.083112 
10.073004 
9.970670 
9.777971 
9.499436 
9.142010 
8.714710 
8.228209 
7.694374 
7.125760 
6.535124 
5.934940 
5.336966 
4.751882 
4.188989 
3.656012 
3.158980 
2.702204 
2.288329 
1.918459 
1.592331 
1.308534 
1.064740 
0.857943 
0.684694 
0.541304 
0.424031 
0.329224 
0.253437 
0.193511 
0.146618 
-5.000000 
-5.000000 
-5.000000 
-5.000000 
-5.000000 
-5.000000 
-5.000000 
-5.000000 
-5.000000 
-5.000000 
-5.000000 
-5.000000 
-5.000000 
4.742876 
4.826613 
4.991287 
5.231386 
5.538859 
5.903369 
6.312626 
6.752778 
7.208868 
7.665324 
8.106478 
8.517090 
8.882865 
9.190930 
9.430268 
9.592075 
9.670036 
9.660503 
9.562564 
9.378011 
9.111192 
8.768771 
8.359401 
7.893319 
7.381904 
6.837196 
6.271422 
5.696536 
5.123804 
4.563452 
4.024383 
3.513986 
3.038021 
2.600602 
2.204246 
1.849990 
1.537569 
1.265616 
1.031890 
0.833509 
0.667164 
0.529328 
0.416423 
0.324963 
0.251662 
0.193511 
-5.000000 
-5.000000 
-5.000000 
-5.000000 
-5.000000 
-5.000000 
-5.000000 
-5.000000 
-5.000000 
-5.000000 
-5.000000 
-5.000000 
-5.000000 
-5.000000 
4.522610 
4.602461 
4.759494 
4.988452 
5.281659 
5.629258 
6.019528 
6.439265 
6.874204 
7.309500 
7.730212 
8.121811 
8.470670 
8.764517 
8.992851 
9.147284 
9.221799 
9.212925 
9.119802 
8.944143 
8.690105 
8.364048 
7.974227 
7.530410 
7.043445 
6.524813 
5.986164 
5.438887 
4.893711 
4.360366 
3.847319 
3.361589 
2.908643 
2.492374 
2.115152 
1.777945 
1.480475 
1.221424 
0.998645 
0.809384 
0.650491 
0.518611 
0.410349 
0.322402 
0.251662 
-5.000000 
-5.000000 
-5.000000 
-5.000000 
-5.000000 
-5.000000 
-5.000000 
-5.000000 
-5.000000 
-5.000000 
-5.000000 
-5.000000 
-5.000000 
-5.000000 
-5.000000 
4.286518 
4.362206 
4.511052 
4.728073 
5.005995 
5.335474 
5.705404 
6.103268 
6.515549 
6.928176 
7.326992 
7.698230 
8.028977 
8.307607 
8.524175 
8.670736 
8.741597 
8.733479 
8.645574 
8.479519 
8.239263 
7.930844 
7.562092 
7.142270 
6.681662 
6.191145 
5.681752 
5.164264 
4.648828 
4.144641 
3.659699 
3.200618 
2.772541 
2.379121 
2.022567 
1.703762 
1.422414 
1.177251 
0.966224 
0.786718 
0.635752 
0.510159 
0.406743 
0.322402 
-5.000000 
-5.000000 
-5.000000 
-5.000000 
-5.000000 
-5.000000 
-5.000000 
-5.000000 
-5.000000 
-5.000000 
-5.000000 
-5.000000 
-5.000000 
-5.000000 
-5.000000 
-5.000000 
4.036653 
4.107937 
4.248121 
4.452514 
4.714264 
5.024574 
5.372985 
5.747710 
6.136021 
6.524671 
6.900331 
7.250038 
7.561639 
7.824193 
8.028342 
8.166613 
8.233660 
8.226403 
8.144098 
7.988301 
7.762742 
7.473120 
7.126820 
6.732570 
6.300055 
5.839514 
5.361326 
4.875624 
4.391936 
3.918890 
3.463972 
3.033369 
2.631873 
2.262873 
1.928401 
1.629241 
1.365082 
1.134694 
0.936131 
0.766923 
0.624268 
0.505202 
0.406743 
-5.000000 
-5.000000 
-5.000000 
-5.000000 
-5.000000 
-5.000000 
-5.000000 
-5.000000 
-5.000000 
-5.000000 
-5.000000 
-5.000000 
-5.000000 
-5.000000 
-5.000000 
-5.000000 
-5.000000 
3.775533 
3.842215 
3.973349 
4.164548 
4.409404 
4.699688 
5.025618 
5.376171 
5.739446 
6.103053 
6.454529 
6.781758 
7.073378 
7.319165 
7.510377 
7.640039 
7.703164 
7.696889 
7.620538 
7.475581 
7.265528 
6.995723 
6.673088 
6.305793 
5.902899 
5.473975 
5.028715 
4.576570 
4.126418 
3.686281 
3.263109 
2.862625 
2.489248 
2.146079 
1.834954 
1.556546 
1.310514 
1.095669 
0.910166 
0.751685 
0.617613 
0.505202 
-5.000000 
-5.000000 
-5.000000 
-5.000000 
-5.000000 
-5.000000 
-5.000000 
-5.000000 
-5.000000 
-5.000000 
-5.000000 
-5.000000 
-5.000000 
-5.000000 
-5.000000 
-5.000000 
-5.000000 
-5.000000 
3.506068 
3.568002 
3.689799 
3.867386 
4.094811 
4.364435 
4.667173 
4.992792 
5.330242 
5.668020 
5.994561 
6.298618 
6.569650 
6.798175 
6.976090 
7.096934 
7.156096 
7.150941 
7.080861 
6.947249 
6.753386 
6.504256 
6.206303 
5.867124 
5.495136 
5.099217 
4.688348 
4.271272 
3.856187 
3.450485 
3.060547 
2.691608 
2.347687 
2.031575 
1.744892 
1.488185 
1.261071 
1.062396 
0.890413 
0.742958 
0.617613 
-5.000000 
-5.000000 
-5.000000 
-5.000000 
-5.000000 
-5.000000 
-5.000000 
-5.000000 
-5.000000 
-5.000000 
-5.000000 
-5.000000 
-5.000000 
-5.000000 
-5.000000 
-5.000000 
-5.000000 
-5.000000 
-5.000000 
3.231469 
3.288565 
3.400850 
3.564567 
3.774234 
4.022808 
4.301920 
4.602139 
4.913284 
5.224760 
5.525911 
5.806384 
6.056475 
6.267460 
6.431889 
6.543831 
6.599061 
6.595179 
6.531657 
6.409807 
6.232683 
6.004909 
5.732442 
5.422298 
5.082238 
4.720433 
4.345133 
3.964356 
3.585595 
3.215586 
2.860119 
2.523917 
2.210571 
1.922541 
1.661209 
1.426981 
1.219415 
1.037383 
0.879234 
0.742958 
-5.000000 
-5.000000 
-5.000000 
-5.000000 
-5.000000 
-5.000000 
-5.000000 
-5.000000 
-5.000000 
-5.000000 
-5.000000 
-5.000000 
-5.000000 
-5.000000 
-5.000000 
-5.000000 
-5.000000 
-5.000000 
-5.000000 
-5.000000 
2.955135 
3.007363 
3.110076 
3.259839 
3.451638 
3.679035 
3.934378 
4.209046 
4.493734 
4.778758 
5.054386 
5.311161 
5.540224 
5.733620 
5.884559 
5.987648 
6.039055 
6.036622 
5.979905 
5.870145 
5.710173 
5.504249 
5.257851 
4.977410 
4.670026 
4.343156 
4.004312 
3.660768 
3.319301 
2.985971 
2.665956 
2.363439 
2.081564 
1.822435 
1.587174 
1.376021 
1.188466 
1.023391 
0.879234 
-5.000000 
-5.000000 
-5.000000 
-5.000000 
-5.000000 
-5.000000 
-5.000000 
-5.000000 
-5.000000 
-5.000000 
-5.000000 
-5.000000 
-5.000000 
-5.000000 
-5.000000 
-5.000000 
-5.000000 
-5.000000 
-5.000000 
-5.000000 
-5.000000 
2.680527 
2.727919 
2.821121 
2.957018 
3.131064 
3.337421 
3.569150 
3.818437 
4.076847 
4.335607 
4.585901 
4.819166 
5.027391 
5.203383 
5.341017 
5.435437 
5.483210 
5.482425 
5.432730 
5.335300 
5.192752 
5.008994 
4.789027 
4.538707 
4.264476 
3.973079 
3.671286 
3.365624 
3.062141 
2.766206 
2.482368 
2.214251 
1.964525 
1.734914 
1.526255 
1.338604 
1.171356 
1.023391 
-5.000000 
-5.000000 
-5.000000 
-5.000000 
-5.000000 
-5.000000 
-5.000000 
-5.000000 
-5.000000 
-5.000000 
-5.000000 
-5.000000 
-5.000000 
-5.000000 
-5.000000 
-5.000000 
-5.000000 
-5.000000 
-5.000000 
-5.000000 
-5.000000 
-5.000000 
2.411043 
2.453689 
2.537557 
2.659849 
2.816475 
3.002188 
3.210751 
3.435141 
3.667781 
3.900791 
4.126259 
4.336504 
4.524347 
4.683353 
4.808051 
4.894122 
4.938533 
4.939623 
4.897137 
4.812196 
4.687216 
4.525765 
4.332385 
4.112368 
3.871511 
3.615856 
3.351438 
3.084036 
2.818964 
2.560893 
2.313724 
2.080504 
1.863404 
1.663742 
1.482046 
1.318157 
1.171356 
-5.000000 
-5.000000 
-5.000000 
-5.000000 
-5.000000 
-5.000000 
-5.000000 
-5.000000 
-5.000000 
-5.000000 
-5.000000 
-5.000000 
-5.000000 
-5.000000 
-5.000000 
-5.000000 
-5.000000 
-5.000000 
-5.000000 
-5.000000 
-5.000000 
-5.000000 
-5.000000 
2.149887 
2.187933 
2.262757 
2.371865 
2.511612 
2.677323 
2.863443 
3.063719 
3.271404 
3.479490 
3.680942 
3.868938 
4.037111 
4.179767 
4.292078 
4.370252 
4.411651 
4.414870 
4.379758 
4.307397 
4.200013 
4.060858 
3.894033 
3.704289 
3.496797 
3.276915 
3.049953 
2.820950 
2.594487 
2.374530 
2.164318 
1.966302 
1.782133 
1.612691 
1.458166 
1.318157 
-5.000000 
-5.000000 
-5.000000 
-5.000000 
-5.000000 
-5.000000 
-5.000000 
-5.000000 
-5.000000 
-5.000000 
-5.000000 
-5.000000 
-5.000000 
-5.000000 
-5.000000 
-5.000000 
-5.000000 
-5.000000 
-5.000000 
-5.000000 
-5.000000 
-5.000000 
-5.000000 
-5.000000 
1.899960 
1.933604 
1.999773 
2.096264 
2.219860 
2.366435 
2.531087 
2.708299 
2.892126 
3.076394 
3.254912 
3.421687 
3.571136 
3.698279 
3.798914 
3.869763 
3.908579 
3.914211 
3.886626 
3.826874 
3.737020 
3.620019 
3.479560 
3.319880 
3.145553 
2.961275 
2.771648 
2.580986 
2.393142 
2.211370 
2.038241 
1.875587 
1.724511 
1.585433 
1.458166 
-5.000000 
-5.000000 
-5.000000 
-5.000000 
-5.000000 
-5.000000 
-5.000000 
-5.000000 
-5.000000 
-5.000000 
-5.000000 
-5.000000 
-5.000000 
-5.000000 
-5.000000 
-5.000000 
-5.000000 
-5.000000 
-5.000000 
-5.000000 
-5.000000 
-5.000000 
-5.000000 
-5.000000 
-5.000000 
1.663763 
1.693247 
1.751237 
1.835806 
1.944141 
2.072636 
2.217009 
2.372442 
2.533749 
2.695548 
2.852453 
2.999259 
3.131131 
3.243773 
3.333585 
3.397789 
3.434521 
3.442884 
3.422970 
3.375818 
3.303353 
3.208263 
3.093859 
2.963896 
2.822384 
2.673385 
2.520820 
2.368294 
2.218937 
2.075294 
1.939253 
1.812011 
1.694097 
1.585433 
-5.000000 
-5.000000 
-5.000000 
-5.000000 
-5.000000 
-5.000000 
-5.000000 
-5.000000 
-5.000000 
-5.000000 
-5.000000 
-5.000000 
-5.000000 
-5.000000 
-5.000000 
-5.000000 
-5.000000 
-5.000000 
-5.000000 
-5.000000 
-5.000000 
-5.000000 
-5.000000 
-5.000000 
-5.000000 
-5.000000 
1.443326 
1.468928 
1.519285 
1.592728 
1.686825 
1.798453 
1.923912 
2.059040 
2.199362 
2.340241 
2.477047 
2.605318 
2.720924 
2.820223 
2.900187 
2.958517 
2.993723 
3.005167 
2.993071 
2.958486 
2.903220 
2.829730 
2.740984 
2.640296 
2.531146 
2.416999 
2.301123 
2.186430 
2.075342 
1.969693 
1.870678 
1.778837 
1.694097 
-5.000000 
-5.000000 
-5.000000 
-5.000000 
-5.000000 
-5.000000 
-5.000000 
-5.000000 
-5.000000 
-5.000000 
-5.000000 
-5.000000 
-5.000000 
-5.000000 
-5.000000 
-5.000000 
-5.000000 
-5.000000 
-5.000000 
-5.000000 
-5.000000 
-5.000000 
-5.000000 
-5.000000 
-5.000000 
-5.000000 
-5.000000 
1.240163 
1.262188 
1.305510 
1.368702 
1.449679 
1.545772 
1.653814 
1.770254 
1.891274 
2.012930 
2.131296 
2.242602 
2.343383 
2.430606 
2.501787 
2.555088 
2.589381 
2.604284 
2.600165 
2.578104 
2.539825 
2.487587 
2.424056 
2.352147 
2.274853 
2.195078 
2.115468 
2.038265 
1.965192 
1.897376 
1.835303 
1.778837 
-5.000000 
-5.000000 
-5.000000 
-5.000000 
-5.000000 
-5.000000 
-5.000000 
-5.000000 
-5.000000 
-5.000000 
-5.000000 
-5.000000 
-5.000000 
-5.000000 
-5.000000 
-5.000000 
-5.000000 
-5.000000 
-5.000000 
-5.000000 
-5.000000 
-5.000000 
-5.000000 
-5.000000 
-5.000000 
-5.000000 
-5.000000 
-5.000000 
1.055256 
1.074024 
1.110945 
1.164810 
1.233853 
1.315816 
1.408025 
1.507484 
1.610982 
1.715212 
1.816893 
1.912898 
2.000375 
2.076865 
2.140394 
2.189562 
2.223593 
2.242363 
2.246397 
2.236825 
2.215319 
2.183979 
2.145212 
2.101576 
2.055625 
2.009738 
1.965970 
1.925919 
1.890622 
1.860493 
1.835303 
-5.000000 
-5.000000 
-5.000000 
-5.000000 
-5.000000 
-5.000000 
-5.000000 
-5.000000 
-5.000000 
-5.000000 
-5.000000 
-5.000000 
-5.000000 
-5.000000 
-5.000000 
-5.000000 
-5.000000 
-5.000000 
-5.000000 
-5.000000 
-5.000000 
-5.000000 
-5.000000 
-5.000000 
-5.000000 
-5.000000 
-5.000000 
-5.000000 
-5.000000 
0.889060 
0.904903 
0.936073 
0.981557 
1.039880 
1.109157 
1.187158 
1.271390 
1.359193 
1.447838 
1.534637 
1.617048 
1.692789 
1.759927 
1.816970 
1.862934 
1.897382 
1.920451 
1.932834 
1.935738 
1.930810 
1.920034 
1.905601 
1.889762 
1.874669 
1.862221 
1.853916 
1.850729 
1.853021 
1.860493 
-5.000000 
-5.000000 
-5.000000 
-5.000000 
-5.000000 
-5.000000 
-5.000000 
-5.000000 
-5.000000 
-5.000000 
-5.000000 
-5.000000 
-5.000000 
-5.000000 
-5.000000 
-5.000000 
-5.000000 
-5.000000 
-5.000000 
-5.000000 
-5.000000 
-5.000000 
-5.000000 
-5.000000 
-5.000000 
-5.000000 
-5.000000 
-5.000000 
-5.000000 
-5.000000 
0.741545 
0.754792 
0.780859 
0.818910 
0.867728 
0.925760 
0.991175 
1.061933 
1.135867 
1.210771 
1.284490 
1.355019 
1.420591 
1.479766 
1.531497 
1.575195 
1.610755 
1.638574 
1.659527 
1.674919 
1.686411 
1.695908 
1.705428 
1.716962 
1.732308 
1.752921 
1.779775 
1.813243 
1.853021 
-5.000000 
-5.000000 
-5.000000 
-5.000000 
-5.000000 
-5.000000 
-5.000000 
-5.000000 
-5.000000 
-5.000000 
-5.000000 
-5.000000 
-5.000000 
-5.000000 
-5.000000 
-5.000000 
-5.000000 
-5.000000 
-5.000000 
-5.000000 
-5.000000 
-5.000000 
-5.000000 
-5.000000 
-5.000000 
-5.000000 
-5.000000 
-5.000000 
-5.000000 
-5.000000 
-5.000000 
0.612242 
0.623214 
0.644812 
0.676354 
0.716851 
0.765046 
0.819459 
0.878454 
0.940302 
1.003265 
1.065667 
1.125987 
1.182929 
1.235502 
1.283078 
1.325440 
1.362807 
1.395839 
1.425605 
1.453535 
1.481334 
1.510866 
1.544027 
1.582587 
1.628035 
1.681422 
1.743227 
1.813243 
-5.000000 
-5.000000 
-5.000000 
-5.000000 
-5.000000 
-5.000000 
-5.000000 
-5.000000 
-5.000000 
-5.000000 
-5.000000 
-5.000000 
-5.000000 
-5.000000 
-5.000000 
-5.000000 
-5.000000 
-5.000000 
-5.000000 
-5.000000 
-5.000000 
-5.000000 
-5.000000 
-5.000000 
-5.000000 
-5.000000 
-5.000000 
-5.000000 
-5.000000 
-5.000000 
-5.000000 
-5.000000 
0.500315 
0.509320 
0.527053 
0.552968 
0.586276 
0.625977 
0.670903 
0.719769 
0.771236 
0.823979 
0.876751 
0.928463 
0.978250 
1.025531 
1.070068 
1.111998 
1.151857 
1.190567 
1.229409 
1.269961 
1.314003 
1.363400 
1.419962 
1.485288 
1.560597 
1.646573 
1.743227 
-5.000000 
-5.000000 
-5.000000 
-5.000000 
-5.000000 
-5.000000 
-5.000000 
-5.000000 
-5.000000 
-5.000000 
-5.000000 
-5.000000 
-5.000000 
-5.000000 
-5.000000 
-5.000000 
-5.000000 
-5.000000 
-5.000000 
-5.000000 
-5.000000 
-5.000000 
-5.000000 
-5.000000 
-5.000000 
-5.000000 
-5.000000 
-5.000000 
-5.000000 
-5.000000 
-5.000000 
-5.000000 
-5.000000 
0.404635 
0.411961 
0.426395 
0.447509 
0.474688 
0.507154 
0.544009 
0.584277 
0.626961 
0.671097 
0.715821 
0.760432 
0.804449 
0.847673 
0.890226 
0.932586 
0.975595 
1.020445 
1.068640 
1.121929 
1.182198 
1.251351 
1.331154 
1.423072 
1.528094 
1.646573 
-5.000000 
-5.000000 
-5.000000 
-5.000000 
-5.000000 
-5.000000 
-5.000000 
-5.000000 
-5.000000 
-5.000000 
-5.000000 
-5.000000 
-5.000000 
-5.000000 
-5.000000 
-5.000000 
-5.000000 
-5.000000 
-5.000000 
-5.000000 
-5.000000 
-5.000000 
-5.000000 
-5.000000 
-5.000000 
-5.000000 
-5.000000 
-5.000000 
-5.000000 
-5.000000 
-5.000000 
-5.000000 
-5.000000 
-5.000000 
0.323865 
0.329776 
0.341430 
0.358502 
0.380524 
0.406912 
0.436998 
0.470077 
0.505444 
0.542458 
0.580591 
0.619485 
0.659013 
0.699322 
0.740873 
0.784467 
0.831249 
0.882683 
0.940514 
1.006677 
1.083200 
1.172056 
1.275007 
1.393421 
1.528094 
-5.000000 
-5.000000 
-5.000000 
-5.000000 
-5.000000 
-5.000000 
-5.000000 
-5.000000 
-5.000000 
-5.000000 
-5.000000 
-5.000000 
-5.000000 
-5.000000 
-5.000000 
-5.000000 
-5.000000 
-5.000000 
-5.000000 
-5.000000 
-5.000000 
-5.000000 
-5.000000 
-5.000000 
-5.000000 
-5.000000 
-5.000000 
-5.000000 
-5.000000 
-5.000000 
-5.000000 
-5.000000 
-5.000000 
-5.000000 
-5.000000 
0.256529 
0.261264 
0.270609 
0.284323 
0.302066 
0.323418 
0.347912 
0.375071 
0.404448 
0.435681 
0.468538 
0.502971 
0.539169 
0.577599 
0.619041 
0.664606 
0.715736 
0.774175 
0.841915 
0.921106 
1.013939 
1.122489 
1.248547 
1.393421 
-5.000000 
-5.000000 
-5.000000 
-5.000000 
-5.000000 
-5.000000 
-5.000000 
-5.000000 
-5.000000 
-5.000000 
-5.000000 
-5.000000 
-5.000000 
-5.000000 
-5.000000 
-5.000000 
-5.000000 
-5.000000 
-5.000000 
-5.000000 
-5.000000 
-5.000000 
-5.000000 
-5.000000 
-5.000000 
-5.000000 
-5.000000 
-5.000000 
-5.000000 
-5.000000 
-5.000000 
-5.000000 
-5.000000 
-5.000000 
-5.000000 
-5.000000 
0.201096 
0.204865 
0.212315 
0.223280 
0.237523 
0.254765 
0.274709 
0.297074 
0.321638 
0.348280 
0.377029 
0.408115 
0.442014 
0.479489 
0.521618 
0.569815 
0.625813 
0.691639 
0.769547 
0.861918 
0.971129 
1.099389 
1.248547 
-5.000000 
-5.000000 
-5.000000 
-5.000000 
-5.000000 
-5.000000 
-5.000000 
-5.000000 
-5.000000 
-5.000000 
-5.000000 
-5.000000 
-5.000000 
-5.000000 
-5.000000 
-5.000000 
-5.000000 
-5.000000 
-5.000000 
-5.000000 
-5.000000 
-5.000000 
-5.000000 
-5.000000 
-5.000000 
-5.000000 
-5.000000 
-5.000000 
-5.000000 
-5.000000 
-5.000000 
-5.000000 
-5.000000 
-5.000000 
-5.000000 
-5.000000 
-5.000000 
0.156030 
0.159018 
0.164937 
0.173681 
0.185103 
0.199042 
0.215345 
0.233901 
0.254677 
0.277766 
0.303427 
0.332139 
0.364638 
0.401963 
0.445478 
0.496882 
0.558204 
0.631754 
0.720058 
0.825745 
0.951400 
1.099389 
-5.000000 
-5.000000 
-5.000000 
-5.000000 
-5.000000 
-5.000000 
-5.000000 
-5.000000 
-5.000000 
-5.000000 
-5.000000 
-5.000000 
-5.000000 
-5.000000 
-5.000000 
-5.000000 
-5.000000 
-5.000000 
-5.000000 
-5.000000 
-5.000000 
-5.000000 
-5.000000 
-5.000000 
-5.000000 
-5.000000 
-5.000000 
-5.000000 
-5.000000 
-5.000000 
-5.000000 
-5.000000 
-5.000000 
-5.000000 
-5.000000 
-5.000000 
-5.000000 
-5.000000 
0.119851 
0.122217 
0.126916 
0.133893 
0.143077 
0.154406 
0.167848 
0.183437 
0.201305 
0.221731 
0.245178 
0.272348 
0.304219 
0.342083 
0.387576 
0.442680 
0.509709 
0.591264 
0.690151 
0.809258 
0.951400 
-5.000000 
-5.000000 
-5.000000 
-5.000000 
-5.000000 
-5.000000 
-5.000000 
-5.000000 
-5.000000 
-5.000000 
-5.000000 
-5.000000 
-5.000000 
-5.000000 
-5.000000 
-5.000000 
-5.000000 
-5.000000 
-5.000000 
-5.000000 
-5.000000 
-5.000000 
-5.000000 
-5.000000 
-5.000000 
-5.000000 
-5.000000 
-5.000000 
-5.000000 
-5.000000 
-5.000000 
-5.000000 
-5.000000 
-5.000000 
-5.000000 
-5.000000 
-5.000000 
-5.000000 
-5.000000 
0.091173 
0.093049 
0.096791 
0.102385 
0.109823 
0.119125 
0.130365 
0.143698 
0.159401 
0.177913 
0.199882 
0.226210 
0.258096 
0.297074 
0.345038 
0.404244 
0.477290 
0.567068 
0.676671 
0.809258 
-5.000000 
-5.000000 
-5.000000 
-5.000000 
-5.000000 
-5.000000 
-5.000000 
-5.000000 
-5.000000 
-5.000000 
-5.000000 
-5.000000 
-5.000000 
-5.000000 
-5.000000 
-5.000000 
-5.000000 
-5.000000 
-5.000000 
-5.000000 
-5.000000 
-5.000000 
-5.000000 
-5.000000 
-5.000000 
-5.000000 
-5.000000 
-5.000000 
-5.000000 
-5.000000 
-5.000000 
-5.000000 
-5.000000 
-5.000000 
-5.000000 
-5.000000 
-5.000000 
-5.000000 
-5.000000 
-5.000000 
0.068726 
0.070224 
0.073228 
0.077757 
0.083857 
0.091619 
0.101203 
0.112870 
0.127022 
0.144241 
0.165338 
0.191399 
0.223828 
0.264388 
0.315216 
0.378837 
0.458132 
0.556282 
0.676671 
-5.000000 
-5.000000 
-5.000000 
-5.000000 
-5.000000 
-5.000000 
-5.000000 
-5.000000 
-5.000000 
-5.000000 
-5.000000 
-5.000000 
-5.000000 
-5.000000 
-5.000000 
-5.000000 
-5.000000 
-5.000000 
-5.000000 
-5.000000 
-5.000000 
-5.000000 
-5.000000 
-5.000000 
-5.000000 
-5.000000 
-5.000000 
-5.000000 
-5.000000 
-5.000000 
-5.000000 
-5.000000 
-5.000000 
-5.000000 
-5.000000 
-5.000000 
-5.000000 
-5.000000 
-5.000000 
-5.000000 
-5.000000 
0.051380 
0.052591 
0.055034 
0.058760 
0.063857 
0.070475 
0.078849 
0.089331 
0.102432 
0.118861 
0.139577 
0.165833 
0.199226 
0.241730 
0.295724 
0.363990 
0.449685 
0.556282 
-5.000000 
-5.000000 
-5.000000 
-5.000000 
-5.000000 
-5.000000 
-5.000000 
-5.000000 
-5.000000 
-5.000000 
-5.000000 
-5.000000 
-5.000000 
-5.000000 
-5.000000 
-5.000000 
-5.000000 
-5.000000 
-5.000000 
-5.000000 
-5.000000 
-5.000000 
-5.000000 
-5.000000 
-5.000000 
-5.000000 
-5.000000 
-5.000000 
-5.000000 
-5.000000 
-5.000000 
-5.000000 
-5.000000 
-5.000000 
-5.000000 
-5.000000 
-5.000000 
-5.000000 
-5.000000 
-5.000000 
-5.000000 
-5.000000 
0.038147 
0.039144 
0.041171 
0.044303 
0.048666 
0.054459 
0.061981 
0.071664 
0.084113 
0.100153 
0.120873 
0.147685 
0.182363 
0.227085 
0.284458 
0.357514 
0.449685 
-5.000000 
-5.000000 
-5.000000 
-5.000000 
-5.000000 
-5.000000 
-5.000000 
-5.000000 
-5.000000 
-5.000000 
-5.000000 
-5.000000 
-5.000000 
-5.000000 
-5.000000 
-5.000000 
-5.000000 
-5.000000 
-5.000000 
-5.000000 
-5.000000 
-5.000000 
-5.000000 
-5.000000 
-5.000000 
-5.000000 
-5.000000 
-5.000000 
-5.000000 
-5.000000 
-5.000000 
-5.000000 
-5.000000 
-5.000000 
-5.000000 
-5.000000 
-5.000000 
-5.000000 
-5.000000 
-5.000000 
-5.000000 
-5.000000 
-5.000000 
0.028182 
0.029024 
0.030749 
0.033454 
0.037295 
0.042515 
0.049467 
0.058653 
0.070763 
0.086722 
0.107745 
0.135384 
0.171583 
0.218712 
0.279597 
0.357514 
-5.000000 
-5.000000 
-5.000000 
-5.000000 
-5.000000 
-5.000000 
-5.000000 
-5.000000 
-5.000000 
-5.000000 
-5.000000 
-5.000000 
-5.000000 
-5.000000 
-5.000000 
-5.000000 
-5.000000 
-5.000000 
-5.000000 
-5.000000 
-5.000000 
-5.000000 
-5.000000 
-5.000000 
-5.000000 
-5.000000 
-5.000000 
-5.000000 
-5.000000 
-5.000000 
-5.000000 
-5.000000 
-5.000000 
-5.000000 
-5.000000 
-5.000000 
-5.000000 
-5.000000 
-5.000000 
-5.000000 
-5.000000 
-5.000000 
-5.000000 
-5.000000 
0.020778 
0.021509 
0.023022 
0.025429 
0.028914 
0.033755 
0.040356 
0.049278 
0.061286 
0.077400 
0.098944 
0.127606 
0.165485 
0.215138 
0.279597 
-5.000000 
-5.000000 
-5.000000 
-5.000000 
-5.000000 
-5.000000 
-5.000000 
-5.000000 
-5.000000 
-5.000000 
-5.000000 
-5.000000 
-5.000000 
-5.000000 
-5.000000 
-5.000000 
-5.000000 
-5.000000 
-5.000000 
-5.000000 
-5.000000 
-5.000000 
-5.000000 
-5.000000 
-5.000000 
-5.000000 
-5.000000 
-5.000000 
-5.000000 
-5.000000 
-5.000000 
-5.000000 
-5.000000 
-5.000000 
-5.000000 
-5.000000 
-5.000000 
-5.000000 
-5.000000 
-5.000000 
-5.000000 
-5.000000 
-5.000000 
-5.000000 
-5.000000 
0.015351 
0.016006 
0.017374 
0.019582 
0.022837 
0.027450 
0.033864 
0.042696 
0.054779 
0.071217 
0.093437 
0.123252 
0.162909 
0.215138 
-5.000000 
-5.000000 
-5.000000 
-5.000000 
-5.000000 
-5.000000 
-5.000000 
-5.000000 
-5.000000 
-5.000000 
-5.000000 
-5.000000 
-5.000000 
-5.000000 
-5.000000 
-5.000000 
-5.000000 
-5.000000 
-5.000000 
-5.000000 
-5.000000 
-5.000000 
-5.000000 
-5.000000 
-5.000000 
-5.000000 
-5.000000 
-5.000000 
-5.000000 
-5.000000 
-5.000000 
-5.000000 
-5.000000 
-5.000000 
-5.000000 
-5.000000 
-5.000000 
-5.000000 
-5.000000 
-5.000000 
-5.000000 
-5.000000 
-5.000000 
-5.000000 
-5.000000 
-5.000000 
0.011428 
0.012033 
0.013308 
0.015392 
0.018512 
0.023005 
0.029355 
0.038224 
0.050509 
0.067388 
0.090387 
0.121431 
0.162909 
-5.000000 
-5.000000 
-5.000000 
-5.000000 
-5.000000 
-5.000000 
-5.000000 
-5.000000 
-5.000000 
-5.000000 
-5.000000 
-5.000000 
-5.000000 
-5.000000 
-5.000000 
-5.000000 
-5.000000 
-5.000000 
-5.000000 
-5.000000 
-5.000000 
-5.000000 
-5.000000 
-5.000000 
-5.000000 
-5.000000 
-5.000000 
-5.000000 
-5.000000 
-5.000000 
-5.000000 
-5.000000 
-5.000000 
-5.000000 
-5.000000 
-5.000000 
-5.000000 
-5.000000 
-5.000000 
-5.000000 
-5.000000 
-5.000000 
-5.000000 
-5.000000 
-5.000000 
-5.000000 
-5.000000 
0.008634 
0.009208 
0.010428 
0.012443 
0.015496 
0.019951 
0.026323 
0.035319 
0.047891 
0.065288 
0.089123 
0.121431 
-5.000000 
-5.000000 
-5.000000 
-5.000000 
-5.000000 
-5.000000 
-5.000000 
-5.000000 
-5.000000 
-5.000000 
-5.000000 
-5.000000 
-5.000000 
-5.000000 
-5.000000 
-5.000000 
-5.000000 
-5.000000 
-5.000000 
-5.000000 
-5.000000 
-5.000000 
-5.000000 
-5.000000 
-5.000000 
-5.000000 
-5.000000 
-5.000000 
-5.000000 
-5.000000 
-5.000000 
-5.000000 
-5.000000 
-5.000000 
-5.000000 
-5.000000 
-5.000000 
-5.000000 
-5.000000 
-5.000000 
-5.000000 
-5.000000 
-5.000000 
-5.000000 
-5.000000 
-5.000000 
-5.000000 
-5.000000 
0.006674 
0.007233 
0.008424 
0.010409 
0.013445 
0.017918 
0.024372 
0.033555 
0.046468 
0.064426 
0.089123 
-5.000000 
-5.000000 
-5.000000 
-5.000000 
-5.000000 
-5.000000 
-5.000000 
-5.000000 
-5.000000 
-5.000000 
-5.000000 
-5.000000 
-5.000000 
-5.000000 
-5.000000 
-5.000000 
-5.000000 
-5.000000 
-5.000000 
-5.000000 
-5.000000 
-5.000000 
-5.000000 
-5.000000 
-5.000000 
-5.000000 
-5.000000 
-5.000000 
-5.000000 
-5.000000 
-5.000000 
-5.000000 
-5.000000 
-5.000000 
-5.000000 
-5.000000 
-5.000000 
-5.000000 
-5.000000 
-5.000000 
-5.000000 
-5.000000 
-5.000000 
-5.000000 
-5.000000 
-5.000000 
-5.000000 
-5.000000 
-5.000000 
0.005324 
0.005875 
0.007058 
0.009040 
0.012093 
0.016622 
0.023198 
0.032604 
0.045889 
0.064426 
-5.000000 
-5.000000 
-5.000000 
-5.000000 
-5.000000 
-5.000000 
-5.000000 
-5.000000 
-5.000000 
-5.000000 
-5.000000 
-5.000000 
-5.000000 
-5.000000 
-5.000000 
-5.000000 
-5.000000 
-5.000000 
-5.000000 
-5.000000 
-5.000000 
-5.000000 
-5.000000 
-5.000000 
-5.000000 
-5.000000 
-5.000000 
-5.000000 
-5.000000 
-5.000000 
-5.000000 
-5.000000 
-5.000000 
-5.000000 
-5.000000 
-5.000000 
-5.000000 
-5.000000 
-5.000000 
-5.000000 
-5.000000 
-5.000000 
-5.000000 
-5.000000 
-5.000000 
-5.000000 
-5.000000 
-5.000000 
-5.000000 
-5.000000 
0.004410 
0.004962 
0.006149 
0.008147 
0.011239 
0.015849 
0.022571 
0.032220 
0.045889 
-5.000000 
-5.000000 
-5.000000 
-5.000000 
-5.000000 
-5.000000 
-5.000000 
-5.000000 
-5.000000 
-5.000000 
-5.000000 
-5.000000 
-5.000000 
-5.000000 
-5.000000 
-5.000000 
-5.000000 
-5.000000 
-5.000000 
-5.000000 
-5.000000 
-5.000000 
-5.000000 
-5.000000 
-5.000000 
-5.000000 
-5.000000 
-5.000000 
-5.000000 
-5.000000 
-5.000000 
-5.000000 
-5.000000 
-5.000000 
-5.000000 
-5.000000 
-5.000000 
-5.000000 
-5.000000 
-5.000000 
-5.000000 
-5.000000 
-5.000000 
-5.000000 
-5.000000 
-5.000000 
-5.000000 
-5.000000 
-5.000000 
-5.000000 
-5.000000 
0.003806 
0.004363 
0.005563 
0.007588 
0.010734 
0.015439 
0.022319 
0.032220 
-5.000000 
-5.000000 
-5.000000 
-5.000000 
-5.000000 
-5.000000 
-5.000000 
-5.000000 
-5.000000 
-5.000000 
-5.000000 
-5.000000 
-5.000000 
-5.000000 
-5.000000 
-5.000000 
-5.000000 
-5.000000 
-5.000000 
-5.000000 
-5.000000 
-5.000000 
-5.000000 
-5.000000 
-5.000000 
-5.000000 
-5.000000 
-5.000000 
-5.000000 
-5.000000 
-5.000000 
-5.000000 
-5.000000 
-5.000000 
-5.000000 
-5.000000 
-5.000000 
-5.000000 
-5.000000 
-5.000000 
-5.000000 
-5.000000 
-5.000000 
-5.000000 
-5.000000 
-5.000000 
-5.000000 
-5.000000 
-5.000000 
-5.000000 
-5.000000 
-5.000000 
0.003417 
0.003982 
0.005200 
0.007261 
0.010468 
0.015275 
0.022319 
-5.000000 
-5.000000 
-5.000000 
-5.000000 
-5.000000 
-5.000000 
-5.000000 
-5.000000 
-5.000000 
-5.000000 
-5.000000 
-5.000000 
-5.000000 
-5.000000 
-5.000000 
-5.000000 
-5.000000 
-5.000000 
-5.000000 
-5.000000 
-5.000000 
-5.000000 
-5.000000 
-5.000000 
-5.000000 
-5.000000 
-5.000000 
-5.000000 
-5.000000 
-5.000000 
-5.000000 
-5.000000 
-5.000000 
-5.000000 
-5.000000 
-5.000000 
-5.000000 
-5.000000 
-5.000000 
-5.000000 
-5.000000 
-5.000000 
-5.000000 
-5.000000 
-5.000000 
-5.000000 
-5.000000 
-5.000000 
-5.000000 
-5.000000 
-5.000000 
-5.000000 
-5.000000 
0.003177 
0.003750 
0.004990 
0.007090 
0.010363 
0.015275 
-5.000000 
-5.000000 
-5.000000 
-5.000000 
-5.000000 
-5.000000 
-5.000000 
-5.000000 
-5.000000 
-5.000000 
-5.000000 
-5.000000 
-5.000000 
-5.000000 
-5.000000 
-5.000000 
-5.000000 
-5.000000 
-5.000000 
-5.000000 
-5.000000 
-5.000000 
-5.000000 
-5.000000 
-5.000000 
-5.000000 
-5.000000 
-5.000000 
-5.000000 
-5.000000 
-5.000000 
-5.000000 
-5.000000 
-5.000000 
-5.000000 
-5.000000 
-5.000000 
-5.000000 
-5.000000 
-5.000000 
-5.000000 
-5.000000 
-5.000000 
-5.000000 
-5.000000 
-5.000000 
-5.000000 
-5.000000 
-5.000000 
-5.000000 
-5.000000 
-5.000000 
-5.000000 
-5.000000 
0.003035 
0.003619 
0.004882 
0.007023 
0.010363 
-5.000000 
-5.000000 
-5.000000 
-5.000000 
-5.000000 
-5.000000 
-5.000000 
-5.000000 
-5.000000 
-5.000000 
-5.000000 
-5.000000 
-5.000000 
-5.000000 
-5.000000 
-5.000000 
-5.000000 
-5.000000 
-5.000000 
-5.000000 
-5.000000 
-5.000000 
-5.000000 
-5.000000 
-5.000000 
-5.000000 
-5.000000 
-5.000000 
-5.000000 
-5.000000 
-5.000000 
-5.000000 
-5.000000 
-5.000000 
-5.000000 
-5.000000 
-5.000000 
-5.000000 
-5.000000 
-5.000000 
-5.000000 
-5.000000 
-5.000000 
-5.000000 
-5.000000 
-5.000000 
-5.000000 
-5.000000 
-5.000000 
-5.000000 
-5.000000 
-5.000000 
-5.000000 
-5.000000 
-5.000000 
0.002959 
0.003554 
0.004841 
0.007023 
-5.000000 
-5.000000 
-5.000000 
-5.000000 
-5.000000 
-5.000000 
-5.000000 
-5.000000 
-5.000000 
-5.000000 
-5.000000 
-5.000000 
-5.000000 
-5.000000 
-5.000000 
-5.000000 
-5.000000 
-5.000000 
-5.000000 
-5.000000 
-5.000000 
-5.000000 
-5.000000 
-5.000000 
-5.000000 
-5.000000 
-5.000000 
-5.000000 
-5.000000 
-5.000000 
-5.000000 
-5.000000 
-5.000000 
-5.000000 
-5.000000 
-5.000000 
-5.000000 
-5.000000 
-5.000000 
-5.000000 
-5.000000 
-5.000000 
-5.000000 
-5.000000 
-5.000000 
-5.000000 
-5.000000 
-5.000000 
-5.000000 
-5.000000 
-5.000000 
-5.000000 
-5.000000 
-5.000000 
-5.000000 
-5.000000 
0.002924 
0.003530 
0.004841 
-5.000000 
-5.000000 
-5.000000 
-5.000000 
-5.000000 
-5.000000 
-5.000000 
-5.000000 
-5.000000 
-5.000000 
-5.000000 
-5.000000 
-5.000000 
-5.000000 
-5.000000 
-5.000000 
-5.000000 
-5.000000 
-5.000000 
-5.000000 
-5.000000 
-5.000000 
-5.000000 
-5.000000 
-5.000000 
-5.000000 
-5.000000 
-5.000000 
-5.000000 
-5.000000 
-5.000000 
-5.000000 
-5.000000 
-5.000000 
-5.000000 
-5.000000 
-5.000000 
-5.000000 
-5.000000 
-5.000000 
-5.000000 
-5.000000 
-5.000000 
-5.000000 
-5.000000 
-5.000000 
-5.000000 
-5.000000 
-5.000000 
-5.000000 
-5.000000 
-5.000000 
-5.000000 
-5.000000 
-5.000000 
-5.000000 
-5.000000 
0.002913 
0.003530 
-5.000000 
-5.000000 
-5.000000 
-5.000000 
-5.000000 
-5.000000 
-5.000000 
-5.000000 
-5.000000 
-5.000000 
-5.000000 
-5.000000 
-5.000000 
-5.000000 
-5.000000 
-5.000000 
-5.000000 
-5.000000 
-5.000000 
-5.000000 
-5.000000 
-5.000000 
-5.000000 
-5.000000 
-5.000000 
-5.000000 
-5.000000 
-5.000000 
-5.000000 
-5.000000 
-5.000000 
-5.000000 
-5.000000 
-5.000000 
-5.000000 
-5.000000 
-5.000000 
-5.000000 
-5.000000 
-5.000000 
-5.000000 
-5.000000 
-5.000000 
-5.000000 
-5.000000 
-5.000000 
-5.000000 
-5.000000 
-5.000000 
-5.000000 
-5.000000 
-5.000000 
-5.000000 
-5.000000 
-5.000000 
-5.000000 
-5.000000 
-5.000000 
0.002913 
-5.000000 
-5.000000 
-5.000000 
-5.000000 
-5.000000 
-5.000000 
-5.000000 
-5.000000 
-5.000000 
-5.000000 
-5.000000 
-5.000000 
-5.000000 
-5.000000 
-5.000000 
-5.000000 
-5.000000 
-5.000000 
-5.000000 
-5.000000 
-5.000000 
-5.000000 
-5.000000 
-5.000000 
-5.000000 
-5.000000 
-5.000000 
-5.000000 
-5.000000 
-5.000000 
-5.000000 
-5.000000 
-5.000000 
-5.000000 
-5.000000 
-5.000000 
-5.000000 
-5.000000 
-5.000000 
-5.000000 
-5.000000 
-5.000000 
-5.000000 
-5.000000 
-5.000000 
-5.000000 
-5.000000 
-5.000000 
-5.000000 
-5.000000 
-5.000000 
-5.000000 
-5.000000 
-5.000000 
-5.000000 
-5.000000 
-5.000000 
-5.000000 
-5.000000 
-5.000000 
-5.000000 
-5.000000 
-5.000000 
-5.000000 
-5.000000 
-5.000000 
-5.000000 
-5.000000 
-5.000000 
-5.000000 
-5.000000 
-5.000000 
-5.000000 
-5.000000 
-5.000000 
-5.000000 
-5.000000 
-5.000000 
-5.000000 
-5.000000 
-5.000000 
-5.000000 
-5.000000 
-5.000000 
-5.000000 
-5.000000 
-5.000000 
-5.000000 
-5.000000 
-5.000000 
-5.000000 
-5.000000 
-5.000000 
-5.000000 
-5.000000 
-5.000000 
-5.000000 
-5.000000 
-5.000000 
-5.000000 
-5.000000 
-5.000000 
-5.000000 
-5.000000 
-5.000000 
-5.000000 
-5.000000 
-5.000000 
-5.000000 
-5.000000 
-5.000000 
-5.000000 
-5.000000 
-5.000000 
-5.000000 
-5.000000 
-5.000000 
-5.000000 
-5.000000 
