# z = ,(t = 16)
6.700016 
6.697358 
6.691964 
6.683682 
6.672288 
6.657494 
6.638953 
6.616271 
6.589017 
6.556734 
6.518954 
6.475205 
6.425032 
6.368005 
6.303732 
6.231870 
6.152139 
6.064328 
5.968301 
5.864010 
5.751491 
5.630874 
5.502378 
5.366313 
5.223076 
5.073148 
4.917087 
4.755520 
4.589138 
4.418683 
4.244942 
4.068734 
3.890903 
3.712305 
3.533800 
3.356242 
3.180472 
3.007308 
2.837541 
2.671927 
2.511183 
2.355982 
2.206955 
2.064683 
1.929702 
1.802499 
1.683517 
1.573152 
1.471759 
1.379652 
1.297106 
1.224363 
1.161630 
1.109081 
1.066865 
1.035097 
1.013868 
1.003238 
1.003238 
-5.000000 
6.687117 
6.684471 
6.679104 
6.670861 
6.659521 
6.644794 
6.626335 
6.603750 
6.576610 
6.544458 
6.506825 
6.463242 
6.413254 
6.356431 
6.292381 
6.220762 
6.141294 
6.053764 
5.958039 
5.854068 
5.741886 
5.621623 
5.493496 
5.357813 
5.214971 
5.065449 
4.909800 
4.748653 
4.582694 
4.412663 
4.239345 
4.063557 
3.886139 
3.707947 
3.529836 
3.352661 
3.177259 
3.004447 
2.835013 
2.669713 
2.509262 
2.354334 
2.205556 
2.063512 
1.928736 
1.801715 
1.682893 
1.572666 
1.471391 
1.379381 
1.296915 
1.224235 
1.161549 
1.109035 
1.066841 
1.035088 
1.013866 
1.003238 
-5.000000 
-5.000000 
6.661396 
6.658776 
6.653461 
6.645297 
6.634063 
6.619470 
6.601176 
6.578786 
6.551873 
6.519982 
6.482644 
6.439394 
6.389775 
6.333359 
6.269756 
6.198623 
6.119679 
6.032714 
5.937590 
5.834257 
5.722750 
5.603193 
5.475803 
5.340886 
5.198832 
5.050118 
4.895295 
4.734985 
4.569870 
4.400686 
4.228212 
4.053261 
3.876670 
3.699286 
3.521964 
3.345551 
3.170883 
2.998772 
2.830004 
2.665330 
2.505464 
2.351077 
2.202797 
2.061205 
1.926836 
1.800177 
1.681672 
1.571719 
1.470677 
1.378861 
1.296551 
1.223994 
1.161401 
1.108954 
1.066804 
1.035076 
1.013866 
-5.000000 
-5.000000 
-5.000000 
6.623007 
6.620427 
6.615189 
6.607144 
6.596069 
6.581679 
6.563630 
6.541533 
6.514961 
6.483461 
6.446567 
6.403814 
6.354749 
6.298944 
6.236009 
6.165604 
6.087447 
6.001326 
5.907104 
5.804727 
5.694229 
5.575730 
5.449444 
5.315671 
5.174798 
5.027294 
4.873706 
4.714647 
4.550794 
4.382877 
4.211666 
4.037967 
3.862610 
3.686435 
3.510290 
3.335017 
3.161445 
2.990380 
2.822604 
2.658864 
2.499869 
2.346290 
2.198751 
2.057832 
1.924067 
1.797946 
1.679911 
1.570364 
1.469664 
1.378132 
1.296052 
1.223674 
1.161215 
1.108861 
1.066772 
1.035076 
-5.000000 
-5.000000 
-5.000000 
-5.000000 
6.572181 
6.569653 
6.564520 
6.556632 
6.545769 
6.531648 
6.513928 
6.492222 
6.466104 
6.435125 
6.398822 
6.356732 
6.308404 
6.253412 
6.191368 
6.121932 
6.044822 
5.959825 
5.866802 
5.765698 
5.656541 
5.539450 
5.414631 
5.282379 
5.143075 
4.997180 
4.845231 
4.687835 
4.525660 
4.359423 
4.189889 
4.017851 
3.844131 
3.669560 
3.494977 
3.321214 
3.149093 
2.979413 
2.812950 
2.650445 
2.492603 
2.340091 
2.193529 
2.053497 
1.920528 
1.795111 
1.677693 
1.568675 
1.468422 
1.377259 
1.295474 
1.223323 
1.161031 
1.108792 
1.066772 
-5.000000 
-5.000000 
-5.000000 
-5.000000 
-5.000000 
6.509222 
6.506758 
6.501755 
6.494065 
6.483468 
6.469684 
6.452375 
6.431155 
6.405605 
6.375277 
6.339713 
6.298451 
6.251043 
6.197067 
6.136135 
6.067907 
5.992102 
5.908506 
5.816979 
5.717461 
5.609976 
5.494638 
5.371646 
5.241289 
5.103937 
4.960044 
4.810136 
4.654809 
4.494718 
4.330572 
4.163120 
3.993147 
3.821460 
3.648880 
3.476234 
3.304345 
3.134023 
2.966060 
2.801223 
2.640246 
2.483829 
2.332632 
2.187275 
2.048335 
1.916344 
1.791792 
1.675127 
1.566755 
1.467043 
1.376323 
1.294889 
1.223006 
1.160906 
1.108792 
-5.000000 
-5.000000 
-5.000000 
-5.000000 
-5.000000 
-5.000000 
6.434504 
6.432118 
6.427272 
6.419818 
6.409541 
6.396161 
6.379344 
6.358710 
6.333841 
6.304295 
6.269615 
6.229345 
6.183041 
6.130281 
6.070679 
6.003898 
5.929656 
5.847737 
5.757997 
5.660375 
5.554889 
5.441646 
5.320838 
5.192743 
5.057722 
4.916218 
4.768745 
4.615886 
4.458282 
4.296627 
4.131658 
3.964144 
3.794877 
3.624667 
3.454325 
3.284662 
3.116478 
2.950553 
2.787644 
2.628477 
2.473746 
2.324105 
2.180170 
2.042516 
1.911674 
1.788135 
1.672349 
1.564726 
1.465639 
1.375425 
1.294388 
1.222801 
1.160906 
-5.000000 
-5.000000 
-5.000000 
-5.000000 
-5.000000 
-5.000000 
-5.000000 
6.348472 
6.346177 
6.341514 
6.334336 
6.324432 
6.311524 
6.295283 
6.275331 
6.251256 
6.222620 
6.188972 
6.149858 
6.104838 
6.053494 
5.995441 
5.930343 
5.857918 
5.777947 
5.690286 
5.594867 
5.491702 
5.380890 
5.262616 
5.137145 
5.004829 
4.866095 
4.721444 
4.571443 
4.416718 
4.257948 
4.095851 
3.931180 
3.764712 
3.597238 
3.429557 
3.262463 
3.096743 
2.933165 
2.772474 
2.615388 
2.462591 
2.314733 
2.172425 
2.036237 
1.906702 
1.784311 
1.669517 
1.562734 
1.464342 
1.374686 
1.294077 
1.222801 
-5.000000 
-5.000000 
-5.000000 
-5.000000 
-5.000000 
-5.000000 
-5.000000 
-5.000000 
6.251635 
6.249444 
6.244990 
6.238129 
6.228651 
6.216283 
6.200699 
6.181527 
6.158360 
6.130763 
6.098292 
6.060497 
6.016942 
5.967212 
5.910924 
5.847743 
5.777386 
5.699634 
5.614337 
5.521422 
5.420896 
5.312848 
5.197451 
5.074961 
4.945714 
4.810123 
4.668672 
4.521911 
4.370450 
4.214945 
4.056099 
3.894645 
3.731341 
3.566960 
3.402282 
3.238087 
3.075144 
2.914208 
2.756012 
2.601263 
2.450635 
2.304772 
2.164280 
2.029726 
1.901641 
1.780518 
1.666813 
1.560947 
1.463304 
1.374240 
1.294077 
-5.000000 
-5.000000 
-5.000000 
-5.000000 
-5.000000 
-5.000000 
-5.000000 
-5.000000 
-5.000000 
6.144565 
6.142491 
6.138273 
6.131768 
6.122770 
6.111009 
6.096165 
6.077870 
6.055723 
6.029295 
5.998145 
5.961832 
5.919920 
5.872000 
5.817691 
5.756658 
5.688619 
5.613350 
5.530699 
5.440587 
5.343011 
5.238052 
5.125871 
5.006709 
4.880888 
4.748803 
4.610921 
4.467772 
4.319946 
4.168078 
4.012850 
3.854974 
3.695186 
3.534239 
3.372894 
3.211912 
3.052045 
2.894032 
2.738592 
2.586419 
2.438179 
2.294508 
2.156003 
2.023233 
1.896725 
1.776974 
1.664440 
1.559548 
1.462694 
1.374240 
-5.000000 
-5.000000 
-5.000000 
-5.000000 
-5.000000 
-5.000000 
-5.000000 
-5.000000 
-5.000000 
-5.000000 
6.027889 
6.025946 
6.021990 
6.015881 
6.007416 
5.996331 
5.982309 
5.964988 
5.943973 
5.918841 
5.889158 
5.854486 
5.814396 
5.768480 
5.716362 
5.657706 
5.592229 
5.519705 
5.439977 
5.352958 
5.258639 
5.157087 
5.048451 
4.932957 
4.810909 
4.682685 
4.548730 
4.409554 
4.265722 
4.117850 
3.966593 
3.812641 
3.656707 
3.499521 
3.341824 
3.184353 
3.027843 
2.873016 
2.720576 
2.571203 
2.425552 
2.284250 
2.147889 
2.017034 
1.892211 
1.773917 
1.662616 
1.558740 
1.462694 
-5.000000 
-5.000000 
-5.000000 
-5.000000 
-5.000000 
-5.000000 
-5.000000 
-5.000000 
-5.000000 
-5.000000 
-5.000000 
5.902287 
5.900488 
5.896821 
5.891149 
5.883271 
5.872928 
5.859810 
5.843560 
5.823789 
5.800082 
5.772008 
5.739137 
5.701045 
5.657326 
5.607607 
5.551552 
5.488878 
5.419356 
5.342823 
5.259184 
5.168420 
5.070587 
4.965817 
4.854321 
4.736384 
4.612363 
4.482682 
4.347825 
4.208336 
4.064803 
3.917856 
3.768159 
3.616401 
3.463287 
3.309533 
3.155855 
3.002967 
2.851572 
2.702356 
2.555987 
2.413107 
2.274333 
2.140253 
2.011424 
1.888375 
1.771604 
1.661579 
1.558740 
-5.000000 
-5.000000 
-5.000000 
-5.000000 
-5.000000 
-5.000000 
-5.000000 
-5.000000 
-5.000000 
-5.000000 
-5.000000 
-5.000000 
5.768487 
5.766845 
5.763493 
5.758297 
5.751060 
5.741528 
5.729395 
5.714313 
5.695898 
5.673741 
5.647419 
5.616507 
5.580586 
5.539254 
5.492139 
5.438909 
5.379275 
5.313006 
5.239933 
5.159954 
5.073036 
4.979223 
4.878632 
4.771455 
4.657956 
4.538469 
4.413394 
4.283193 
4.148378 
4.009513 
3.867199 
3.722073 
3.574796 
3.426047 
3.276514 
3.126892 
2.977871 
2.830134 
2.684348 
2.541167 
2.401219 
2.265112 
2.133427 
2.006717 
1.885510 
1.770306 
1.661579 
-5.000000 
-5.000000 
-5.000000 
-5.000000 
-5.000000 
-5.000000 
-5.000000 
-5.000000 
-5.000000 
-5.000000 
-5.000000 
-5.000000 
-5.000000 
5.627256 
5.625784 
5.622773 
5.618093 
5.611551 
5.602897 
5.591833 
5.578014 
5.561065 
5.540584 
5.516155 
5.487359 
5.453780 
5.415022 
5.370715 
5.320525 
5.264163 
5.201395 
5.132042 
5.055993 
4.973206 
4.883707 
4.787597 
4.685047 
4.576301 
4.461667 
4.341520 
4.216293 
4.086470 
3.952586 
3.815212 
3.674955 
3.532446 
3.388334 
3.243283 
3.097960 
2.953030 
2.809156 
2.666986 
2.527155 
2.390280 
2.256957 
2.127760 
2.003239 
1.883920 
1.770306 
-5.000000 
-5.000000 
-5.000000 
-5.000000 
-5.000000 
-5.000000 
-5.000000 
-5.000000 
-5.000000 
-5.000000 
-5.000000 
-5.000000 
-5.000000 
-5.000000 
5.479395 
5.478107 
5.475465 
5.471341 
5.465547 
5.457839 
5.447923 
5.435463 
5.420091 
5.401411 
5.379015 
5.352488 
5.321421 
5.285421 
5.244120 
5.197184 
5.144322 
5.085293 
5.019913 
4.948060 
4.869678 
4.784777 
4.693439 
4.595816 
4.492124 
4.382649 
4.267735 
4.147787 
4.023259 
3.894652 
3.762506 
3.627397 
3.489923 
3.350705 
3.210374 
3.069572 
2.928938 
2.789111 
2.650719 
2.514380 
2.380696 
2.250251 
2.123613 
2.001328 
1.883920 
-5.000000 
-5.000000 
-5.000000 
-5.000000 
-5.000000 
-5.000000 
-5.000000 
-5.000000 
-5.000000 
-5.000000 
-5.000000 
-5.000000 
-5.000000 
-5.000000 
-5.000000 
5.325737 
5.324645 
5.322398 
5.318871 
5.313878 
5.307183 
5.298497 
5.287491 
5.273804 
5.257049 
5.236822 
5.212717 
5.184329 
5.151268 
5.113168 
5.069695 
5.020553 
4.965498 
4.904337 
4.836936 
4.763224 
4.683195 
4.596911 
4.504499 
4.406152 
4.302126 
4.192737 
4.078357 
3.959408 
3.836356 
3.709710 
3.580009 
3.447819 
3.313727 
3.178336 
3.042255 
2.906099 
2.770481 
2.636007 
2.503278 
2.372879 
2.245385 
2.121354 
2.001328 
-5.000000 
-5.000000 
-5.000000 
-5.000000 
-5.000000 
-5.000000 
-5.000000 
-5.000000 
-5.000000 
-5.000000 
-5.000000 
-5.000000 
-5.000000 
-5.000000 
-5.000000 
-5.000000 
5.167133 
5.166251 
5.164426 
5.161534 
5.157397 
5.151781 
5.144405 
5.134947 
5.123054 
5.108345 
5.090424 
5.068891 
5.043345 
5.013401 
4.978692 
4.938885 
4.893680 
4.842826 
4.786121 
4.723419 
4.654633 
4.579740 
4.498779 
4.411852 
4.319125 
4.220825 
4.117236 
4.008697 
3.895593 
3.778358 
3.657462 
3.533410 
3.406731 
3.277979 
3.147724 
3.016544 
2.885025 
2.753754 
2.623317 
2.494292 
2.367250 
2.242755 
2.121354 
-5.000000 
-5.000000 
-5.000000 
-5.000000 
-5.000000 
-5.000000 
-5.000000 
-5.000000 
-5.000000 
-5.000000 
-5.000000 
-5.000000 
-5.000000 
-5.000000 
-5.000000 
-5.000000 
-5.000000 
5.004451 
5.003793 
5.002415 
5.000199 
4.996970 
4.992499 
4.986513 
4.978697 
4.968704 
4.956161 
4.940681 
4.921866 
4.899324 
4.872669 
4.841538 
4.805594 
4.764535 
4.718102 
4.666084 
4.608319 
4.544706 
4.475201 
4.399819 
4.318637 
4.231792 
4.139480 
4.041950 
3.939506 
3.832498 
3.721321 
3.606407 
3.488223 
3.367263 
3.244043 
3.119097 
2.992974 
2.866229 
2.739422 
2.613114 
2.487865 
2.364228 
2.242755 
-5.000000 
-5.000000 
-5.000000 
-5.000000 
-5.000000 
-5.000000 
-5.000000 
-5.000000 
-5.000000 
-5.000000 
-5.000000 
-5.000000 
-5.000000 
-5.000000 
-5.000000 
-5.000000 
-5.000000 
-5.000000 
4.838567 
4.838145 
4.837241 
4.835740 
4.833470 
4.830211 
4.825694 
4.819611 
4.811624 
4.801367 
4.788458 
4.772507 
4.753124 
4.729928 
4.702556 
4.670668 
4.633958 
4.592159 
4.545047 
4.492450 
4.434245 
4.370367 
4.300809 
4.225619 
4.144903 
4.058824 
3.967596 
3.871485 
3.770804 
3.665907 
3.557187 
3.445071 
3.330014 
3.212495 
3.093012 
2.972080 
2.850222 
2.727971 
2.605862 
2.484436 
2.364228 
-5.000000 
-5.000000 
-5.000000 
-5.000000 
-5.000000 
-5.000000 
-5.000000 
-5.000000 
-5.000000 
-5.000000 
-5.000000 
-5.000000 
-5.000000 
-5.000000 
-5.000000 
-5.000000 
-5.000000 
-5.000000 
-5.000000 
4.670356 
4.670183 
4.669779 
4.669032 
4.667775 
4.665791 
4.662821 
4.658563 
4.652685 
4.644830 
4.634621 
4.621675 
4.605605 
4.586033 
4.562595 
4.534949 
4.502784 
4.465823 
4.423831 
4.376620 
4.324047 
4.266027 
4.202523 
4.133557 
4.059202 
3.979586 
3.894885 
3.805328 
3.711185 
3.612771 
3.510436 
3.404567 
3.295577 
3.183907 
3.070017 
2.954385 
2.837505 
2.719878 
2.602016 
2.484436 
-5.000000 
-5.000000 
-5.000000 
-5.000000 
-5.000000 
-5.000000 
-5.000000 
-5.000000 
-5.000000 
-5.000000 
-5.000000 
-5.000000 
-5.000000 
-5.000000 
-5.000000 
-5.000000 
-5.000000 
-5.000000 
-5.000000 
-5.000000 
4.500688 
4.500777 
4.500899 
4.500945 
4.500751 
4.500108 
4.498761 
4.496417 
4.492751 
4.487411 
4.480029 
4.470226 
4.457618 
4.441830 
4.422496 
4.399272 
4.371840 
4.339914 
4.303245 
4.261628 
4.214902 
4.162954 
4.105724 
4.043200 
3.975422 
3.902481 
3.824517 
3.741714 
3.654303 
3.562555 
3.466777 
3.367311 
3.264531 
3.158834 
3.050644 
2.940401 
2.828565 
2.715609 
2.602016 
-5.000000 
-5.000000 
-5.000000 
-5.000000 
-5.000000 
-5.000000 
-5.000000 
-5.000000 
-5.000000 
-5.000000 
-5.000000 
-5.000000 
-5.000000 
-5.000000 
-5.000000 
-5.000000 
-5.000000 
-5.000000 
-5.000000 
-5.000000 
-5.000000 
4.330421 
4.330785 
4.331458 
4.332334 
4.333255 
4.334015 
4.334368 
4.334026 
4.332670 
4.329958 
4.325526 
4.318999 
4.309999 
4.298149 
4.283084 
4.264456 
4.241937 
4.215233 
4.184081 
4.148257 
4.107578 
4.061907 
4.011154 
3.955275 
3.894276 
3.828208 
3.757170 
3.681306 
3.600801 
3.515881 
3.426810 
3.333885 
3.237434 
3.137815 
3.035408 
2.930620 
2.823873 
2.715609 
-5.000000 
-5.000000 
-5.000000 
-5.000000 
-5.000000 
-5.000000 
-5.000000 
-5.000000 
-5.000000 
-5.000000 
-5.000000 
-5.000000 
-5.000000 
-5.000000 
-5.000000 
-5.000000 
-5.000000 
-5.000000 
-5.000000 
-5.000000 
-5.000000 
-5.000000 
4.160392 
4.161043 
4.162292 
4.164036 
4.166121 
4.168347 
4.170473 
4.172218 
4.173272 
4.173296 
4.171934 
4.168814 
4.163561 
4.155799 
4.145161 
4.131294 
4.113862 
4.092560 
4.067107 
4.037263 
4.002821 
3.963619 
3.919533 
3.870489 
3.816452 
3.757437 
3.693499 
3.624738 
3.551294 
3.473346 
3.391112 
3.304843 
3.214821 
3.121360 
3.024801 
2.925509 
2.823873 
-5.000000 
-5.000000 
-5.000000 
-5.000000 
-5.000000 
-5.000000 
-5.000000 
-5.000000 
-5.000000 
-5.000000 
-5.000000 
-5.000000 
-5.000000 
-5.000000 
-5.000000 
-5.000000 
-5.000000 
-5.000000 
-5.000000 
-5.000000 
-5.000000 
-5.000000 
-5.000000 
3.991412 
3.992362 
3.994212 
3.996861 
4.000158 
4.003911 
4.007883 
4.011800 
4.015357 
4.018224 
4.020047 
4.020460 
4.019090 
4.015560 
4.009501 
4.000553 
3.988373 
3.972641 
3.953063 
3.929375 
3.901348 
3.868791 
3.831550 
3.789513 
3.742609 
3.690810 
3.634128 
3.572616 
3.506369 
3.435517 
3.360230 
3.280711 
3.197196 
3.109955 
3.019284 
2.925509 
-5.000000 
-5.000000 
-5.000000 
-5.000000 
-5.000000 
-5.000000 
-5.000000 
-5.000000 
-5.000000 
-5.000000 
-5.000000 
-5.000000 
-5.000000 
-5.000000 
-5.000000 
-5.000000 
-5.000000 
-5.000000 
-5.000000 
-5.000000 
-5.000000 
-5.000000 
-5.000000 
-5.000000 
3.824259 
3.825521 
3.827996 
3.831585 
3.836144 
3.841482 
3.847370 
3.853541 
3.859695 
3.865506 
3.870627 
3.874695 
3.877337 
3.878177 
3.876841 
3.872964 
3.866192 
3.856191 
3.842650 
3.825284 
3.803837 
3.778090 
3.747855 
3.712985 
3.673367 
3.628930 
3.579642 
3.525509 
3.466575 
3.402924 
3.334674 
3.261979 
3.185029 
3.104046 
3.019284 
-5.000000 
-5.000000 
-5.000000 
-5.000000 
-5.000000 
-5.000000 
-5.000000 
-5.000000 
-5.000000 
-5.000000 
-5.000000 
-5.000000 
-5.000000 
-5.000000 
-5.000000 
-5.000000 
-5.000000 
-5.000000 
-5.000000 
-5.000000 
-5.000000 
-5.000000 
-5.000000 
-5.000000 
-5.000000 
3.659676 
3.661262 
3.664385 
3.668949 
3.674815 
3.681797 
3.689670 
3.698173 
3.707013 
3.715868 
3.724395 
3.732234 
3.739014 
3.744355 
3.747881 
3.749217 
3.748001 
3.743882 
3.736530 
3.725639 
3.710926 
3.692140 
3.669060 
3.641499 
3.609305 
3.572361 
3.530588 
3.483944 
3.432423 
3.376057 
3.314914 
3.249099 
3.178752 
3.104046 
-5.000000 
-5.000000 
-5.000000 
-5.000000 
-5.000000 
-5.000000 
-5.000000 
-5.000000 
-5.000000 
-5.000000 
-5.000000 
-5.000000 
-5.000000 
-5.000000 
-5.000000 
-5.000000 
-5.000000 
-5.000000 
-5.000000 
-5.000000 
-5.000000 
-5.000000 
-5.000000 
-5.000000 
-5.000000 
-5.000000 
3.498360 
3.500281 
3.504075 
3.509649 
3.516867 
3.525548 
3.535473 
3.546385 
3.557997 
3.569991 
3.582029 
3.593751 
3.604786 
3.614755 
3.623272 
3.629958 
3.634434 
3.636338 
3.635318 
3.631044 
3.623206 
3.611519 
3.595728 
3.575605 
3.550956 
3.521618 
3.487465 
3.448402 
3.404375 
3.355361 
3.301378 
3.242479 
3.178752 
-5.000000 
-5.000000 
-5.000000 
-5.000000 
-5.000000 
-5.000000 
-5.000000 
-5.000000 
-5.000000 
-5.000000 
-5.000000 
-5.000000 
-5.000000 
-5.000000 
-5.000000 
-5.000000 
-5.000000 
-5.000000 
-5.000000 
-5.000000 
-5.000000 
-5.000000 
-5.000000 
-5.000000 
-5.000000 
-5.000000 
-5.000000 
3.340962 
3.343229 
3.347716 
3.354333 
3.362947 
3.373382 
3.385422 
3.398817 
3.413283 
3.428508 
3.444155 
3.459867 
3.475271 
3.489985 
3.503618 
3.515778 
3.526078 
3.534135 
3.539579 
3.542052 
3.541216 
3.536754 
3.528372 
3.515801 
3.498804 
3.477170 
3.450723 
3.419318 
3.382847 
3.341235 
3.294446 
3.242479 
-5.000000 
-5.000000 
-5.000000 
-5.000000 
-5.000000 
-5.000000 
-5.000000 
-5.000000 
-5.000000 
-5.000000 
-5.000000 
-5.000000 
-5.000000 
-5.000000 
-5.000000 
-5.000000 
-5.000000 
-5.000000 
-5.000000 
-5.000000 
-5.000000 
-5.000000 
-5.000000 
-5.000000 
-5.000000 
-5.000000 
-5.000000 
-5.000000 
3.188081 
3.190704 
3.195906 
3.203598 
3.213650 
3.225890 
3.240107 
3.256055 
3.273455 
3.291998 
3.311349 
3.331151 
3.351031 
3.370602 
3.389465 
3.407220 
3.423463 
3.437794 
3.449821 
3.459161 
3.465443 
3.468317 
3.467450 
3.462531 
3.453277 
3.439429 
3.420760 
3.397072 
3.368204 
3.334025 
3.294446 
-5.000000 
-5.000000 
-5.000000 
-5.000000 
-5.000000 
-5.000000 
-5.000000 
-5.000000 
-5.000000 
-5.000000 
-5.000000 
-5.000000 
-5.000000 
-5.000000 
-5.000000 
-5.000000 
-5.000000 
-5.000000 
-5.000000 
-5.000000 
-5.000000 
-5.000000 
-5.000000 
-5.000000 
-5.000000 
-5.000000 
-5.000000 
-5.000000 
-5.000000 
3.040260 
3.043250 
3.049187 
3.057984 
3.069514 
3.083609 
3.100062 
3.118631 
3.139041 
3.160984 
3.184128 
3.208116 
3.232573 
3.257104 
3.281306 
3.304764 
3.327061 
3.347778 
3.366498 
3.382811 
3.396316 
3.406624 
3.413364 
3.416183 
3.414748 
3.408753 
3.397917 
3.381991 
3.360755 
3.334025 
-5.000000 
-5.000000 
-5.000000 
-5.000000 
-5.000000 
-5.000000 
-5.000000 
-5.000000 
-5.000000 
-5.000000 
-5.000000 
-5.000000 
-5.000000 
-5.000000 
-5.000000 
-5.000000 
-5.000000 
-5.000000 
-5.000000 
-5.000000 
-5.000000 
-5.000000 
-5.000000 
-5.000000 
-5.000000 
-5.000000 
-5.000000 
-5.000000 
-5.000000 
-5.000000 
2.897986 
2.901353 
2.908044 
2.917975 
2.931022 
2.947020 
2.965765 
2.987018 
3.010508 
3.035930 
3.062952 
3.091216 
3.120342 
3.149932 
3.179571 
3.208835 
3.237288 
3.264491 
3.290003 
3.313384 
3.334203 
3.352032 
3.366459 
3.377086 
3.383533 
3.385443 
3.382481 
3.374344 
3.360755 
-5.000000 
-5.000000 
-5.000000 
-5.000000 
-5.000000 
-5.000000 
-5.000000 
-5.000000 
-5.000000 
-5.000000 
-5.000000 
-5.000000 
-5.000000 
-5.000000 
-5.000000 
-5.000000 
-5.000000 
-5.000000 
-5.000000 
-5.000000 
-5.000000 
-5.000000 
-5.000000 
-5.000000 
-5.000000 
-5.000000 
-5.000000 
-5.000000 
-5.000000 
-5.000000 
-5.000000 
2.761684 
2.765437 
2.772901 
2.783994 
2.798595 
2.816539 
2.837629 
2.861628 
2.888266 
2.917240 
2.948218 
2.980841 
3.014724 
3.049462 
3.084632 
3.119793 
3.154493 
3.188273 
3.220665 
3.251201 
3.279412 
3.304836 
3.327016 
3.345510 
3.359888 
3.369740 
3.374679 
3.374344 
-5.000000 
-5.000000 
-5.000000 
-5.000000 
-5.000000 
-5.000000 
-5.000000 
-5.000000 
-5.000000 
-5.000000 
-5.000000 
-5.000000 
-5.000000 
-5.000000 
-5.000000 
-5.000000 
-5.000000 
-5.000000 
-5.000000 
-5.000000 
-5.000000 
-5.000000 
-5.000000 
-5.000000 
-5.000000 
-5.000000 
-5.000000 
-5.000000 
-5.000000 
-5.000000 
-5.000000 
-5.000000 
2.631719 
2.635867 
2.644122 
2.656403 
2.672591 
2.692526 
2.716010 
2.742811 
2.772660 
2.805255 
2.840263 
2.877321 
2.916042 
2.956012 
2.996795 
3.037937 
3.078968 
3.119406 
3.158756 
3.196518 
3.232191 
3.265270 
3.295258 
3.321663 
3.344007 
3.361826 
3.374679 
-5.000000 
-5.000000 
-5.000000 
-5.000000 
-5.000000 
-5.000000 
-5.000000 
-5.000000 
-5.000000 
-5.000000 
-5.000000 
-5.000000 
-5.000000 
-5.000000 
-5.000000 
-5.000000 
-5.000000 
-5.000000 
-5.000000 
-5.000000 
-5.000000 
-5.000000 
-5.000000 
-5.000000 
-5.000000 
-5.000000 
-5.000000 
-5.000000 
-5.000000 
-5.000000 
-5.000000 
-5.000000 
-5.000000 
2.508393 
2.512945 
2.522007 
2.535501 
2.553309 
2.575273 
2.601199 
2.630855 
2.663973 
2.700253 
2.739358 
2.780924 
2.824556 
2.869832 
2.916304 
2.963503 
3.010939 
3.058105 
3.104481 
3.149533 
3.192723 
3.233508 
3.271345 
3.305695 
3.336028 
3.361826 
-5.000000 
-5.000000 
-5.000000 
-5.000000 
-5.000000 
-5.000000 
-5.000000 
-5.000000 
-5.000000 
-5.000000 
-5.000000 
-5.000000 
-5.000000 
-5.000000 
-5.000000 
-5.000000 
-5.000000 
-5.000000 
-5.000000 
-5.000000 
-5.000000 
-5.000000 
-5.000000 
-5.000000 
-5.000000 
-5.000000 
-5.000000 
-5.000000 
-5.000000 
-5.000000 
-5.000000 
-5.000000 
-5.000000 
-5.000000 
2.391948 
2.396910 
2.406796 
2.421526 
2.440984 
2.465015 
2.493425 
2.525985 
2.562427 
2.602449 
2.645715 
2.691854 
2.740464 
2.791114 
2.843343 
2.896665 
2.950571 
3.004527 
3.057985 
3.110380 
3.161134 
3.209663 
3.255380 
3.297695 
3.336028 
-5.000000 
-5.000000 
-5.000000 
-5.000000 
-5.000000 
-5.000000 
-5.000000 
-5.000000 
-5.000000 
-5.000000 
-5.000000 
-5.000000 
-5.000000 
-5.000000 
-5.000000 
-5.000000 
-5.000000 
-5.000000 
-5.000000 
-5.000000 
-5.000000 
-5.000000 
-5.000000 
-5.000000 
-5.000000 
-5.000000 
-5.000000 
-5.000000 
-5.000000 
-5.000000 
-5.000000 
-5.000000 
-5.000000 
-5.000000 
-5.000000 
2.282562 
2.287943 
2.298665 
2.314652 
2.335789 
2.361920 
2.392856 
2.428365 
2.468181 
2.511999 
2.559482 
2.610252 
2.663901 
2.719985 
2.778032 
2.837536 
2.897966 
2.958765 
3.019354 
3.079132 
3.137486 
3.193788 
3.247404 
3.297695 
-5.000000 
-5.000000 
-5.000000 
-5.000000 
-5.000000 
-5.000000 
-5.000000 
-5.000000 
-5.000000 
-5.000000 
-5.000000 
-5.000000 
-5.000000 
-5.000000 
-5.000000 
-5.000000 
-5.000000 
-5.000000 
-5.000000 
-5.000000 
-5.000000 
-5.000000 
-5.000000 
-5.000000 
-5.000000 
-5.000000 
-5.000000 
-5.000000 
-5.000000 
-5.000000 
-5.000000 
-5.000000 
-5.000000 
-5.000000 
-5.000000 
-5.000000 
2.180355 
2.186160 
2.197733 
2.214997 
2.237837 
2.266101 
2.299598 
2.338097 
2.381332 
2.428997 
2.480747 
2.536201 
2.594942 
2.656515 
2.720431 
2.786167 
2.853170 
2.920855 
2.988613 
3.055808 
3.121787 
3.185879 
3.247404 
-5.000000 
-5.000000 
-5.000000 
-5.000000 
-5.000000 
-5.000000 
-5.000000 
-5.000000 
-5.000000 
-5.000000 
-5.000000 
-5.000000 
-5.000000 
-5.000000 
-5.000000 
-5.000000 
-5.000000 
-5.000000 
-5.000000 
-5.000000 
-5.000000 
-5.000000 
-5.000000 
-5.000000 
-5.000000 
-5.000000 
-5.000000 
-5.000000 
-5.000000 
-5.000000 
-5.000000 
-5.000000 
-5.000000 
-5.000000 
-5.000000 
-5.000000 
-5.000000 
2.085385 
2.091622 
2.104058 
2.122616 
2.147184 
2.177609 
2.213700 
2.255228 
2.301923 
2.353476 
2.409539 
2.469725 
2.533605 
2.600712 
2.670543 
2.742554 
2.816169 
2.890775 
2.965731 
3.040367 
3.113988 
3.185879 
-5.000000 
-5.000000 
-5.000000 
-5.000000 
-5.000000 
-5.000000 
-5.000000 
-5.000000 
-5.000000 
-5.000000 
-5.000000 
-5.000000 
-5.000000 
-5.000000 
-5.000000 
-5.000000 
-5.000000 
-5.000000 
-5.000000 
-5.000000 
-5.000000 
-5.000000 
-5.000000 
-5.000000 
-5.000000 
-5.000000 
-5.000000 
-5.000000 
-5.000000 
-5.000000 
-5.000000 
-5.000000 
-5.000000 
-5.000000 
-5.000000 
-5.000000 
-5.000000 
-5.000000 
1.997659 
2.004332 
2.017641 
2.037511 
2.063828 
2.096440 
2.135156 
2.179745 
2.229936 
2.285417 
2.345834 
2.410791 
2.479851 
2.552534 
2.628317 
2.706638 
2.786895 
2.868450 
2.950626 
3.032717 
3.113988 
-5.000000 
-5.000000 
-5.000000 
-5.000000 
-5.000000 
-5.000000 
-5.000000 
-5.000000 
-5.000000 
-5.000000 
-5.000000 
-5.000000 
-5.000000 
-5.000000 
-5.000000 
-5.000000 
-5.000000 
-5.000000 
-5.000000 
-5.000000 
-5.000000 
-5.000000 
-5.000000 
-5.000000 
-5.000000 
-5.000000 
-5.000000 
-5.000000 
-5.000000 
-5.000000 
-5.000000 
-5.000000 
-5.000000 
-5.000000 
-5.000000 
-5.000000 
-5.000000 
-5.000000 
-5.000000 
1.917125 
1.924240 
1.938433 
1.959629 
1.987714 
2.022535 
2.063903 
2.111583 
2.165303 
2.224746 
2.289552 
2.359316 
2.433591 
2.511881 
2.593648 
2.678307 
2.765232 
2.853753 
2.943163 
3.032717 
-5.000000 
-5.000000 
-5.000000 
-5.000000 
-5.000000 
-5.000000 
-5.000000 
-5.000000 
-5.000000 
-5.000000 
-5.000000 
-5.000000 
-5.000000 
-5.000000 
-5.000000 
-5.000000 
-5.000000 
-5.000000 
-5.000000 
-5.000000 
-5.000000 
-5.000000 
-5.000000 
-5.000000 
-5.000000 
-5.000000 
-5.000000 
-5.000000 
-5.000000 
-5.000000 
-5.000000 
-5.000000 
-5.000000 
-5.000000 
-5.000000 
-5.000000 
-5.000000 
-5.000000 
-5.000000 
-5.000000 
1.843684 
1.851246 
1.866331 
1.888866 
1.918735 
1.955788 
1.999830 
2.050628 
2.107905 
2.171339 
2.240564 
2.315166 
2.394684 
2.478609 
2.566384 
2.657403 
2.751012 
2.846513 
2.943163 
-5.000000 
-5.000000 
-5.000000 
-5.000000 
-5.000000 
-5.000000 
-5.000000 
-5.000000 
-5.000000 
-5.000000 
-5.000000 
-5.000000 
-5.000000 
-5.000000 
-5.000000 
-5.000000 
-5.000000 
-5.000000 
-5.000000 
-5.000000 
-5.000000 
-5.000000 
-5.000000 
-5.000000 
-5.000000 
-5.000000 
-5.000000 
-5.000000 
-5.000000 
-5.000000 
-5.000000 
-5.000000 
-5.000000 
-5.000000 
-5.000000 
-5.000000 
-5.000000 
-5.000000 
-5.000000 
-5.000000 
-5.000000 
1.777189 
1.785200 
1.801186 
1.825071 
1.856741 
1.896042 
1.942780 
1.996718 
2.057576 
2.125026 
2.198695 
2.278159 
2.362945 
2.452527 
2.546329 
2.643723 
2.744027 
2.846513 
-5.000000 
-5.000000 
-5.000000 
-5.000000 
-5.000000 
-5.000000 
-5.000000 
-5.000000 
-5.000000 
-5.000000 
-5.000000 
-5.000000 
-5.000000 
-5.000000 
-5.000000 
-5.000000 
-5.000000 
-5.000000 
-5.000000 
-5.000000 
-5.000000 
-5.000000 
-5.000000 
-5.000000 
-5.000000 
-5.000000 
-5.000000 
-5.000000 
-5.000000 
-5.000000 
-5.000000 
-5.000000 
-5.000000 
-5.000000 
-5.000000 
-5.000000 
-5.000000 
-5.000000 
-5.000000 
-5.000000 
-5.000000 
-5.000000 
1.717447 
1.725913 
1.742806 
1.768051 
1.801533 
1.843098 
1.892550 
1.949648 
2.014107 
2.085595 
2.163729 
2.248075 
2.338147 
2.433402 
2.533245 
2.637022 
2.744027 
-5.000000 
-5.000000 
-5.000000 
-5.000000 
-5.000000 
-5.000000 
-5.000000 
-5.000000 
-5.000000 
-5.000000 
-5.000000 
-5.000000 
-5.000000 
-5.000000 
-5.000000 
-5.000000 
-5.000000 
-5.000000 
-5.000000 
-5.000000 
-5.000000 
-5.000000 
-5.000000 
-5.000000 
-5.000000 
-5.000000 
-5.000000 
-5.000000 
-5.000000 
-5.000000 
-5.000000 
-5.000000 
-5.000000 
-5.000000 
-5.000000 
-5.000000 
-5.000000 
-5.000000 
-5.000000 
-5.000000 
-5.000000 
-5.000000 
-5.000000 
1.664228 
1.673150 
1.690956 
1.717570 
1.752877 
1.796719 
1.848899 
1.909173 
1.977251 
2.052794 
2.135409 
2.224653 
2.320025 
2.420965 
2.526856 
2.637022 
-5.000000 
-5.000000 
-5.000000 
-5.000000 
-5.000000 
-5.000000 
-5.000000 
-5.000000 
-5.000000 
-5.000000 
-5.000000 
-5.000000 
-5.000000 
-5.000000 
-5.000000 
-5.000000 
-5.000000 
-5.000000 
-5.000000 
-5.000000 
-5.000000 
-5.000000 
-5.000000 
-5.000000 
-5.000000 
-5.000000 
-5.000000 
-5.000000 
-5.000000 
-5.000000 
-5.000000 
-5.000000 
-5.000000 
-5.000000 
-5.000000 
-5.000000 
-5.000000 
-5.000000 
-5.000000 
-5.000000 
-5.000000 
-5.000000 
-5.000000 
-5.000000 
1.617264 
1.626645 
1.645369 
1.673360 
1.710500 
1.756631 
1.811551 
1.875015 
1.946725 
2.026336 
2.113446 
2.207600 
2.308280 
2.414912 
2.526856 
-5.000000 
-5.000000 
-5.000000 
-5.000000 
-5.000000 
-5.000000 
-5.000000 
-5.000000 
-5.000000 
-5.000000 
-5.000000 
-5.000000 
-5.000000 
-5.000000 
-5.000000 
-5.000000 
-5.000000 
-5.000000 
-5.000000 
-5.000000 
-5.000000 
-5.000000 
-5.000000 
-5.000000 
-5.000000 
-5.000000 
-5.000000 
-5.000000 
-5.000000 
-5.000000 
-5.000000 
-5.000000 
-5.000000 
-5.000000 
-5.000000 
-5.000000 
-5.000000 
-5.000000 
-5.000000 
-5.000000 
-5.000000 
-5.000000 
-5.000000 
-5.000000 
-5.000000 
1.576254 
1.586096 
1.605743 
1.635116 
1.674096 
1.722525 
1.780197 
1.846860 
1.922214 
2.005903 
2.097518 
2.196589 
2.302585 
2.414912 
-5.000000 
-5.000000 
-5.000000 
-5.000000 
-5.000000 
-5.000000 
-5.000000 
-5.000000 
-5.000000 
-5.000000 
-5.000000 
-5.000000 
-5.000000 
-5.000000 
-5.000000 
-5.000000 
-5.000000 
-5.000000 
-5.000000 
-5.000000 
-5.000000 
-5.000000 
-5.000000 
-5.000000 
-5.000000 
-5.000000 
-5.000000 
-5.000000 
-5.000000 
-5.000000 
-5.000000 
-5.000000 
-5.000000 
-5.000000 
-5.000000 
-5.000000 
-5.000000 
-5.000000 
-5.000000 
-5.000000 
-5.000000 
-5.000000 
-5.000000 
-5.000000 
-5.000000 
-5.000000 
1.540868 
1.551174 
1.571746 
1.602506 
1.643334 
1.694068 
1.754499 
1.824371 
1.903376 
1.991152 
2.087278 
2.191271 
2.302585 
-5.000000 
-5.000000 
-5.000000 
-5.000000 
-5.000000 
-5.000000 
-5.000000 
-5.000000 
-5.000000 
-5.000000 
-5.000000 
-5.000000 
-5.000000 
-5.000000 
-5.000000 
-5.000000 
-5.000000 
-5.000000 
-5.000000 
-5.000000 
-5.000000 
-5.000000 
-5.000000 
-5.000000 
-5.000000 
-5.000000 
-5.000000 
-5.000000 
-5.000000 
-5.000000 
-5.000000 
-5.000000 
-5.000000 
-5.000000 
-5.000000 
-5.000000 
-5.000000 
-5.000000 
-5.000000 
-5.000000 
-5.000000 
-5.000000 
-5.000000 
-5.000000 
-5.000000 
-5.000000 
-5.000000 
1.510752 
1.521522 
1.543023 
1.575174 
1.617855 
1.670899 
1.734096 
1.807182 
1.889845 
1.981712 
2.082353 
2.191271 
-5.000000 
-5.000000 
-5.000000 
-5.000000 
-5.000000 
-5.000000 
-5.000000 
-5.000000 
-5.000000 
-5.000000 
-5.000000 
-5.000000 
-5.000000 
-5.000000 
-5.000000 
-5.000000 
-5.000000 
-5.000000 
-5.000000 
-5.000000 
-5.000000 
-5.000000 
-5.000000 
-5.000000 
-5.000000 
-5.000000 
-5.000000 
-5.000000 
-5.000000 
-5.000000 
-5.000000 
-5.000000 
-5.000000 
-5.000000 
-5.000000 
-5.000000 
-5.000000 
-5.000000 
-5.000000 
-5.000000 
-5.000000 
-5.000000 
-5.000000 
-5.000000 
-5.000000 
-5.000000 
-5.000000 
-5.000000 
1.485528 
1.496764 
1.519195 
1.552741 
1.597278 
1.652637 
1.718604 
1.794909 
1.881234 
1.977196 
2.082353 
-5.000000 
-5.000000 
-5.000000 
-5.000000 
-5.000000 
-5.000000 
-5.000000 
-5.000000 
-5.000000 
-5.000000 
-5.000000 
-5.000000 
-5.000000 
-5.000000 
-5.000000 
-5.000000 
-5.000000 
-5.000000 
-5.000000 
-5.000000 
-5.000000 
-5.000000 
-5.000000 
-5.000000 
-5.000000 
-5.000000 
-5.000000 
-5.000000 
-5.000000 
-5.000000 
-5.000000 
-5.000000 
-5.000000 
-5.000000 
-5.000000 
-5.000000 
-5.000000 
-5.000000 
-5.000000 
-5.000000 
-5.000000 
-5.000000 
-5.000000 
-5.000000 
-5.000000 
-5.000000 
-5.000000 
-5.000000 
-5.000000 
1.464800 
1.476502 
1.499866 
1.534808 
1.581204 
1.638882 
1.707621 
1.787150 
1.877138 
1.977196 
-5.000000 
-5.000000 
-5.000000 
-5.000000 
-5.000000 
-5.000000 
-5.000000 
-5.000000 
-5.000000 
-5.000000 
-5.000000 
-5.000000 
-5.000000 
-5.000000 
-5.000000 
-5.000000 
-5.000000 
-5.000000 
-5.000000 
-5.000000 
-5.000000 
-5.000000 
-5.000000 
-5.000000 
-5.000000 
-5.000000 
-5.000000 
-5.000000 
-5.000000 
-5.000000 
-5.000000 
-5.000000 
-5.000000 
-5.000000 
-5.000000 
-5.000000 
-5.000000 
-5.000000 
-5.000000 
-5.000000 
-5.000000 
-5.000000 
-5.000000 
-5.000000 
-5.000000 
-5.000000 
-5.000000 
-5.000000 
-5.000000 
-5.000000 
1.448155 
1.460324 
1.484622 
1.520963 
1.569220 
1.629218 
1.700733 
1.783485 
1.877138 
-5.000000 
-5.000000 
-5.000000 
-5.000000 
-5.000000 
-5.000000 
-5.000000 
-5.000000 
-5.000000 
-5.000000 
-5.000000 
-5.000000 
-5.000000 
-5.000000 
-5.000000 
-5.000000 
-5.000000 
-5.000000 
-5.000000 
-5.000000 
-5.000000 
-5.000000 
-5.000000 
-5.000000 
-5.000000 
-5.000000 
-5.000000 
-5.000000 
-5.000000 
-5.000000 
-5.000000 
-5.000000 
-5.000000 
-5.000000 
-5.000000 
-5.000000 
-5.000000 
-5.000000 
-5.000000 
-5.000000 
-5.000000 
-5.000000 
-5.000000 
-5.000000 
-5.000000 
-5.000000 
-5.000000 
-5.000000 
-5.000000 
-5.000000 
-5.000000 
1.435168 
1.447805 
1.473037 
1.510778 
1.560897 
1.623217 
1.697508 
1.783485 
-5.000000 
-5.000000 
-5.000000 
-5.000000 
-5.000000 
-5.000000 
-5.000000 
-5.000000 
-5.000000 
-5.000000 
-5.000000 
-5.000000 
-5.000000 
-5.000000 
-5.000000 
-5.000000 
-5.000000 
-5.000000 
-5.000000 
-5.000000 
-5.000000 
-5.000000 
-5.000000 
-5.000000 
-5.000000 
-5.000000 
-5.000000 
-5.000000 
-5.000000 
-5.000000 
-5.000000 
-5.000000 
-5.000000 
-5.000000 
-5.000000 
-5.000000 
-5.000000 
-5.000000 
-5.000000 
-5.000000 
-5.000000 
-5.000000 
-5.000000 
-5.000000 
-5.000000 
-5.000000 
-5.000000 
-5.000000 
-5.000000 
-5.000000 
-5.000000 
-5.000000 
1.425402 
1.438507 
1.464674 
1.503815 
1.555798 
1.620441 
1.697508 
-5.000000 
-5.000000 
-5.000000 
-5.000000 
-5.000000 
-5.000000 
-5.000000 
-5.000000 
-5.000000 
-5.000000 
-5.000000 
-5.000000 
-5.000000 
-5.000000 
-5.000000 
-5.000000 
-5.000000 
-5.000000 
-5.000000 
-5.000000 
-5.000000 
-5.000000 
-5.000000 
-5.000000 
-5.000000 
-5.000000 
-5.000000 
-5.000000 
-5.000000 
-5.000000 
-5.000000 
-5.000000 
-5.000000 
-5.000000 
-5.000000 
-5.000000 
-5.000000 
-5.000000 
-5.000000 
-5.000000 
-5.000000 
-5.000000 
-5.000000 
-5.000000 
-5.000000 
-5.000000 
-5.000000 
-5.000000 
-5.000000 
-5.000000 
-5.000000 
-5.000000 
-5.000000 
1.418411 
1.431984 
1.459086 
1.499628 
1.553475 
1.620441 
-5.000000 
-5.000000 
-5.000000 
-5.000000 
-5.000000 
-5.000000 
-5.000000 
-5.000000 
-5.000000 
-5.000000 
-5.000000 
-5.000000 
-5.000000 
-5.000000 
-5.000000 
-5.000000 
-5.000000 
-5.000000 
-5.000000 
-5.000000 
-5.000000 
-5.000000 
-5.000000 
-5.000000 
-5.000000 
-5.000000 
-5.000000 
-5.000000 
-5.000000 
-5.000000 
-5.000000 
-5.000000 
-5.000000 
-5.000000 
-5.000000 
-5.000000 
-5.000000 
-5.000000 
-5.000000 
-5.000000 
-5.000000 
-5.000000 
-5.000000 
-5.000000 
-5.000000 
-5.000000 
-5.000000 
-5.000000 
-5.000000 
-5.000000 
-5.000000 
-5.000000 
-5.000000 
-5.000000 
1.413742 
1.427784 
1.455821 
1.497765 
1.553475 
-5.000000 
-5.000000 
-5.000000 
-5.000000 
-5.000000 
-5.000000 
-5.000000 
-5.000000 
-5.000000 
-5.000000 
-5.000000 
-5.000000 
-5.000000 
-5.000000 
-5.000000 
-5.000000 
-5.000000 
-5.000000 
-5.000000 
-5.000000 
-5.000000 
-5.000000 
-5.000000 
-5.000000 
-5.000000 
-5.000000 
-5.000000 
-5.000000 
-5.000000 
-5.000000 
-5.000000 
-5.000000 
-5.000000 
-5.000000 
-5.000000 
-5.000000 
-5.000000 
-5.000000 
-5.000000 
-5.000000 
-5.000000 
-5.000000 
-5.000000 
-5.000000 
-5.000000 
-5.000000 
-5.000000 
-5.000000 
-5.000000 
-5.000000 
-5.000000 
-5.000000 
-5.000000 
-5.000000 
-5.000000 
1.410937 
1.425447 
1.454420 
1.497765 
-5.000000 
-5.000000 
-5.000000 
-5.000000 
-5.000000 
-5.000000 
-5.000000 
-5.000000 
-5.000000 
-5.000000 
-5.000000 
-5.000000 
-5.000000 
-5.000000 
-5.000000 
-5.000000 
-5.000000 
-5.000000 
-5.000000 
-5.000000 
-5.000000 
-5.000000 
-5.000000 
-5.000000 
-5.000000 
-5.000000 
-5.000000 
-5.000000 
-5.000000 
-5.000000 
-5.000000 
-5.000000 
-5.000000 
-5.000000 
-5.000000 
-5.000000 
-5.000000 
-5.000000 
-5.000000 
-5.000000 
-5.000000 
-5.000000 
-5.000000 
-5.000000 
-5.000000 
-5.000000 
-5.000000 
-5.000000 
-5.000000 
-5.000000 
-5.000000 
-5.000000 
-5.000000 
-5.000000 
-5.000000 
-5.000000 
1.409533 
1.424511 
1.454420 
-5.000000 
-5.000000 
-5.000000 
-5.000000 
-5.000000 
-5.000000 
-5.000000 
-5.000000 
-5.000000 
-5.000000 
-5.000000 
-5.000000 
-5.000000 
-5.000000 
-5.000000 
-5.000000 
-5.000000 
-5.000000 
-5.000000 
-5.000000 
-5.000000 
-5.000000 
-5.000000 
-5.000000 
-5.000000 
-5.000000 
-5.000000 
-5.000000 
-5.000000 
-5.000000 
-5.000000 
-5.000000 
-5.000000 
-5.000000 
-5.000000 
-5.000000 
-5.000000 
-5.000000 
-5.000000 
-5.000000 
-5.000000 
-5.000000 
-5.000000 
-5.000000 
-5.000000 
-5.000000 
-5.000000 
-5.000000 
-5.000000 
-5.000000 
-5.000000 
-5.000000 
-5.000000 
-5.000000 
-5.000000 
-5.000000 
-5.000000 
1.409065 
1.424511 
-5.000000 
-5.000000 
-5.000000 
-5.000000 
-5.000000 
-5.000000 
-5.000000 
-5.000000 
-5.000000 
-5.000000 
-5.000000 
-5.000000 
-5.000000 
-5.000000 
-5.000000 
-5.000000 
-5.000000 
-5.000000 
-5.000000 
-5.000000 
-5.000000 
-5.000000 
-5.000000 
-5.000000 
-5.000000 
-5.000000 
-5.000000 
-5.000000 
-5.000000 
-5.000000 
-5.000000 
-5.000000 
-5.000000 
-5.000000 
-5.000000 
-5.000000 
-5.000000 
-5.000000 
-5.000000 
-5.000000 
-5.000000 
-5.000000 
-5.000000 
-5.000000 
-5.000000 
-5.000000 
-5.000000 
-5.000000 
-5.000000 
-5.000000 
-5.000000 
-5.000000 
-5.000000 
-5.000000 
-5.000000 
-5.000000 
-5.000000 
-5.000000 
1.409065 
-5.000000 
-5.000000 
-5.000000 
-5.000000 
-5.000000 
-5.000000 
-5.000000 
-5.000000 
-5.000000 
-5.000000 
-5.000000 
-5.000000 
-5.000000 
-5.000000 
-5.000000 
-5.000000 
-5.000000 
-5.000000 
-5.000000 
-5.000000 
-5.000000 
-5.000000 
-5.000000 
-5.000000 
-5.000000 
-5.000000 
-5.000000 
-5.000000 
-5.000000 
-5.000000 
-5.000000 
-5.000000 
-5.000000 
-5.000000 
-5.000000 
-5.000000 
-5.000000 
-5.000000 
-5.000000 
-5.000000 
-5.000000 
-5.000000 
-5.000000 
-5.000000 
-5.000000 
-5.000000 
-5.000000 
-5.000000 
-5.000000 
-5.000000 
-5.000000 
-5.000000 
-5.000000 
-5.000000 
-5.000000 
-5.000000 
-5.000000 
-5.000000 
-5.000000 
-5.000000 
-5.000000 
-5.000000 
-5.000000 
-5.000000 
-5.000000 
-5.000000 
-5.000000 
-5.000000 
-5.000000 
-5.000000 
-5.000000 
-5.000000 
-5.000000 
-5.000000 
-5.000000 
-5.000000 
-5.000000 
-5.000000 
-5.000000 
-5.000000 
-5.000000 
-5.000000 
-5.000000 
-5.000000 
-5.000000 
-5.000000 
-5.000000 
-5.000000 
-5.000000 
-5.000000 
-5.000000 
-5.000000 
-5.000000 
-5.000000 
-5.000000 
-5.000000 
-5.000000 
-5.000000 
-5.000000 
-5.000000 
-5.000000 
-5.000000 
-5.000000 
-5.000000 
-5.000000 
-5.000000 
-5.000000 
-5.000000 
-5.000000 
-5.000000 
-5.000000 
-5.000000 
-5.000000 
-5.000000 
-5.000000 
-5.000000 
-5.000000 
-5.000000 
-5.000000 
