# z = ,(t = 1)
0.904806 
1.116986 
1.551654 
2.224932 
3.150802 
4.331648 
5.749831 
7.362878 
9.104106 
10.889017 
12.626091 
14.229108 
15.627656 
16.773080 
17.638697 
18.214983 
18.501993 
18.501993 
18.214982 
17.638695 
16.773073 
15.627636 
14.229050 
12.625933 
10.888606 
9.103079 
7.360420 
5.744190 
4.319244 
3.124670 
2.172186 
1.449672 
0.928104 
0.569683 
0.335123 
0.188882 
0.101983 
0.052746 
0.026133 
0.012404 
0.005641 
0.002459 
0.001027 
0.000411 
0.000158 
0.000058 
0.000021 
0.000007 
0.000002 
0.000001 
0.000000 
0.000000 
0.000000 
0.000000 
0.000000 
0.000000 
0.000000 
0.000000 
0.000000 
-5.000000 
0.904798 
1.116976 
1.551640 
2.224910 
3.150770 
4.331603 
5.749770 
7.362800 
9.104008 
10.888899 
12.625954 
14.228953 
15.627485 
16.772897 
17.638505 
18.214784 
18.501791 
18.501791 
18.214783 
17.638502 
16.772890 
15.627465 
14.228895 
12.625796 
10.888488 
9.102981 
7.360341 
5.744129 
4.319200 
3.124638 
2.172165 
1.449658 
0.928096 
0.569678 
0.335120 
0.188880 
0.101982 
0.052745 
0.026132 
0.012404 
0.005641 
0.002458 
0.001027 
0.000411 
0.000158 
0.000058 
0.000021 
0.000007 
0.000002 
0.000001 
0.000000 
0.000000 
0.000000 
0.000000 
0.000000 
0.000000 
0.000000 
0.000000 
-5.000000 
-5.000000 
0.904775 
1.116947 
1.551598 
2.224848 
3.150681 
4.331478 
5.749601 
7.362581 
9.103735 
10.888570 
12.625571 
14.228520 
15.627010 
16.772386 
17.637968 
18.214230 
18.501228 
18.501228 
18.214229 
17.637965 
16.772379 
15.626989 
14.228462 
12.625413 
10.888159 
9.102708 
7.360123 
5.743961 
4.319075 
3.124549 
2.172104 
1.449618 
0.928071 
0.569664 
0.335111 
0.188876 
0.101980 
0.052744 
0.026132 
0.012403 
0.005641 
0.002458 
0.001027 
0.000411 
0.000158 
0.000058 
0.000021 
0.000007 
0.000002 
0.000001 
0.000000 
0.000000 
0.000000 
0.000000 
0.000000 
0.000000 
0.000000 
-5.000000 
-5.000000 
-5.000000 
0.904720 
1.116877 
1.551498 
2.224701 
3.150468 
4.331180 
5.749200 
7.362062 
9.103087 
10.887791 
12.624664 
14.227496 
15.625883 
16.771177 
17.636696 
18.212917 
18.499896 
18.499896 
18.212917 
17.636694 
16.771170 
15.625863 
14.227438 
12.624506 
10.887380 
9.102060 
7.359603 
5.743560 
4.318777 
3.124337 
2.171960 
1.449524 
0.928012 
0.569628 
0.335091 
0.188865 
0.101974 
0.052741 
0.026130 
0.012403 
0.005641 
0.002458 
0.001027 
0.000411 
0.000158 
0.000058 
0.000021 
0.000007 
0.000002 
0.000001 
0.000000 
0.000000 
0.000000 
0.000000 
0.000000 
0.000000 
-5.000000 
-5.000000 
-5.000000 
-5.000000 
0.904594 
1.116719 
1.551272 
2.224370 
3.149990 
4.330513 
5.748303 
7.360902 
9.101643 
10.886055 
12.622644 
14.225214 
15.623375 
16.768484 
17.633865 
18.209995 
18.496928 
18.496928 
18.209994 
17.633863 
16.768477 
15.623354 
14.225156 
12.622486 
10.885644 
9.100616 
7.358444 
5.742664 
4.318111 
3.123862 
2.171635 
1.449311 
0.927879 
0.569549 
0.335046 
0.188840 
0.101961 
0.052735 
0.026127 
0.012401 
0.005640 
0.002458 
0.001027 
0.000411 
0.000158 
0.000058 
0.000021 
0.000007 
0.000002 
0.000001 
0.000000 
0.000000 
0.000000 
0.000000 
0.000000 
-5.000000 
-5.000000 
-5.000000 
-5.000000 
-5.000000 
0.904323 
1.116378 
1.550787 
2.223659 
3.148967 
4.329088 
5.746392 
7.358435 
9.098573 
10.882365 
12.618352 
14.220369 
15.618048 
16.762766 
17.627853 
18.203789 
18.490625 
18.490625 
18.203788 
17.627851 
16.762759 
15.618028 
14.220310 
12.618194 
10.881954 
9.097546 
7.355977 
5.740754 
4.316690 
3.122847 
2.170939 
1.448855 
0.927592 
0.569376 
0.334947 
0.188785 
0.101932 
0.052720 
0.026120 
0.012398 
0.005639 
0.002458 
0.001027 
0.000411 
0.000158 
0.000058 
0.000021 
0.000007 
0.000002 
0.000001 
0.000000 
0.000000 
0.000000 
0.000000 
-5.000000 
-5.000000 
-5.000000 
-5.000000 
-5.000000 
-5.000000 
0.903762 
1.115675 
1.549791 
2.222206 
3.146879 
4.326185 
5.742503 
7.353419 
9.092336 
10.874876 
12.609645 
14.210541 
15.607246 
16.751170 
17.615661 
18.191201 
18.477841 
18.477841 
18.191200 
17.615659 
16.751163 
15.607225 
14.210482 
12.609487 
10.874465 
9.091310 
7.350962 
5.736868 
4.313793 
3.120773 
2.169515 
1.447918 
0.927002 
0.569021 
0.334742 
0.188673 
0.101873 
0.052690 
0.026106 
0.012391 
0.005636 
0.002456 
0.001026 
0.000411 
0.000158 
0.000058 
0.000021 
0.000007 
0.000002 
0.000001 
0.000000 
0.000000 
0.000000 
-5.000000 
-5.000000 
-5.000000 
-5.000000 
-5.000000 
-5.000000 
-5.000000 
0.902659 
1.114295 
1.547841 
2.219367 
3.142810 
4.320537 
5.734948 
7.343684 
9.080243 
10.860363 
12.592778 
14.191506 
15.586327 
16.728715 
17.592050 
18.166824 
18.453084 
18.453084 
18.166823 
17.592048 
16.728708 
15.586307 
14.191448 
12.592620 
10.859953 
9.079218 
7.341230 
5.729318 
4.308159 
3.116733 
2.166737 
1.446086 
0.925846 
0.568322 
0.334337 
0.188449 
0.101754 
0.052631 
0.026077 
0.012378 
0.005630 
0.002454 
0.001025 
0.000411 
0.000158 
0.000058 
0.000021 
0.000007 
0.000002 
0.000001 
0.000000 
0.000000 
-5.000000 
-5.000000 
-5.000000 
-5.000000 
-5.000000 
-5.000000 
-5.000000 
-5.000000 
0.900588 
1.111710 
1.544199 
2.214079 
3.135246 
4.310052 
5.720940 
7.325655 
9.057863 
10.833519 
12.561592 
14.156321 
15.547663 
16.687211 
17.548409 
18.121765 
18.407320 
18.407320 
18.121764 
17.548406 
16.687204 
15.547642 
14.156263 
12.561435 
10.833109 
9.056840 
7.323206 
5.715322 
4.297700 
3.109224 
2.161562 
1.442668 
0.923682 
0.567011 
0.333577 
0.188027 
0.101531 
0.052517 
0.026022 
0.012352 
0.005618 
0.002449 
0.001023 
0.000410 
0.000157 
0.000058 
0.000021 
0.000007 
0.000002 
0.000001 
0.000000 
-5.000000 
-5.000000 
-5.000000 
-5.000000 
-5.000000 
-5.000000 
-5.000000 
-5.000000 
-5.000000 
0.896885 
1.107096 
1.537715 
2.204686 
3.121833 
4.291491 
5.696171 
7.293804 
9.018353 
10.786154 
12.506584 
14.094271 
15.479483 
16.614027 
17.471454 
18.042307 
18.326619 
18.326618 
18.042306 
17.471452 
16.614020 
15.479463 
14.094213 
12.506427 
10.785745 
9.017334 
7.291364 
5.690573 
4.279185 
3.095912 
2.152375 
1.436587 
0.919826 
0.564669 
0.332216 
0.187270 
0.101128 
0.052312 
0.025922 
0.012306 
0.005598 
0.002440 
0.001020 
0.000409 
0.000157 
0.000058 
0.000020 
0.000007 
0.000002 
0.000001 
-5.000000 
-5.000000 
-5.000000 
-5.000000 
-5.000000 
-5.000000 
-5.000000 
-5.000000 
-5.000000 
-5.000000 
0.890576 
1.099251 
1.526715 
2.188785 
3.099167 
4.260165 
5.654413 
7.240154 
8.951847 
10.706461 
12.414063 
13.989925 
15.364841 
16.490970 
17.342055 
17.908695 
18.190912 
18.190912 
17.908695 
17.342053 
16.490963 
15.364820 
13.989868 
12.413907 
10.706055 
8.950834 
7.237729 
5.648852 
4.247940 
3.073418 
2.136827 
1.426280 
0.913277 
0.560683 
0.329893 
0.185974 
0.100436 
0.051958 
0.025749 
0.012225 
0.005561 
0.002425 
0.001013 
0.000406 
0.000156 
0.000058 
0.000020 
0.000007 
0.000002 
-5.000000 
-5.000000 
-5.000000 
-5.000000 
-5.000000 
-5.000000 
-5.000000 
-5.000000 
-5.000000 
-5.000000 
-5.000000 
0.880343 
1.086548 
1.508945 
2.163144 
3.062673 
4.209790 
5.587329 
7.154031 
8.845150 
10.578665 
12.265739 
13.822673 
15.181099 
16.293747 
17.134664 
17.694546 
17.973401 
17.973401 
17.694545 
17.134662 
16.293740 
15.181079 
13.822616 
12.265584 
10.578263 
8.844148 
7.151632 
5.581828 
4.197698 
3.037207 
2.111765 
1.409639 
0.902684 
0.554223 
0.326120 
0.183865 
0.099307 
0.051380 
0.025466 
0.012093 
0.005502 
0.002399 
0.001003 
0.000402 
0.000155 
0.000057 
0.000020 
0.000007 
-5.000000 
-5.000000 
-5.000000 
-5.000000 
-5.000000 
-5.000000 
-5.000000 
-5.000000 
-5.000000 
-5.000000 
-5.000000 
-5.000000 
0.864549 
1.066973 
1.481612 
2.123774 
3.006714 
4.132635 
5.484673 
7.022334 
8.682078 
10.383422 
12.039192 
13.567258 
14.900522 
15.992590 
16.817975 
17.367530 
17.641247 
17.641247 
17.367530 
16.817973 
15.992584 
14.900503 
13.567202 
12.039041 
10.383027 
8.681093 
7.019976 
5.479266 
4.120752 
2.981693 
2.073296 
1.384060 
0.886377 
0.544261 
0.320291 
0.180599 
0.097556 
0.050482 
0.025025 
0.011886 
0.005410 
0.002360 
0.000988 
0.000397 
0.000153 
0.000057 
0.000020 
-5.000000 
-5.000000 
-5.000000 
-5.000000 
-5.000000 
-5.000000 
-5.000000 
-5.000000 
-5.000000 
-5.000000 
-5.000000 
-5.000000 
-5.000000 
0.841361 
1.038272 
1.441606 
2.066237 
2.925036 
4.020127 
5.335098 
6.830563 
8.444735 
10.099354 
11.709656 
13.195781 
14.492479 
15.554623 
16.357415 
16.891941 
17.158177 
17.158177 
16.891941 
16.357413 
15.554617 
14.492459 
13.195726 
11.709508 
10.098969 
8.443775 
6.828266 
5.329831 
4.008554 
2.900671 
2.017091 
1.346642 
0.862489 
0.529646 
0.311725 
0.175792 
0.094973 
0.049155 
0.024374 
0.011581 
0.005275 
0.002304 
0.000966 
0.000389 
0.000151 
0.000057 
-5.000000 
-5.000000 
-5.000000 
-5.000000 
-5.000000 
-5.000000 
-5.000000 
-5.000000 
-5.000000 
-5.000000 
-5.000000 
-5.000000 
-5.000000 
-5.000000 
0.808991 
0.998251 
1.385906 
1.986233 
2.811586 
3.863989 
5.127663 
6.564754 
8.115895 
9.705893 
11.253312 
12.681419 
13.927519 
14.948243 
15.719748 
16.233454 
16.489324 
16.489324 
16.233453 
15.719745 
14.948236 
13.927500 
12.681367 
11.253170 
9.705522 
8.114970 
6.562543 
5.122595 
3.852855 
2.788147 
1.938961 
1.294573 
0.829209 
0.509257 
0.299760 
0.169069 
0.091359 
0.047298 
0.023464 
0.011158 
0.005089 
0.002229 
0.000940 
0.000382 
0.000151 
-5.000000 
-5.000000 
-5.000000 
-5.000000 
-5.000000 
-5.000000 
-5.000000 
-5.000000 
-5.000000 
-5.000000 
-5.000000 
-5.000000 
-5.000000 
-5.000000 
-5.000000 
0.766036 
0.945196 
1.312158 
1.880427 
2.661684 
3.657835 
4.853938 
6.214162 
7.682320 
9.187251 
10.651884 
12.003599 
13.183059 
14.149212 
14.879483 
15.365741 
15.607943 
15.607942 
15.365741 
14.879481 
14.149206 
13.183041 
12.003550 
10.651749 
9.186900 
7.681444 
6.212068 
4.849137 
3.647290 
2.639486 
1.835659 
1.225668 
0.785125 
0.482225 
0.283882 
0.160142 
0.086561 
0.044838 
0.022267 
0.010609 
0.004858 
0.002143 
0.000916 
0.000382 
-5.000000 
-5.000000 
-5.000000 
-5.000000 
-5.000000 
-5.000000 
-5.000000 
-5.000000 
-5.000000 
-5.000000 
-5.000000 
-5.000000 
-5.000000 
-5.000000 
-5.000000 
-5.000000 
0.711869 
0.878349 
1.219336 
1.747377 
2.473324 
3.398947 
4.510358 
5.774265 
7.138460 
8.536823 
9.897742 
11.153741 
12.249686 
13.147431 
13.825999 
14.277832 
14.502887 
14.502887 
14.277831 
13.825997 
13.147426 
12.249670 
11.153695 
9.897617 
8.536497 
7.137647 
5.772321 
4.505900 
3.389152 
2.452704 
1.705789 
1.138983 
0.729629 
0.448174 
0.263876 
0.148901 
0.080535 
0.041769 
0.020794 
0.009958 
0.004605 
0.002070 
0.000916 
-5.000000 
-5.000000 
-5.000000 
-5.000000 
-5.000000 
-5.000000 
-5.000000 
-5.000000 
-5.000000 
-5.000000 
-5.000000 
-5.000000 
-5.000000 
-5.000000 
-5.000000 
-5.000000 
-5.000000 
0.646979 
0.798317 
1.108296 
1.588330 
2.248293 
3.089800 
4.100232 
5.249323 
6.489602 
7.760949 
8.998252 
10.140157 
11.136534 
11.952705 
12.569605 
12.980370 
13.184967 
13.184967 
12.980369 
12.569604 
11.952700 
11.136519 
10.140115 
8.998139 
7.760655 
6.488866 
5.247562 
4.096192 
3.080918 
2.229586 
1.550585 
1.035344 
0.663258 
0.407452 
0.239971 
0.135505 
0.073399 
0.038188 
0.019135 
0.009282 
0.004400 
0.002070 
-5.000000 
-5.000000 
-5.000000 
-5.000000 
-5.000000 
-5.000000 
-5.000000 
-5.000000 
-5.000000 
-5.000000 
-5.000000 
-5.000000 
-5.000000 
-5.000000 
-5.000000 
-5.000000 
-5.000000 
-5.000000 
0.573141 
0.707292 
0.982077 
1.407634 
1.992736 
2.738836 
3.634755 
4.653658 
5.753446 
6.880794 
7.977946 
8.990486 
9.873958 
10.597615 
11.144565 
11.508739 
11.690125 
11.690125 
11.508738 
11.144563 
10.597611 
9.873945 
8.990450 
7.977848 
6.880536 
5.752802 
4.652112 
3.631203 
2.731015 
1.976243 
1.374319 
0.917632 
0.587893 
0.361260 
0.212931 
0.120452 
0.065500 
0.034358 
0.017502 
0.008764 
0.004400 
-5.000000 
-5.000000 
-5.000000 
-5.000000 
-5.000000 
-5.000000 
-5.000000 
-5.000000 
-5.000000 
-5.000000 
-5.000000 
-5.000000 
-5.000000 
-5.000000 
-5.000000 
-5.000000 
-5.000000 
-5.000000 
-5.000000 
0.493349 
0.608952 
0.845763 
1.212545 
1.716895 
2.360091 
3.132513 
4.011028 
4.959325 
5.931402 
6.877433 
7.750476 
8.512188 
9.136069 
9.607570 
9.921487 
10.077834 
10.077834 
9.921487 
9.607569 
9.136065 
8.512178 
7.750446 
6.877352 
5.931189 
4.958787 
4.009730 
3.129515 
2.353462 
1.702868 
1.184133 
0.790678 
0.506710 
0.311647 
0.184081 
0.104629 
0.057475 
0.030775 
0.016310 
0.008764 
-5.000000 
-5.000000 
-5.000000 
-5.000000 
-5.000000 
-5.000000 
-5.000000 
-5.000000 
-5.000000 
-5.000000 
-5.000000 
-5.000000 
-5.000000 
-5.000000 
-5.000000 
-5.000000 
-5.000000 
-5.000000 
-5.000000 
-5.000000 
0.411465 
0.508044 
0.705906 
1.012408 
1.433938 
1.971602 
2.617378 
3.351928 
4.144878 
4.957733 
5.748796 
6.478789 
7.115639 
7.637196 
8.031321 
8.293696 
8.424362 
8.424362 
8.293695 
8.031320 
7.637194 
7.115632 
6.478768 
5.748737 
4.957573 
4.144465 
3.350913 
2.615000 
1.966286 
1.422590 
0.989258 
0.660769 
0.423889 
0.261371 
0.155277 
0.089355 
0.050338 
0.028288 
0.016310 
-5.000000 
-5.000000 
-5.000000 
-5.000000 
-5.000000 
-5.000000 
-5.000000 
-5.000000 
-5.000000 
-5.000000 
-5.000000 
-5.000000 
-5.000000 
-5.000000 
-5.000000 
-5.000000 
-5.000000 
-5.000000 
-5.000000 
-5.000000 
-5.000000 
0.331672 
0.409704 
0.569592 
0.817320 
1.158097 
1.592857 
2.115136 
2.709299 
3.350758 
4.008342 
4.648283 
5.238778 
5.753870 
6.175650 
6.494326 
6.706444 
6.812071 
6.812071 
6.706444 
6.494326 
6.175649 
5.753868 
5.238769 
4.648253 
4.008249 
3.350497 
2.708619 
2.113470 
1.589005 
1.149660 
0.799765 
0.534837 
0.344140 
0.213670 
0.128845 
0.076438 
0.045625 
0.028288 
-5.000000 
-5.000000 
-5.000000 
-5.000000 
-5.000000 
-5.000000 
-5.000000 
-5.000000 
-5.000000 
-5.000000 
-5.000000 
-5.000000 
-5.000000 
-5.000000 
-5.000000 
-5.000000 
-5.000000 
-5.000000 
-5.000000 
-5.000000 
-5.000000 
-5.000000 
0.257835 
0.318679 
0.443372 
0.636623 
0.902541 
1.241892 
1.649658 
2.113634 
2.614602 
3.128186 
3.627978 
4.089108 
4.491294 
4.820559 
5.069286 
5.234813 
5.317229 
5.317229 
5.234813 
5.069287 
4.820562 
4.491299 
4.089117 
3.627989 
3.128187 
2.614545 
2.113382 
1.648863 
1.239758 
0.897387 
0.625158 
0.419571 
0.272204 
0.172044 
0.107578 
0.068315 
0.045625 
-5.000000 
-5.000000 
-5.000000 
-5.000000 
-5.000000 
-5.000000 
-5.000000 
-5.000000 
-5.000000 
-5.000000 
-5.000000 
-5.000000 
-5.000000 
-5.000000 
-5.000000 
-5.000000 
-5.000000 
-5.000000 
-5.000000 
-5.000000 
-5.000000 
-5.000000 
-5.000000 
0.192944 
0.238648 
0.332333 
0.477576 
0.677509 
0.932745 
1.239533 
1.588691 
1.965743 
2.352313 
2.728488 
3.075523 
3.378142 
3.625833 
3.812892 
3.937351 
3.999310 
3.999310 
3.937352 
3.812895 
3.625841 
3.378159 
3.075561 
2.728565 
2.352456 
1.965985 
1.589039 
1.239904 
0.932804 
0.676352 
0.473181 
0.320683 
0.212482 
0.140163 
0.094841 
0.068315 
-5.000000 
-5.000000 
-5.000000 
-5.000000 
-5.000000 
-5.000000 
-5.000000 
-5.000000 
-5.000000 
-5.000000 
-5.000000 
-5.000000 
-5.000000 
-5.000000 
-5.000000 
-5.000000 
-5.000000 
-5.000000 
-5.000000 
-5.000000 
-5.000000 
-5.000000 
-5.000000 
-5.000000 
0.138778 
0.171800 
0.239510 
0.344526 
0.489149 
0.673857 
0.895953 
1.148795 
1.421884 
1.701885 
1.974345 
2.225665 
2.444769 
2.624053 
2.759408 
2.849442 
2.894254 
2.894254 
2.849444 
2.759415 
2.624069 
2.444808 
2.225753 
1.974531 
1.702258 
1.422591 
1.150051 
0.898025 
0.676983 
0.493333 
0.349124 
0.242542 
0.168924 
0.121967 
0.094841 
-5.000000 
-5.000000 
-5.000000 
-5.000000 
-5.000000 
-5.000000 
-5.000000 
-5.000000 
-5.000000 
-5.000000 
-5.000000 
-5.000000 
-5.000000 
-5.000000 
-5.000000 
-5.000000 
-5.000000 
-5.000000 
-5.000000 
-5.000000 
-5.000000 
-5.000000 
-5.000000 
-5.000000 
-5.000000 
0.095823 
0.118745 
0.165763 
0.238720 
0.339248 
0.467703 
0.622228 
0.798203 
0.988309 
1.183242 
1.372917 
1.547845 
1.700309 
1.825022 
1.919143 
1.981729 
2.012873 
2.012874 
1.981734 
1.919156 
1.825054 
1.700384 
1.548015 
1.373283 
1.183991 
0.989764 
0.800885 
0.626908 
0.475401 
0.351127 
0.255778 
0.188245 
0.145222 
0.121967 
-5.000000 
-5.000000 
-5.000000 
-5.000000 
-5.000000 
-5.000000 
-5.000000 
-5.000000 
-5.000000 
-5.000000 
-5.000000 
-5.000000 
-5.000000 
-5.000000 
-5.000000 
-5.000000 
-5.000000 
-5.000000 
-5.000000 
-5.000000 
-5.000000 
-5.000000 
-5.000000 
-5.000000 
-5.000000 
-5.000000 
0.063452 
0.078725 
0.110063 
0.158717 
0.225798 
0.311566 
0.414793 
0.532393 
0.659468 
0.789782 
0.916573 
1.033484 
1.135349 
1.218641 
1.281476 
1.323242 
1.344020 
1.344022 
1.323250 
1.281499 
1.218698 
1.135484 
1.033789 
0.917231 
0.791134 
0.662115 
0.537325 
0.423527 
0.326251 
0.249194 
0.193954 
0.160062 
0.145222 
-5.000000 
-5.000000 
-5.000000 
-5.000000 
-5.000000 
-5.000000 
-5.000000 
-5.000000 
-5.000000 
-5.000000 
-5.000000 
-5.000000 
-5.000000 
-5.000000 
-5.000000 
-5.000000 
-5.000000 
-5.000000 
-5.000000 
-5.000000 
-5.000000 
-5.000000 
-5.000000 
-5.000000 
-5.000000 
-5.000000 
-5.000000 
0.040265 
0.050023 
0.070057 
0.101179 
0.144119 
0.199058 
0.265218 
0.340623 
0.422125 
0.505713 
0.587037 
0.662007 
0.727305 
0.780674 
0.820916 
0.847653 
0.860951 
0.860955 
0.847668 
0.820955 
0.780772 
0.727536 
0.662526 
0.588156 
0.508012 
0.426630 
0.349034 
0.280173 
0.224360 
0.184814 
0.163328 
0.160062 
-5.000000 
-5.000000 
-5.000000 
-5.000000 
-5.000000 
-5.000000 
-5.000000 
-5.000000 
-5.000000 
-5.000000 
-5.000000 
-5.000000 
-5.000000 
-5.000000 
-5.000000 
-5.000000 
-5.000000 
-5.000000 
-5.000000 
-5.000000 
-5.000000 
-5.000000 
-5.000000 
-5.000000 
-5.000000 
-5.000000 
-5.000000 
-5.000000 
0.024471 
0.030448 
0.042724 
0.061809 
0.088161 
0.121902 
0.162562 
0.208925 
0.259053 
0.310470 
0.360490 
0.406591 
0.446729 
0.479517 
0.504227 
0.520638 
0.528798 
0.528804 
0.520662 
0.504292 
0.479677 
0.447104 
0.407436 
0.362308 
0.314199 
0.266353 
0.222551 
0.186799 
0.162961 
0.154361 
0.163328 
-5.000000 
-5.000000 
-5.000000 
-5.000000 
-5.000000 
-5.000000 
-5.000000 
-5.000000 
-5.000000 
-5.000000 
-5.000000 
-5.000000 
-5.000000 
-5.000000 
-5.000000 
-5.000000 
-5.000000 
-5.000000 
-5.000000 
-5.000000 
-5.000000 
-5.000000 
-5.000000 
-5.000000 
-5.000000 
-5.000000 
-5.000000 
-5.000000 
-5.000000 
0.014238 
0.017745 
0.024953 
0.036168 
0.051666 
0.071527 
0.095478 
0.122803 
0.152357 
0.182674 
0.212166 
0.239339 
0.262987 
0.282295 
0.296837 
0.306489 
0.311289 
0.311299 
0.306527 
0.296938 
0.282545 
0.263575 
0.240660 
0.215001 
0.188481 
0.163707 
0.143964 
0.133087 
0.135212 
0.154361 
-5.000000 
-5.000000 
-5.000000 
-5.000000 
-5.000000 
-5.000000 
-5.000000 
-5.000000 
-5.000000 
-5.000000 
-5.000000 
-5.000000 
-5.000000 
-5.000000 
-5.000000 
-5.000000 
-5.000000 
-5.000000 
-5.000000 
-5.000000 
-5.000000 
-5.000000 
-5.000000 
-5.000000 
-5.000000 
-5.000000 
-5.000000 
-5.000000 
-5.000000 
-5.000000 
0.007929 
0.009900 
0.013954 
0.020267 
0.029000 
0.040202 
0.053720 
0.069153 
0.085850 
0.102982 
0.119645 
0.134994 
0.148344 
0.159238 
0.167438 
0.172879 
0.175586 
0.175600 
0.172936 
0.167591 
0.159616 
0.149231 
0.136981 
0.123902 
0.111687 
0.102842 
0.100788 
0.109880 
0.135212 
-5.000000 
-5.000000 
-5.000000 
-5.000000 
-5.000000 
-5.000000 
-5.000000 
-5.000000 
-5.000000 
-5.000000 
-5.000000 
-5.000000 
-5.000000 
-5.000000 
-5.000000 
-5.000000 
-5.000000 
-5.000000 
-5.000000 
-5.000000 
-5.000000 
-5.000000 
-5.000000 
-5.000000 
-5.000000 
-5.000000 
-5.000000 
-5.000000 
-5.000000 
-5.000000 
-5.000000 
0.004225 
0.005286 
0.007470 
0.010874 
0.015588 
0.021640 
0.028950 
0.037301 
0.046341 
0.055616 
0.064637 
0.072944 
0.080165 
0.086054 
0.090484 
0.093422 
0.094888 
0.094909 
0.093506 
0.090707 
0.086604 
0.081454 
0.075828 
0.070805 
0.068209 
0.070885 
0.082942 
0.109880 
-5.000000 
-5.000000 
-5.000000 
-5.000000 
-5.000000 
-5.000000 
-5.000000 
-5.000000 
-5.000000 
-5.000000 
-5.000000 
-5.000000 
-5.000000 
-5.000000 
-5.000000 
-5.000000 
-5.000000 
-5.000000 
-5.000000 
-5.000000 
-5.000000 
-5.000000 
-5.000000 
-5.000000 
-5.000000 
-5.000000 
-5.000000 
-5.000000 
-5.000000 
-5.000000 
-5.000000 
-5.000000 
0.002155 
0.002702 
0.003828 
0.005586 
0.008023 
0.011156 
0.014943 
0.019272 
0.023961 
0.028772 
0.033451 
0.037758 
0.041501 
0.044550 
0.046843 
0.048365 
0.049129 
0.049159 
0.048483 
0.047158 
0.045324 
0.043310 
0.041802 
0.042086 
0.046381 
0.058239 
0.082942 
-5.000000 
-5.000000 
-5.000000 
-5.000000 
-5.000000 
-5.000000 
-5.000000 
-5.000000 
-5.000000 
-5.000000 
-5.000000 
-5.000000 
-5.000000 
-5.000000 
-5.000000 
-5.000000 
-5.000000 
-5.000000 
-5.000000 
-5.000000 
-5.000000 
-5.000000 
-5.000000 
-5.000000 
-5.000000 
-5.000000 
-5.000000 
-5.000000 
-5.000000 
-5.000000 
-5.000000 
-5.000000 
-5.000000 
0.001051 
0.001321 
0.001878 
0.002747 
0.003954 
0.005508 
0.007387 
0.009538 
0.011867 
0.014259 
0.016584 
0.018724 
0.020582 
0.022095 
0.023233 
0.023990 
0.024377 
0.024418 
0.024151 
0.023662 
0.023148 
0.023041 
0.024213 
0.028290 
0.038104 
0.058239 
-5.000000 
-5.000000 
-5.000000 
-5.000000 
-5.000000 
-5.000000 
-5.000000 
-5.000000 
-5.000000 
-5.000000 
-5.000000 
-5.000000 
-5.000000 
-5.000000 
-5.000000 
-5.000000 
-5.000000 
-5.000000 
-5.000000 
-5.000000 
-5.000000 
-5.000000 
-5.000000 
-5.000000 
-5.000000 
-5.000000 
-5.000000 
-5.000000 
-5.000000 
-5.000000 
-5.000000 
-5.000000 
-5.000000 
-5.000000 
0.000491 
0.000619 
0.000882 
0.001294 
0.001867 
0.002604 
0.003498 
0.004522 
0.005631 
0.006770 
0.007877 
0.008896 
0.009780 
0.010499 
0.011041 
0.011405 
0.011601 
0.011655 
0.011618 
0.011608 
0.011888 
0.013020 
0.016121 
0.023273 
0.038104 
-5.000000 
-5.000000 
-5.000000 
-5.000000 
-5.000000 
-5.000000 
-5.000000 
-5.000000 
-5.000000 
-5.000000 
-5.000000 
-5.000000 
-5.000000 
-5.000000 
-5.000000 
-5.000000 
-5.000000 
-5.000000 
-5.000000 
-5.000000 
-5.000000 
-5.000000 
-5.000000 
-5.000000 
-5.000000 
-5.000000 
-5.000000 
-5.000000 
-5.000000 
-5.000000 
-5.000000 
-5.000000 
-5.000000 
-5.000000 
-5.000000 
0.000219 
0.000277 
0.000397 
0.000584 
0.000844 
0.001180 
0.001587 
0.002054 
0.002560 
0.003080 
0.003585 
0.004050 
0.004453 
0.004781 
0.005030 
0.005201 
0.005307 
0.005376 
0.005475 
0.005757 
0.006561 
0.008603 
0.013297 
0.023273 
-5.000000 
-5.000000 
-5.000000 
-5.000000 
-5.000000 
-5.000000 
-5.000000 
-5.000000 
-5.000000 
-5.000000 
-5.000000 
-5.000000 
-5.000000 
-5.000000 
-5.000000 
-5.000000 
-5.000000 
-5.000000 
-5.000000 
-5.000000 
-5.000000 
-5.000000 
-5.000000 
-5.000000 
-5.000000 
-5.000000 
-5.000000 
-5.000000 
-5.000000 
-5.000000 
-5.000000 
-5.000000 
-5.000000 
-5.000000 
-5.000000 
-5.000000 
0.000094 
0.000119 
0.000171 
0.000252 
0.000365 
0.000512 
0.000690 
0.000894 
0.001115 
0.001343 
0.001564 
0.001767 
0.001943 
0.002087 
0.002198 
0.002280 
0.002347 
0.002434 
0.002623 
0.003107 
0.004310 
0.007122 
0.013297 
-5.000000 
-5.000000 
-5.000000 
-5.000000 
-5.000000 
-5.000000 
-5.000000 
-5.000000 
-5.000000 
-5.000000 
-5.000000 
-5.000000 
-5.000000 
-5.000000 
-5.000000 
-5.000000 
-5.000000 
-5.000000 
-5.000000 
-5.000000 
-5.000000 
-5.000000 
-5.000000 
-5.000000 
-5.000000 
-5.000000 
-5.000000 
-5.000000 
-5.000000 
-5.000000 
-5.000000 
-5.000000 
-5.000000 
-5.000000 
-5.000000 
-5.000000 
-5.000000 
0.000038 
0.000049 
0.000070 
0.000104 
0.000152 
0.000213 
0.000287 
0.000373 
0.000466 
0.000561 
0.000654 
0.000739 
0.000813 
0.000875 
0.000924 
0.000967 
0.001021 
0.001126 
0.001385 
0.002032 
0.003583 
0.007122 
-5.000000 
-5.000000 
-5.000000 
-5.000000 
-5.000000 
-5.000000 
-5.000000 
-5.000000 
-5.000000 
-5.000000 
-5.000000 
-5.000000 
-5.000000 
-5.000000 
-5.000000 
-5.000000 
-5.000000 
-5.000000 
-5.000000 
-5.000000 
-5.000000 
-5.000000 
-5.000000 
-5.000000 
-5.000000 
-5.000000 
-5.000000 
-5.000000 
-5.000000 
-5.000000 
-5.000000 
-5.000000 
-5.000000 
-5.000000 
-5.000000 
-5.000000 
-5.000000 
-5.000000 
0.000015 
0.000019 
0.000028 
0.000041 
0.000060 
0.000085 
0.000115 
0.000149 
0.000186 
0.000225 
0.000262 
0.000297 
0.000327 
0.000352 
0.000376 
0.000404 
0.000457 
0.000583 
0.000903 
0.001698 
0.003583 
-5.000000 
-5.000000 
-5.000000 
-5.000000 
-5.000000 
-5.000000 
-5.000000 
-5.000000 
-5.000000 
-5.000000 
-5.000000 
-5.000000 
-5.000000 
-5.000000 
-5.000000 
-5.000000 
-5.000000 
-5.000000 
-5.000000 
-5.000000 
-5.000000 
-5.000000 
-5.000000 
-5.000000 
-5.000000 
-5.000000 
-5.000000 
-5.000000 
-5.000000 
-5.000000 
-5.000000 
-5.000000 
-5.000000 
-5.000000 
-5.000000 
-5.000000 
-5.000000 
-5.000000 
-5.000000 
0.000006 
0.000007 
0.000011 
0.000016 
0.000023 
0.000032 
0.000044 
0.000057 
0.000072 
0.000086 
0.000101 
0.000114 
0.000126 
0.000138 
0.000151 
0.000175 
0.000232 
0.000379 
0.000759 
0.001698 
-5.000000 
-5.000000 
-5.000000 
-5.000000 
-5.000000 
-5.000000 
-5.000000 
-5.000000 
-5.000000 
-5.000000 
-5.000000 
-5.000000 
-5.000000 
-5.000000 
-5.000000 
-5.000000 
-5.000000 
-5.000000 
-5.000000 
-5.000000 
-5.000000 
-5.000000 
-5.000000 
-5.000000 
-5.000000 
-5.000000 
-5.000000 
-5.000000 
-5.000000 
-5.000000 
-5.000000 
-5.000000 
-5.000000 
-5.000000 
-5.000000 
-5.000000 
-5.000000 
-5.000000 
-5.000000 
-5.000000 
0.000002 
0.000003 
0.000004 
0.000006 
0.000008 
0.000012 
0.000016 
0.000021 
0.000026 
0.000032 
0.000037 
0.000042 
0.000047 
0.000053 
0.000063 
0.000087 
0.000151 
0.000321 
0.000759 
-5.000000 
-5.000000 
-5.000000 
-5.000000 
-5.000000 
-5.000000 
-5.000000 
-5.000000 
-5.000000 
-5.000000 
-5.000000 
-5.000000 
-5.000000 
-5.000000 
-5.000000 
-5.000000 
-5.000000 
-5.000000 
-5.000000 
-5.000000 
-5.000000 
-5.000000 
-5.000000 
-5.000000 
-5.000000 
-5.000000 
-5.000000 
-5.000000 
-5.000000 
-5.000000 
-5.000000 
-5.000000 
-5.000000 
-5.000000 
-5.000000 
-5.000000 
-5.000000 
-5.000000 
-5.000000 
-5.000000 
-5.000000 
0.000001 
0.000001 
0.000001 
0.000002 
0.000003 
0.000004 
0.000006 
0.000007 
0.000009 
0.000011 
0.000013 
0.000015 
0.000018 
0.000022 
0.000031 
0.000057 
0.000128 
0.000321 
-5.000000 
-5.000000 
-5.000000 
-5.000000 
-5.000000 
-5.000000 
-5.000000 
-5.000000 
-5.000000 
-5.000000 
-5.000000 
-5.000000 
-5.000000 
-5.000000 
-5.000000 
-5.000000 
-5.000000 
-5.000000 
-5.000000 
-5.000000 
-5.000000 
-5.000000 
-5.000000 
-5.000000 
-5.000000 
-5.000000 
-5.000000 
-5.000000 
-5.000000 
-5.000000 
-5.000000 
-5.000000 
-5.000000 
-5.000000 
-5.000000 
-5.000000 
-5.000000 
-5.000000 
-5.000000 
-5.000000 
-5.000000 
-5.000000 
0.000000 
0.000000 
0.000000 
0.000001 
0.000001 
0.000001 
0.000002 
0.000003 
0.000003 
0.000004 
0.000005 
0.000005 
0.000007 
0.000010 
0.000020 
0.000049 
0.000128 
-5.000000 
-5.000000 
-5.000000 
-5.000000 
-5.000000 
-5.000000 
-5.000000 
-5.000000 
-5.000000 
-5.000000 
-5.000000 
-5.000000 
-5.000000 
-5.000000 
-5.000000 
-5.000000 
-5.000000 
-5.000000 
-5.000000 
-5.000000 
-5.000000 
-5.000000 
-5.000000 
-5.000000 
-5.000000 
-5.000000 
-5.000000 
-5.000000 
-5.000000 
-5.000000 
-5.000000 
-5.000000 
-5.000000 
-5.000000 
-5.000000 
-5.000000 
-5.000000 
-5.000000 
-5.000000 
-5.000000 
-5.000000 
-5.000000 
-5.000000 
0.000000 
0.000000 
0.000000 
0.000000 
0.000000 
0.000000 
0.000001 
0.000001 
0.000001 
0.000001 
0.000002 
0.000002 
0.000003 
0.000007 
0.000017 
0.000049 
-5.000000 
-5.000000 
-5.000000 
-5.000000 
-5.000000 
-5.000000 
-5.000000 
-5.000000 
-5.000000 
-5.000000 
-5.000000 
-5.000000 
-5.000000 
-5.000000 
-5.000000 
-5.000000 
-5.000000 
-5.000000 
-5.000000 
-5.000000 
-5.000000 
-5.000000 
-5.000000 
-5.000000 
-5.000000 
-5.000000 
-5.000000 
-5.000000 
-5.000000 
-5.000000 
-5.000000 
-5.000000 
-5.000000 
-5.000000 
-5.000000 
-5.000000 
-5.000000 
-5.000000 
-5.000000 
-5.000000 
-5.000000 
-5.000000 
-5.000000 
-5.000000 
0.000000 
0.000000 
0.000000 
0.000000 
0.000000 
0.000000 
0.000000 
0.000000 
0.000000 
0.000000 
0.000001 
0.000001 
0.000002 
0.000006 
0.000017 
-5.000000 
-5.000000 
-5.000000 
-5.000000 
-5.000000 
-5.000000 
-5.000000 
-5.000000 
-5.000000 
-5.000000 
-5.000000 
-5.000000 
-5.000000 
-5.000000 
-5.000000 
-5.000000 
-5.000000 
-5.000000 
-5.000000 
-5.000000 
-5.000000 
-5.000000 
-5.000000 
-5.000000 
-5.000000 
-5.000000 
-5.000000 
-5.000000 
-5.000000 
-5.000000 
-5.000000 
-5.000000 
-5.000000 
-5.000000 
-5.000000 
-5.000000 
-5.000000 
-5.000000 
-5.000000 
-5.000000 
-5.000000 
-5.000000 
-5.000000 
-5.000000 
-5.000000 
0.000000 
0.000000 
0.000000 
0.000000 
0.000000 
0.000000 
0.000000 
0.000000 
0.000000 
0.000000 
0.000000 
0.000001 
0.000002 
0.000006 
-5.000000 
-5.000000 
-5.000000 
-5.000000 
-5.000000 
-5.000000 
-5.000000 
-5.000000 
-5.000000 
-5.000000 
-5.000000 
-5.000000 
-5.000000 
-5.000000 
-5.000000 
-5.000000 
-5.000000 
-5.000000 
-5.000000 
-5.000000 
-5.000000 
-5.000000 
-5.000000 
-5.000000 
-5.000000 
-5.000000 
-5.000000 
-5.000000 
-5.000000 
-5.000000 
-5.000000 
-5.000000 
-5.000000 
-5.000000 
-5.000000 
-5.000000 
-5.000000 
-5.000000 
-5.000000 
-5.000000 
-5.000000 
-5.000000 
-5.000000 
-5.000000 
-5.000000 
-5.000000 
0.000000 
0.000000 
0.000000 
0.000000 
0.000000 
0.000000 
0.000000 
0.000000 
0.000000 
0.000000 
0.000000 
0.000001 
0.000002 
-5.000000 
-5.000000 
-5.000000 
-5.000000 
-5.000000 
-5.000000 
-5.000000 
-5.000000 
-5.000000 
-5.000000 
-5.000000 
-5.000000 
-5.000000 
-5.000000 
-5.000000 
-5.000000 
-5.000000 
-5.000000 
-5.000000 
-5.000000 
-5.000000 
-5.000000 
-5.000000 
-5.000000 
-5.000000 
-5.000000 
-5.000000 
-5.000000 
-5.000000 
-5.000000 
-5.000000 
-5.000000 
-5.000000 
-5.000000 
-5.000000 
-5.000000 
-5.000000 
-5.000000 
-5.000000 
-5.000000 
-5.000000 
-5.000000 
-5.000000 
-5.000000 
-5.000000 
-5.000000 
-5.000000 
0.000000 
0.000000 
0.000000 
0.000000 
0.000000 
0.000000 
0.000000 
0.000000 
0.000000 
0.000000 
0.000000 
0.000001 
-5.000000 
-5.000000 
-5.000000 
-5.000000 
-5.000000 
-5.000000 
-5.000000 
-5.000000 
-5.000000 
-5.000000 
-5.000000 
-5.000000 
-5.000000 
-5.000000 
-5.000000 
-5.000000 
-5.000000 
-5.000000 
-5.000000 
-5.000000 
-5.000000 
-5.000000 
-5.000000 
-5.000000 
-5.000000 
-5.000000 
-5.000000 
-5.000000 
-5.000000 
-5.000000 
-5.000000 
-5.000000 
-5.000000 
-5.000000 
-5.000000 
-5.000000 
-5.000000 
-5.000000 
-5.000000 
-5.000000 
-5.000000 
-5.000000 
-5.000000 
-5.000000 
-5.000000 
-5.000000 
-5.000000 
-5.000000 
0.000000 
0.000000 
0.000000 
0.000000 
0.000000 
0.000000 
0.000000 
0.000000 
0.000000 
0.000000 
0.000000 
-5.000000 
-5.000000 
-5.000000 
-5.000000 
-5.000000 
-5.000000 
-5.000000 
-5.000000 
-5.000000 
-5.000000 
-5.000000 
-5.000000 
-5.000000 
-5.000000 
-5.000000 
-5.000000 
-5.000000 
-5.000000 
-5.000000 
-5.000000 
-5.000000 
-5.000000 
-5.000000 
-5.000000 
-5.000000 
-5.000000 
-5.000000 
-5.000000 
-5.000000 
-5.000000 
-5.000000 
-5.000000 
-5.000000 
-5.000000 
-5.000000 
-5.000000 
-5.000000 
-5.000000 
-5.000000 
-5.000000 
-5.000000 
-5.000000 
-5.000000 
-5.000000 
-5.000000 
-5.000000 
-5.000000 
-5.000000 
-5.000000 
0.000000 
0.000000 
0.000000 
0.000000 
0.000000 
0.000000 
0.000000 
0.000000 
0.000000 
0.000000 
-5.000000 
-5.000000 
-5.000000 
-5.000000 
-5.000000 
-5.000000 
-5.000000 
-5.000000 
-5.000000 
-5.000000 
-5.000000 
-5.000000 
-5.000000 
-5.000000 
-5.000000 
-5.000000 
-5.000000 
-5.000000 
-5.000000 
-5.000000 
-5.000000 
-5.000000 
-5.000000 
-5.000000 
-5.000000 
-5.000000 
-5.000000 
-5.000000 
-5.000000 
-5.000000 
-5.000000 
-5.000000 
-5.000000 
-5.000000 
-5.000000 
-5.000000 
-5.000000 
-5.000000 
-5.000000 
-5.000000 
-5.000000 
-5.000000 
-5.000000 
-5.000000 
-5.000000 
-5.000000 
-5.000000 
-5.000000 
-5.000000 
-5.000000 
0.000000 
0.000000 
0.000000 
0.000000 
0.000000 
0.000000 
0.000000 
0.000000 
0.000000 
-5.000000 
-5.000000 
-5.000000 
-5.000000 
-5.000000 
-5.000000 
-5.000000 
-5.000000 
-5.000000 
-5.000000 
-5.000000 
-5.000000 
-5.000000 
-5.000000 
-5.000000 
-5.000000 
-5.000000 
-5.000000 
-5.000000 
-5.000000 
-5.000000 
-5.000000 
-5.000000 
-5.000000 
-5.000000 
-5.000000 
-5.000000 
-5.000000 
-5.000000 
-5.000000 
-5.000000 
-5.000000 
-5.000000 
-5.000000 
-5.000000 
-5.000000 
-5.000000 
-5.000000 
-5.000000 
-5.000000 
-5.000000 
-5.000000 
-5.000000 
-5.000000 
-5.000000 
-5.000000 
-5.000000 
-5.000000 
-5.000000 
-5.000000 
-5.000000 
0.000000 
0.000000 
0.000000 
0.000000 
0.000000 
0.000000 
0.000000 
0.000000 
-5.000000 
-5.000000 
-5.000000 
-5.000000 
-5.000000 
-5.000000 
-5.000000 
-5.000000 
-5.000000 
-5.000000 
-5.000000 
-5.000000 
-5.000000 
-5.000000 
-5.000000 
-5.000000 
-5.000000 
-5.000000 
-5.000000 
-5.000000 
-5.000000 
-5.000000 
-5.000000 
-5.000000 
-5.000000 
-5.000000 
-5.000000 
-5.000000 
-5.000000 
-5.000000 
-5.000000 
-5.000000 
-5.000000 
-5.000000 
-5.000000 
-5.000000 
-5.000000 
-5.000000 
-5.000000 
-5.000000 
-5.000000 
-5.000000 
-5.000000 
-5.000000 
-5.000000 
-5.000000 
-5.000000 
-5.000000 
-5.000000 
-5.000000 
-5.000000 
-5.000000 
0.000000 
0.000000 
0.000000 
0.000000 
0.000000 
0.000000 
0.000000 
-5.000000 
-5.000000 
-5.000000 
-5.000000 
-5.000000 
-5.000000 
-5.000000 
-5.000000 
-5.000000 
-5.000000 
-5.000000 
-5.000000 
-5.000000 
-5.000000 
-5.000000 
-5.000000 
-5.000000 
-5.000000 
-5.000000 
-5.000000 
-5.000000 
-5.000000 
-5.000000 
-5.000000 
-5.000000 
-5.000000 
-5.000000 
-5.000000 
-5.000000 
-5.000000 
-5.000000 
-5.000000 
-5.000000 
-5.000000 
-5.000000 
-5.000000 
-5.000000 
-5.000000 
-5.000000 
-5.000000 
-5.000000 
-5.000000 
-5.000000 
-5.000000 
-5.000000 
-5.000000 
-5.000000 
-5.000000 
-5.000000 
-5.000000 
-5.000000 
-5.000000 
-5.000000 
0.000000 
0.000000 
0.000000 
0.000000 
0.000000 
0.000000 
-5.000000 
-5.000000 
-5.000000 
-5.000000 
-5.000000 
-5.000000 
-5.000000 
-5.000000 
-5.000000 
-5.000000 
-5.000000 
-5.000000 
-5.000000 
-5.000000 
-5.000000 
-5.000000 
-5.000000 
-5.000000 
-5.000000 
-5.000000 
-5.000000 
-5.000000 
-5.000000 
-5.000000 
-5.000000 
-5.000000 
-5.000000 
-5.000000 
-5.000000 
-5.000000 
-5.000000 
-5.000000 
-5.000000 
-5.000000 
-5.000000 
-5.000000 
-5.000000 
-5.000000 
-5.000000 
-5.000000 
-5.000000 
-5.000000 
-5.000000 
-5.000000 
-5.000000 
-5.000000 
-5.000000 
-5.000000 
-5.000000 
-5.000000 
-5.000000 
-5.000000 
-5.000000 
-5.000000 
0.000000 
0.000000 
0.000000 
0.000000 
0.000000 
-5.000000 
-5.000000 
-5.000000 
-5.000000 
-5.000000 
-5.000000 
-5.000000 
-5.000000 
-5.000000 
-5.000000 
-5.000000 
-5.000000 
-5.000000 
-5.000000 
-5.000000 
-5.000000 
-5.000000 
-5.000000 
-5.000000 
-5.000000 
-5.000000 
-5.000000 
-5.000000 
-5.000000 
-5.000000 
-5.000000 
-5.000000 
-5.000000 
-5.000000 
-5.000000 
-5.000000 
-5.000000 
-5.000000 
-5.000000 
-5.000000 
-5.000000 
-5.000000 
-5.000000 
-5.000000 
-5.000000 
-5.000000 
-5.000000 
-5.000000 
-5.000000 
-5.000000 
-5.000000 
-5.000000 
-5.000000 
-5.000000 
-5.000000 
-5.000000 
-5.000000 
-5.000000 
-5.000000 
-5.000000 
0.000000 
0.000000 
0.000000 
0.000000 
-5.000000 
-5.000000 
-5.000000 
-5.000000 
-5.000000 
-5.000000 
-5.000000 
-5.000000 
-5.000000 
-5.000000 
-5.000000 
-5.000000 
-5.000000 
-5.000000 
-5.000000 
-5.000000 
-5.000000 
-5.000000 
-5.000000 
-5.000000 
-5.000000 
-5.000000 
-5.000000 
-5.000000 
-5.000000 
-5.000000 
-5.000000 
-5.000000 
-5.000000 
-5.000000 
-5.000000 
-5.000000 
-5.000000 
-5.000000 
-5.000000 
-5.000000 
-5.000000 
-5.000000 
-5.000000 
-5.000000 
-5.000000 
-5.000000 
-5.000000 
-5.000000 
-5.000000 
-5.000000 
-5.000000 
-5.000000 
-5.000000 
-5.000000 
-5.000000 
-5.000000 
-5.000000 
-5.000000 
-5.000000 
-5.000000 
0.000000 
0.000000 
0.000000 
-5.000000 
-5.000000 
-5.000000 
-5.000000 
-5.000000 
-5.000000 
-5.000000 
-5.000000 
-5.000000 
-5.000000 
-5.000000 
-5.000000 
-5.000000 
-5.000000 
-5.000000 
-5.000000 
-5.000000 
-5.000000 
-5.000000 
-5.000000 
-5.000000 
-5.000000 
-5.000000 
-5.000000 
-5.000000 
-5.000000 
-5.000000 
-5.000000 
-5.000000 
-5.000000 
-5.000000 
-5.000000 
-5.000000 
-5.000000 
-5.000000 
-5.000000 
-5.000000 
-5.000000 
-5.000000 
-5.000000 
-5.000000 
-5.000000 
-5.000000 
-5.000000 
-5.000000 
-5.000000 
-5.000000 
-5.000000 
-5.000000 
-5.000000 
-5.000000 
-5.000000 
-5.000000 
-5.000000 
-5.000000 
-5.000000 
-5.000000 
0.000000 
0.000000 
-5.000000 
-5.000000 
-5.000000 
-5.000000 
-5.000000 
-5.000000 
-5.000000 
-5.000000 
-5.000000 
-5.000000 
-5.000000 
-5.000000 
-5.000000 
-5.000000 
-5.000000 
-5.000000 
-5.000000 
-5.000000 
-5.000000 
-5.000000 
-5.000000 
-5.000000 
-5.000000 
-5.000000 
-5.000000 
-5.000000 
-5.000000 
-5.000000 
-5.000000 
-5.000000 
-5.000000 
-5.000000 
-5.000000 
-5.000000 
-5.000000 
-5.000000 
-5.000000 
-5.000000 
-5.000000 
-5.000000 
-5.000000 
-5.000000 
-5.000000 
-5.000000 
-5.000000 
-5.000000 
-5.000000 
-5.000000 
-5.000000 
-5.000000 
-5.000000 
-5.000000 
-5.000000 
-5.000000 
-5.000000 
-5.000000 
-5.000000 
-5.000000 
0.000000 
-5.000000 
-5.000000 
-5.000000 
-5.000000 
-5.000000 
-5.000000 
-5.000000 
-5.000000 
-5.000000 
-5.000000 
-5.000000 
-5.000000 
-5.000000 
-5.000000 
-5.000000 
-5.000000 
-5.000000 
-5.000000 
-5.000000 
-5.000000 
-5.000000 
-5.000000 
-5.000000 
-5.000000 
-5.000000 
-5.000000 
-5.000000 
-5.000000 
-5.000000 
-5.000000 
-5.000000 
-5.000000 
-5.000000 
-5.000000 
-5.000000 
-5.000000 
-5.000000 
-5.000000 
-5.000000 
-5.000000 
-5.000000 
-5.000000 
-5.000000 
-5.000000 
-5.000000 
-5.000000 
-5.000000 
-5.000000 
-5.000000 
-5.000000 
-5.000000 
-5.000000 
-5.000000 
-5.000000 
-5.000000 
-5.000000 
-5.000000 
-5.000000 
-5.000000 
-5.000000 
-5.000000 
-5.000000 
-5.000000 
-5.000000 
-5.000000 
-5.000000 
-5.000000 
-5.000000 
-5.000000 
-5.000000 
-5.000000 
-5.000000 
-5.000000 
-5.000000 
-5.000000 
-5.000000 
-5.000000 
-5.000000 
-5.000000 
-5.000000 
-5.000000 
-5.000000 
-5.000000 
-5.000000 
-5.000000 
-5.000000 
-5.000000 
-5.000000 
-5.000000 
-5.000000 
-5.000000 
-5.000000 
-5.000000 
-5.000000 
-5.000000 
-5.000000 
-5.000000 
-5.000000 
-5.000000 
-5.000000 
-5.000000 
-5.000000 
-5.000000 
-5.000000 
-5.000000 
-5.000000 
-5.000000 
-5.000000 
-5.000000 
-5.000000 
-5.000000 
-5.000000 
-5.000000 
-5.000000 
-5.000000 
-5.000000 
-5.000000 
-5.000000 
-5.000000 
