# z = ,(t = 2)
3.101761 
3.306034 
3.709377 
4.301205 
5.065291 
5.979566 
7.016158 
8.141816 
9.318808 
10.506265 
11.661904 
12.743926 
13.712928 
14.533634 
15.176318 
15.617872 
15.842519 
15.842229 
15.616888 
15.174268 
14.529784 
13.705994 
12.731775 
11.641110 
10.471475 
9.261887 
8.050736 
6.873612 
5.761350 
4.738502 
3.822408 
3.022940 
2.342893 
1.778919 
1.322842 
0.963142 
0.686438 
0.478798 
0.326790 
0.218216 
0.142546 
0.091081 
0.056922 
0.034792 
0.020797 
0.012158 
0.006951 
0.003886 
0.002125 
0.001136 
0.000594 
0.000304 
0.000152 
0.000074 
0.000036 
0.000017 
0.000008 
0.000005 
0.000005 
-5.000000 
3.100424 
3.304607 
3.707770 
4.299335 
5.063081 
5.976949 
7.013079 
8.138236 
9.314702 
10.501630 
11.656753 
12.738291 
13.706862 
14.527202 
15.169599 
15.610956 
15.835503 
15.835213 
15.609972 
15.167549 
14.523353 
13.699931 
12.726146 
11.635967 
10.466854 
9.257804 
8.047192 
6.870593 
5.758825 
4.736429 
3.820740 
3.021625 
2.341878 
1.778151 
1.322273 
0.962730 
0.686146 
0.478595 
0.326652 
0.218125 
0.142487 
0.091044 
0.056899 
0.034778 
0.020789 
0.012153 
0.006948 
0.003885 
0.002124 
0.001136 
0.000594 
0.000304 
0.000152 
0.000074 
0.000036 
0.000017 
0.000008 
0.000005 
-5.000000 
-5.000000 
3.097521 
3.301506 
3.704281 
4.295275 
5.058283 
5.971268 
7.006396 
8.130465 
9.305793 
10.491573 
11.645577 
12.726069 
13.693702 
14.513248 
15.155024 
15.595953 
15.820283 
15.819993 
15.594970 
15.152976 
14.509402 
13.686777 
12.713935 
11.624810 
10.456827 
9.248947 
8.039504 
6.864039 
5.753343 
4.731931 
3.817121 
3.018772 
2.339673 
1.776484 
1.321038 
0.961835 
0.685511 
0.478155 
0.326354 
0.217927 
0.142358 
0.090962 
0.056848 
0.034747 
0.020771 
0.012143 
0.006942 
0.003881 
0.002122 
0.001135 
0.000594 
0.000304 
0.000152 
0.000074 
0.000036 
0.000017 
0.000008 
-5.000000 
-5.000000 
-5.000000 
3.092577 
3.296229 
3.698343 
4.288367 
5.050123 
5.961609 
6.995037 
8.117258 
9.290654 
10.474483 
11.626590 
12.705304 
13.671345 
14.489543 
15.130263 
15.570468 
15.794428 
15.794139 
15.569486 
15.128219 
14.485703 
13.664430 
12.693188 
11.605854 
10.439791 
9.233894 
8.026437 
6.852900 
5.744023 
4.724282 
3.810966 
3.013917 
2.335922 
1.773645 
1.318935 
0.960310 
0.684429 
0.477404 
0.325844 
0.217589 
0.142139 
0.090823 
0.056762 
0.034695 
0.020740 
0.012125 
0.006932 
0.003876 
0.002120 
0.001134 
0.000593 
0.000303 
0.000152 
0.000074 
0.000036 
0.000017 
-5.000000 
-5.000000 
-5.000000 
-5.000000 
3.084859 
3.287990 
3.689075 
4.277590 
5.037397 
5.946549 
6.977330 
8.096677 
9.267065 
10.447859 
11.597012 
12.672961 
13.636525 
14.452625 
15.091702 
15.530778 
15.754165 
15.753876 
15.529799 
15.089662 
14.448794 
13.629626 
12.660873 
11.576326 
10.413250 
9.210442 
8.006075 
6.835540 
5.729495 
4.712355 
3.801366 
3.006343 
2.330068 
1.769214 
1.315651 
0.957928 
0.682739 
0.476231 
0.325048 
0.217060 
0.141796 
0.090606 
0.056628 
0.034614 
0.020693 
0.012098 
0.006917 
0.003868 
0.002115 
0.001131 
0.000592 
0.000303 
0.000152 
0.000074 
0.000036 
-5.000000 
-5.000000 
-5.000000 
-5.000000 
-5.000000 
3.073344 
3.275700 
3.675257 
4.261528 
5.018436 
5.924118 
6.950964 
8.066035 
9.231952 
10.408235 
11.552996 
12.624833 
13.584714 
14.397696 
15.034331 
15.471729 
15.694262 
15.693974 
15.470753 
15.032298 
14.393878 
13.577840 
12.612788 
11.532384 
10.373750 
9.175534 
7.975763 
6.809691 
5.707859 
4.694590 
3.787062 
2.995055 
2.321341 
1.762605 
1.310752 
0.954374 
0.680215 
0.474479 
0.323858 
0.216270 
0.141284 
0.090282 
0.056427 
0.034493 
0.020622 
0.012057 
0.006895 
0.003856 
0.002109 
0.001128 
0.000591 
0.000302 
0.000152 
0.000074 
-5.000000 
-5.000000 
-5.000000 
-5.000000 
-5.000000 
-5.000000 
3.056709 
3.257950 
3.655304 
4.238343 
4.991077 
5.891763 
6.912942 
8.021858 
9.181338 
10.351125 
11.489564 
12.555481 
13.510061 
14.318552 
14.951672 
15.386655 
15.607959 
15.607673 
15.385684 
14.949649 
14.314755 
13.503222 
12.543499 
11.469060 
10.316822 
9.125218 
7.932064 
6.772420 
5.676658 
4.668964 
3.766424 
2.978764 
2.308741 
1.753062 
1.303676 
0.949238 
0.676568 
0.471946 
0.322138 
0.215129 
0.140544 
0.089814 
0.056139 
0.034320 
0.020520 
0.012000 
0.006863 
0.003840 
0.002101 
0.001125 
0.000589 
0.000302 
0.000152 
-5.000000 
-5.000000 
-5.000000 
-5.000000 
-5.000000 
-5.000000 
-5.000000 
3.033327 
3.233006 
3.627274 
4.205783 
4.952668 
5.846354 
6.859594 
7.959886 
9.110348 
10.271035 
11.400617 
12.458241 
13.405394 
14.207596 
14.835790 
15.267389 
15.486972 
15.486688 
15.266426 
14.833783 
14.203826 
13.398607 
12.446348 
11.380266 
10.236988 
9.054648 
7.870768 
6.720132 
5.632876 
4.632999 
3.737452 
2.955889 
2.291045 
1.739655 
1.293731 
0.942019 
0.671442 
0.468385 
0.319721 
0.213526 
0.139506 
0.089159 
0.055736 
0.034079 
0.020381 
0.011922 
0.006822 
0.003818 
0.002091 
0.001121 
0.000588 
0.000302 
-5.000000 
-5.000000 
-5.000000 
-5.000000 
-5.000000 
-5.000000 
-5.000000 
-5.000000 
3.001299 
3.198843 
3.588895 
4.161218 
4.900114 
5.784239 
6.786637 
7.875153 
9.013300 
10.161561 
11.279049 
12.325349 
13.262361 
14.055974 
14.677443 
15.104421 
15.321653 
15.321372 
15.103467 
14.675456 
14.052243 
13.255644 
12.313580 
11.258909 
10.127868 
8.958181 
7.786966 
6.648635 
5.573000 
4.583803 
3.697815 
2.924586 
2.266825 
1.721302 
1.280115 
0.932134 
0.664422 
0.463512 
0.316415 
0.211336 
0.138091 
0.088267 
0.055190 
0.033755 
0.020195 
0.011820 
0.006769 
0.003793 
0.002080 
0.001117 
0.000588 
-5.000000 
-5.000000 
-5.000000 
-5.000000 
-5.000000 
-5.000000 
-5.000000 
-5.000000 
-5.000000 
2.958519 
3.153219 
3.537656 
4.101737 
4.829992 
5.701381 
6.689337 
7.762169 
8.883914 
10.015625 
11.117006 
12.148225 
13.071732 
13.853906 
14.466417 
14.887241 
15.101342 
15.101065 
14.886301 
14.464458 
13.850228 
13.065109 
12.136622 
11.097151 
9.982410 
8.829576 
7.675233 
6.553295 
5.493145 
4.518182 
3.644935 
2.882819 
2.234503 
1.696806 
1.261943 
0.918943 
0.655058 
0.457015 
0.312012 
0.208425 
0.136215 
0.087092 
0.054476 
0.033337 
0.019960 
0.011695 
0.006707 
0.003766 
0.002072 
0.001117 
-5.000000 
-5.000000 
-5.000000 
-5.000000 
-5.000000 
-5.000000 
-5.000000 
-5.000000 
-5.000000 
-5.000000 
2.902791 
3.093795 
3.470934 
4.024306 
4.738733 
5.593574 
6.562766 
7.615219 
8.715654 
9.825864 
10.906320 
11.917946 
12.823905 
13.591218 
14.192093 
14.604922 
14.814955 
14.814683 
14.604000 
14.190171 
13.587610 
12.817408 
11.906562 
10.886840 
9.793277 
8.662343 
7.529925 
6.429293 
5.389271 
4.432812 
3.576133 
2.828470 
2.192442 
1.664931 
1.238300 
0.901788 
0.642888 
0.448581 
0.306308 
0.204665 
0.133805 
0.085593 
0.053576 
0.032818 
0.019677 
0.011552 
0.006644 
0.003746 
0.002072 
-5.000000 
-5.000000 
-5.000000 
-5.000000 
-5.000000 
-5.000000 
-5.000000 
-5.000000 
-5.000000 
-5.000000 
-5.000000 
2.831991 
3.018310 
3.386197 
3.925993 
4.622891 
5.456757 
6.402165 
7.428789 
8.502214 
9.585174 
10.639109 
11.625903 
12.509624 
13.258103 
13.844228 
14.246925 
14.451803 
14.451538 
14.246026 
13.842355 
13.254585 
12.503290 
11.614803 
10.620113 
9.553394 
8.450221 
7.345599 
6.271980 
5.257480 
4.324490 
3.488829 
2.759504 
2.139074 
1.624495 
1.208319 
0.880049 
0.627486 
0.437928 
0.299125 
0.199953 
0.130806 
0.083750 
0.052490 
0.032212 
0.019364 
0.011410 
0.006596 
0.003746 
-5.000000 
-5.000000 
-5.000000 
-5.000000 
-5.000000 
-5.000000 
-5.000000 
-5.000000 
-5.000000 
-5.000000 
-5.000000 
-5.000000 
2.744266 
2.924791 
3.281237 
3.804246 
4.479470 
5.287399 
6.203399 
7.198087 
8.238119 
9.287388 
10.308534 
11.264627 
12.120855 
12.846047 
13.413938 
13.804106 
14.002611 
14.002355 
13.803237 
13.412126 
12.842644 
12.114725 
11.253885 
10.290147 
9.256622 
8.187779 
7.117533 
6.077326 
5.094400 
4.190448 
3.380797 
2.674174 
2.073058 
1.574498 
1.171278 
0.853224 
0.608517 
0.424848 
0.290349 
0.194239 
0.127212 
0.081582 
0.051250 
0.031556 
0.019060 
0.011306 
0.006596 
-5.000000 
-5.000000 
-5.000000 
-5.000000 
-5.000000 
-5.000000 
-5.000000 
-5.000000 
-5.000000 
-5.000000 
-5.000000 
-5.000000 
-5.000000 
2.638264 
2.811800 
3.154446 
3.657206 
4.306286 
5.082933 
5.963464 
6.919635 
7.919393 
8.928029 
9.909631 
10.828699 
11.651769 
12.348879 
12.894778 
13.269838 
13.460656 
13.460411 
13.269005 
12.893043 
12.345619 
11.645895 
10.818400 
9.891996 
8.898512 
7.871083 
6.842310 
5.842420 
4.897598 
4.028697 
3.250450 
2.571246 
1.993463 
1.514265 
1.126708 
0.821012 
0.585809 
0.409266 
0.279970 
0.187559 
0.123088 
0.079168 
0.049943 
0.030934 
0.018841 
0.011306 
-5.000000 
-5.000000 
-5.000000 
-5.000000 
-5.000000 
-5.000000 
-5.000000 
-5.000000 
-5.000000 
-5.000000 
-5.000000 
-5.000000 
-5.000000 
-5.000000 
2.513358 
2.678670 
3.005080 
3.484015 
4.102337 
4.842180 
5.680984 
6.591842 
7.544222 
8.505058 
9.440141 
10.315654 
11.099718 
11.763791 
12.283820 
12.641107 
12.822883 
12.822652 
12.640321 
12.282181 
11.760707 
11.094156 
10.305894 
9.423418 
8.477051 
7.498357 
6.518396 
5.565963 
4.666003 
3.838381 
3.097128 
2.450234 
1.899960 
1.443595 
1.074521 
0.783410 
0.559429 
0.391297 
0.268140 
0.180084 
0.118611 
0.076685 
0.048734 
0.030498 
0.018841 
-5.000000 
-5.000000 
-5.000000 
-5.000000 
-5.000000 
-5.000000 
-5.000000 
-5.000000 
-5.000000 
-5.000000 
-5.000000 
-5.000000 
-5.000000 
-5.000000 
-5.000000 
2.369833 
2.525709 
2.833485 
3.285081 
3.868107 
4.565716 
5.356639 
6.215503 
7.113518 
8.019508 
8.901214 
9.726751 
10.466059 
11.092226 
11.582571 
11.919464 
12.090866 
12.090651 
11.918734 
11.581047 
11.089355 
10.460874 
9.717639 
8.885581 
7.993295 
7.070549 
6.146632 
5.248698 
4.400269 
3.620077 
2.921348 
2.311609 
1.792983 
1.362903 
1.015115 
0.740811 
0.529761 
0.371320 
0.255227 
0.172170 
0.114118 
0.074445 
0.047906 
0.030498 
-5.000000 
-5.000000 
-5.000000 
-5.000000 
-5.000000 
-5.000000 
-5.000000 
-5.000000 
-5.000000 
-5.000000 
-5.000000 
-5.000000 
-5.000000 
-5.000000 
-5.000000 
-5.000000 
2.209022 
2.354335 
2.641256 
3.062252 
3.605773 
4.256115 
4.993448 
5.794121 
6.631294 
7.475902 
8.297872 
9.067478 
9.756699 
10.340443 
10.797568 
11.111638 
11.271431 
11.271237 
11.110978 
10.796185 
10.337830 
9.751966 
9.059139 
8.283529 
7.451799 
6.591707 
5.730566 
4.893693 
4.103020 
3.376007 
2.724980 
2.156946 
1.673866 
1.273329 
0.949482 
0.694089 
0.497594 
0.350053 
0.241890 
0.164421 
0.110162 
0.072948 
0.047906 
-5.000000 
-5.000000 
-5.000000 
-5.000000 
-5.000000 
-5.000000 
-5.000000 
-5.000000 
-5.000000 
-5.000000 
-5.000000 
-5.000000 
-5.000000 
-5.000000 
-5.000000 
-5.000000 
-5.000000 
2.033333 
2.167116 
2.431271 
2.818863 
3.319260 
3.918005 
4.596843 
5.333997 
6.104758 
6.882365 
7.639132 
8.347689 
8.982237 
9.519676 
9.940541 
10.229700 
10.376824 
10.376655 
10.229126 
9.939331 
9.517376 
8.978046 
8.340266 
7.626305 
6.860723 
6.069086 
5.276550 
4.506433 
3.778931 
3.110117 
2.511329 
1.989000 
1.544912 
1.176812 
0.879273 
0.644676 
0.464187 
0.328624 
0.229150 
0.157764 
0.107582 
0.072948 
-5.000000 
-5.000000 
-5.000000 
-5.000000 
-5.000000 
-5.000000 
-5.000000 
-5.000000 
-5.000000 
-5.000000 
-5.000000 
-5.000000 
-5.000000 
-5.000000 
-5.000000 
-5.000000 
-5.000000 
-5.000000 
1.846179 
1.967686 
2.207603 
2.559632 
3.014119 
3.557934 
4.174497 
4.844030 
5.544089 
6.250370 
6.937722 
7.581288 
8.157634 
8.645778 
9.028043 
9.290684 
9.424323 
9.424186 
9.290216 
9.027045 
8.643859 
8.154096 
7.574956 
6.926681 
6.231593 
5.512932 
4.793561 
4.094673 
3.434617 
2.827988 
2.285070 
1.811679 
1.409390 
1.076108 
0.806843 
0.594615 
0.431346 
0.308648 
0.218467 
0.153525 
0.107582 
-5.000000 
-5.000000 
-5.000000 
-5.000000 
-5.000000 
-5.000000 
-5.000000 
-5.000000 
-5.000000 
-5.000000 
-5.000000 
-5.000000 
-5.000000 
-5.000000 
-5.000000 
-5.000000 
-5.000000 
-5.000000 
-5.000000 
1.651787 
1.760548 
1.975299 
2.290405 
2.697223 
3.184005 
3.735909 
4.335232 
4.961884 
5.594108 
6.209391 
6.785479 
7.301396 
7.738361 
8.080549 
8.315661 
8.435302 
8.435206 
8.315326 
8.079816 
7.736911 
7.298652 
6.780456 
6.200464 
5.578683 
4.935942 
4.292734 
3.668046 
3.078314 
2.536596 
2.052077 
1.629916 
1.271463 
0.974760 
0.735252 
0.546595 
0.401470 
0.292300 
0.211829 
0.153525 
-5.000000 
-5.000000 
-5.000000 
-5.000000 
-5.000000 
-5.000000 
-5.000000 
-5.000000 
-5.000000 
-5.000000 
-5.000000 
-5.000000 
-5.000000 
-5.000000 
-5.000000 
-5.000000 
-5.000000 
-5.000000 
-5.000000 
-5.000000 
1.454922 
1.550776 
1.740044 
2.017759 
2.376308 
2.805337 
3.291768 
3.819997 
4.372318 
4.929553 
5.471858 
5.979619 
6.434347 
6.819488 
7.121097 
7.328336 
7.433811 
7.433767 
7.328171 
7.120699 
6.818623 
6.432580 
5.976186 
5.465464 
4.918087 
4.352453 
3.786661 
3.237475 
2.719395 
2.243924 
1.819118 
1.449461 
1.136045 
0.877022 
0.668239 
0.503961 
0.377604 
0.282382 
0.211829 
-5.000000 
-5.000000 
-5.000000 
-5.000000 
-5.000000 
-5.000000 
-5.000000 
-5.000000 
-5.000000 
-5.000000 
-5.000000 
-5.000000 
-5.000000 
-5.000000 
-5.000000 
-5.000000 
-5.000000 
-5.000000 
-5.000000 
-5.000000 
-5.000000 
1.260530 
1.343639 
1.507740 
1.748531 
2.059412 
2.431408 
2.853179 
3.311199 
3.790113 
4.273292 
4.743528 
5.183812 
5.578112 
5.912077 
6.173615 
6.353334 
6.444828 
6.444852 
6.353389 
6.173646 
5.911954 
5.577571 
5.182343 
4.740216 
4.266572 
3.777423 
3.288518 
2.814435 
2.367767 
1.958474 
1.593489 
1.276601 
1.008612 
0.787737 
0.610166 
0.470712 
0.363467 
0.282382 
-5.000000 
-5.000000 
-5.000000 
-5.000000 
-5.000000 
-5.000000 
-5.000000 
-5.000000 
-5.000000 
-5.000000 
-5.000000 
-5.000000 
-5.000000 
-5.000000 
-5.000000 
-5.000000 
-5.000000 
-5.000000 
-5.000000 
-5.000000 
-5.000000 
-5.000000 
1.073376 
1.144209 
1.284072 
1.489301 
1.754272 
2.071337 
2.430833 
2.821232 
3.229445 
3.641297 
4.042120 
4.417415 
4.753517 
5.038193 
5.261143 
5.414364 
5.492407 
5.492519 
5.414707 
5.261730 
5.039024 
4.754528 
4.418406 
4.042617 
3.640357 
3.225361 
2.811134 
2.410164 
2.033212 
1.688749 
1.382606 
1.117863 
0.894994 
0.712207 
0.565948 
0.451478 
0.363467 
-5.000000 
-5.000000 
-5.000000 
-5.000000 
-5.000000 
-5.000000 
-5.000000 
-5.000000 
-5.000000 
-5.000000 
-5.000000 
-5.000000 
-5.000000 
-5.000000 
-5.000000 
-5.000000 
-5.000000 
-5.000000 
-5.000000 
-5.000000 
-5.000000 
-5.000000 
-5.000000 
0.897687 
0.956989 
1.074087 
1.245912 
1.467759 
1.733228 
2.034228 
2.361108 
2.702910 
3.047762 
3.383383 
3.697632 
3.979067 
4.217449 
4.404157 
4.532500 
4.597928 
4.598156 
4.533219 
4.405469 
4.219512 
3.982068 
3.701738 
3.388646 
3.053961 
2.709310 
2.366115 
2.034922 
1.724781 
1.442755 
1.193611 
0.979717 
0.801159 
0.656049 
0.540964 
0.451478 
-5.000000 
-5.000000 
-5.000000 
-5.000000 
-5.000000 
-5.000000 
-5.000000 
-5.000000 
-5.000000 
-5.000000 
-5.000000 
-5.000000 
-5.000000 
-5.000000 
-5.000000 
-5.000000 
-5.000000 
-5.000000 
-5.000000 
-5.000000 
-5.000000 
-5.000000 
-5.000000 
-5.000000 
0.736876 
0.785616 
0.881858 
1.023083 
1.205425 
1.423626 
1.671038 
1.939727 
2.220686 
2.504158 
2.780045 
3.038369 
3.269724 
3.465699 
3.619213 
3.724781 
3.778680 
3.779062 
3.725995 
3.621473 
3.469359 
3.275285 
3.046447 
2.791325 
2.519270 
2.240019 
1.963124 
1.697377 
1.450275 
1.227581 
1.033046 
0.868316 
0.733021 
0.625052 
0.540964 
-5.000000 
-5.000000 
-5.000000 
-5.000000 
-5.000000 
-5.000000 
-5.000000 
-5.000000 
-5.000000 
-5.000000 
-5.000000 
-5.000000 
-5.000000 
-5.000000 
-5.000000 
-5.000000 
-5.000000 
-5.000000 
-5.000000 
-5.000000 
-5.000000 
-5.000000 
-5.000000 
-5.000000 
-5.000000 
0.593351 
0.632655 
0.710264 
0.824149 
0.971195 
1.147163 
1.346693 
1.563388 
1.789984 
2.018611 
2.241124 
2.449478 
2.636089 
2.794178 
2.918047 
3.003286 
3.046923 
3.047504 
3.005145 
2.921535 
2.799904 
2.644938 
2.462625 
2.260020 
2.044909 
1.825389 
1.609396 
1.404192 
1.215899 
1.049106 
0.906607 
0.789302 
0.696277 
0.625052 
-5.000000 
-5.000000 
-5.000000 
-5.000000 
-5.000000 
-5.000000 
-5.000000 
-5.000000 
-5.000000 
-5.000000 
-5.000000 
-5.000000 
-5.000000 
-5.000000 
-5.000000 
-5.000000 
-5.000000 
-5.000000 
-5.000000 
-5.000000 
-5.000000 
-5.000000 
-5.000000 
-5.000000 
-5.000000 
-5.000000 
0.468444 
0.499524 
0.560897 
0.650958 
0.767246 
0.906410 
1.064213 
1.235596 
1.414814 
1.595643 
1.771643 
1.936449 
2.084070 
2.209151 
2.307200 
2.374754 
2.409497 
2.410336 
2.377445 
2.312271 
2.217526 
2.097118 
1.956037 
1.800160 
1.635977 
1.470236 
1.309525 
1.159826 
1.026085 
0.911846 
0.818997 
0.747665 
0.696277 
-5.000000 
-5.000000 
-5.000000 
-5.000000 
-5.000000 
-5.000000 
-5.000000 
-5.000000 
-5.000000 
-5.000000 
-5.000000 
-5.000000 
-5.000000 
-5.000000 
-5.000000 
-5.000000 
-5.000000 
-5.000000 
-5.000000 
-5.000000 
-5.000000 
-5.000000 
-5.000000 
-5.000000 
-5.000000 
-5.000000 
-5.000000 
0.362442 
0.386533 
0.434106 
0.503917 
0.594062 
0.701943 
0.824278 
0.957145 
1.096090 
1.236289 
1.372750 
1.500542 
1.615025 
1.712061 
1.788184 
1.840743 
1.867993 
1.869162 
1.844493 
1.795267 
1.723795 
1.633383 
1.528242 
1.413335 
1.294142 
1.176358 
1.065514 
0.966567 
0.883491 
0.818919 
0.773877 
0.747665 
-5.000000 
-5.000000 
-5.000000 
-5.000000 
-5.000000 
-5.000000 
-5.000000 
-5.000000 
-5.000000 
-5.000000 
-5.000000 
-5.000000 
-5.000000 
-5.000000 
-5.000000 
-5.000000 
-5.000000 
-5.000000 
-5.000000 
-5.000000 
-5.000000 
-5.000000 
-5.000000 
-5.000000 
-5.000000 
-5.000000 
-5.000000 
-5.000000 
0.274717 
0.293014 
0.329145 
0.382169 
0.450639 
0.532584 
0.625512 
0.726443 
0.831997 
0.938508 
1.042187 
1.139292 
1.226307 
1.300103 
1.358076 
1.398253 
1.419375 
1.420957 
1.403333 
1.367681 
1.316042 
1.251293 
1.177092 
1.097749 
1.018029 
0.942873 
0.877045 
0.824737 
0.789153 
0.772134 
0.773877 
-5.000000 
-5.000000 
-5.000000 
-5.000000 
-5.000000 
-5.000000 
-5.000000 
-5.000000 
-5.000000 
-5.000000 
-5.000000 
-5.000000 
-5.000000 
-5.000000 
-5.000000 
-5.000000 
-5.000000 
-5.000000 
-5.000000 
-5.000000 
-5.000000 
-5.000000 
-5.000000 
-5.000000 
-5.000000 
-5.000000 
-5.000000 
-5.000000 
-5.000000 
0.203915 
0.217527 
0.244407 
0.283854 
0.334796 
0.395765 
0.464908 
0.540011 
0.618558 
0.697823 
0.774989 
0.847279 
0.912088 
0.967108 
1.010436 
1.040661 
1.056934 
1.059027 
1.047383 
1.023152 
0.988224 
0.945224 
0.897476 
0.848896 
0.803819 
0.766726 
0.741903 
0.733024 
0.742714 
0.772134 
-5.000000 
-5.000000 
-5.000000 
-5.000000 
-5.000000 
-5.000000 
-5.000000 
-5.000000 
-5.000000 
-5.000000 
-5.000000 
-5.000000 
-5.000000 
-5.000000 
-5.000000 
-5.000000 
-5.000000 
-5.000000 
-5.000000 
-5.000000 
-5.000000 
-5.000000 
-5.000000 
-5.000000 
-5.000000 
-5.000000 
-5.000000 
-5.000000 
-5.000000 
-5.000000 
0.148184 
0.158100 
0.177682 
0.206420 
0.243532 
0.287953 
0.338332 
0.393056 
0.450294 
0.508063 
0.564313 
0.617030 
0.664331 
0.704561 
0.736380 
0.758830 
0.771409 
0.774123 
0.767544 
0.752868 
0.731951 
0.707331 
0.682210 
0.660358 
0.645952 
0.643299 
0.656475 
0.688873 
0.742714 
-5.000000 
-5.000000 
-5.000000 
-5.000000 
-5.000000 
-5.000000 
-5.000000 
-5.000000 
-5.000000 
-5.000000 
-5.000000 
-5.000000 
-5.000000 
-5.000000 
-5.000000 
-5.000000 
-5.000000 
-5.000000 
-5.000000 
-5.000000 
-5.000000 
-5.000000 
-5.000000 
-5.000000 
-5.000000 
-5.000000 
-5.000000 
-5.000000 
-5.000000 
-5.000000 
-5.000000 
0.105399 
0.112470 
0.126435 
0.146931 
0.173400 
0.205084 
0.241020 
0.280059 
0.320896 
0.362120 
0.402274 
0.439933 
0.473774 
0.502650 
0.525663 
0.542224 
0.552118 
0.555572 
0.553313 
0.546646 
0.537509 
0.528511 
0.522925 
0.524610 
0.537839 
0.567012 
0.616246 
0.688873 
-5.000000 
-5.000000 
-5.000000 
-5.000000 
-5.000000 
-5.000000 
-5.000000 
-5.000000 
-5.000000 
-5.000000 
-5.000000 
-5.000000 
-5.000000 
-5.000000 
-5.000000 
-5.000000 
-5.000000 
-5.000000 
-5.000000 
-5.000000 
-5.000000 
-5.000000 
-5.000000 
-5.000000 
-5.000000 
-5.000000 
-5.000000 
-5.000000 
-5.000000 
-5.000000 
-5.000000 
-5.000000 
0.073359 
0.078295 
0.088043 
0.102350 
0.120828 
0.142948 
0.168038 
0.195298 
0.223820 
0.252620 
0.280692 
0.307052 
0.330803 
0.351189 
0.367653 
0.379903 
0.387971 
0.392291 
0.393775 
0.393901 
0.394792 
0.399270 
0.410865 
0.433736 
0.472492 
0.531864 
0.616246 
-5.000000 
-5.000000 
-5.000000 
-5.000000 
-5.000000 
-5.000000 
-5.000000 
-5.000000 
-5.000000 
-5.000000 
-5.000000 
-5.000000 
-5.000000 
-5.000000 
-5.000000 
-5.000000 
-5.000000 
-5.000000 
-5.000000 
-5.000000 
-5.000000 
-5.000000 
-5.000000 
-5.000000 
-5.000000 
-5.000000 
-5.000000 
-5.000000 
-5.000000 
-5.000000 
-5.000000 
-5.000000 
-5.000000 
0.049955 
0.053327 
0.059985 
0.069758 
0.082382 
0.097494 
0.114638 
0.133269 
0.152767 
0.172468 
0.191692 
0.209785 
0.226166 
0.240372 
0.252114 
0.261335 
0.268286 
0.273603 
0.278410 
0.284419 
0.294033 
0.310419 
0.337527 
0.380013 
0.443030 
0.531864 
-5.000000 
-5.000000 
-5.000000 
-5.000000 
-5.000000 
-5.000000 
-5.000000 
-5.000000 
-5.000000 
-5.000000 
-5.000000 
-5.000000 
-5.000000 
-5.000000 
-5.000000 
-5.000000 
-5.000000 
-5.000000 
-5.000000 
-5.000000 
-5.000000 
-5.000000 
-5.000000 
-5.000000 
-5.000000 
-5.000000 
-5.000000 
-5.000000 
-5.000000 
-5.000000 
-5.000000 
-5.000000 
-5.000000 
-5.000000 
0.033278 
0.035531 
0.039981 
0.046513 
0.054951 
0.065054 
0.076518 
0.088979 
0.102028 
0.115225 
0.128130 
0.140327 
0.151465 
0.161301 
0.169752 
0.176958 
0.183362 
0.189808 
0.197656 
0.208908 
0.226335 
0.253564 
0.295113 
0.356303 
0.443030 
-5.000000 
-5.000000 
-5.000000 
-5.000000 
-5.000000 
-5.000000 
-5.000000 
-5.000000 
-5.000000 
-5.000000 
-5.000000 
-5.000000 
-5.000000 
-5.000000 
-5.000000 
-5.000000 
-5.000000 
-5.000000 
-5.000000 
-5.000000 
-5.000000 
-5.000000 
-5.000000 
-5.000000 
-5.000000 
-5.000000 
-5.000000 
-5.000000 
-5.000000 
-5.000000 
-5.000000 
-5.000000 
-5.000000 
-5.000000 
-5.000000 
0.021682 
0.023156 
0.026065 
0.030337 
0.035855 
0.042464 
0.049965 
0.058122 
0.066673 
0.075337 
0.083841 
0.091939 
0.099449 
0.106291 
0.112544 
0.118513 
0.124820 
0.132522 
0.143241 
0.159321 
0.183973 
0.221391 
0.276787 
0.356303 
-5.000000 
-5.000000 
-5.000000 
-5.000000 
-5.000000 
-5.000000 
-5.000000 
-5.000000 
-5.000000 
-5.000000 
-5.000000 
-5.000000 
-5.000000 
-5.000000 
-5.000000 
-5.000000 
-5.000000 
-5.000000 
-5.000000 
-5.000000 
-5.000000 
-5.000000 
-5.000000 
-5.000000 
-5.000000 
-5.000000 
-5.000000 
-5.000000 
-5.000000 
-5.000000 
-5.000000 
-5.000000 
-5.000000 
-5.000000 
-5.000000 
-5.000000 
0.013817 
0.014759 
0.016620 
0.019353 
0.022884 
0.027113 
0.031916 
0.037145 
0.042635 
0.048217 
0.053733 
0.059058 
0.064130 
0.068995 
0.073859 
0.079173 
0.085731 
0.094806 
0.108312 
0.128975 
0.160516 
0.207780 
0.276787 
-5.000000 
-5.000000 
-5.000000 
-5.000000 
-5.000000 
-5.000000 
-5.000000 
-5.000000 
-5.000000 
-5.000000 
-5.000000 
-5.000000 
-5.000000 
-5.000000 
-5.000000 
-5.000000 
-5.000000 
-5.000000 
-5.000000 
-5.000000 
-5.000000 
-5.000000 
-5.000000 
-5.000000 
-5.000000 
-5.000000 
-5.000000 
-5.000000 
-5.000000 
-5.000000 
-5.000000 
-5.000000 
-5.000000 
-5.000000 
-5.000000 
-5.000000 
-5.000000 
0.008610 
0.009200 
0.010364 
0.012075 
0.014285 
0.016934 
0.019945 
0.023227 
0.026686 
0.030224 
0.033765 
0.037266 
0.040756 
0.044372 
0.048432 
0.053515 
0.060584 
0.071140 
0.087405 
0.112529 
0.150797 
0.207780 
-5.000000 
-5.000000 
-5.000000 
-5.000000 
-5.000000 
-5.000000 
-5.000000 
-5.000000 
-5.000000 
-5.000000 
-5.000000 
-5.000000 
-5.000000 
-5.000000 
-5.000000 
-5.000000 
-5.000000 
-5.000000 
-5.000000 
-5.000000 
-5.000000 
-5.000000 
-5.000000 
-5.000000 
-5.000000 
-5.000000 
-5.000000 
-5.000000 
-5.000000 
-5.000000 
-5.000000 
-5.000000 
-5.000000 
-5.000000 
-5.000000 
-5.000000 
-5.000000 
-5.000000 
0.005247 
0.005608 
0.006321 
0.007368 
0.008722 
0.010346 
0.012194 
0.014217 
0.016360 
0.018578 
0.020848 
0.023188 
0.025689 
0.028568 
0.032233 
0.037387 
0.045159 
0.057284 
0.076315 
0.105856 
0.150797 
-5.000000 
-5.000000 
-5.000000 
-5.000000 
-5.000000 
-5.000000 
-5.000000 
-5.000000 
-5.000000 
-5.000000 
-5.000000 
-5.000000 
-5.000000 
-5.000000 
-5.000000 
-5.000000 
-5.000000 
-5.000000 
-5.000000 
-5.000000 
-5.000000 
-5.000000 
-5.000000 
-5.000000 
-5.000000 
-5.000000 
-5.000000 
-5.000000 
-5.000000 
-5.000000 
-5.000000 
-5.000000 
-5.000000 
-5.000000 
-5.000000 
-5.000000 
-5.000000 
-5.000000 
-5.000000 
0.003127 
0.003343 
0.003770 
0.004397 
0.005209 
0.006184 
0.007298 
0.008523 
0.009836 
0.011225 
0.012702 
0.014328 
0.016245 
0.018733 
0.022283 
0.027714 
0.036325 
0.050091 
0.071907 
0.105856 
-5.000000 
-5.000000 
-5.000000 
-5.000000 
-5.000000 
-5.000000 
-5.000000 
-5.000000 
-5.000000 
-5.000000 
-5.000000 
-5.000000 
-5.000000 
-5.000000 
-5.000000 
-5.000000 
-5.000000 
-5.000000 
-5.000000 
-5.000000 
-5.000000 
-5.000000 
-5.000000 
-5.000000 
-5.000000 
-5.000000 
-5.000000 
-5.000000 
-5.000000 
-5.000000 
-5.000000 
-5.000000 
-5.000000 
-5.000000 
-5.000000 
-5.000000 
-5.000000 
-5.000000 
-5.000000 
-5.000000 
0.001822 
0.001949 
0.002199 
0.002567 
0.003043 
0.003618 
0.004278 
0.005012 
0.005815 
0.006697 
0.007696 
0.008904 
0.010504 
0.012830 
0.016450 
0.022296 
0.031835 
0.047289 
0.071907 
-5.000000 
-5.000000 
-5.000000 
-5.000000 
-5.000000 
-5.000000 
-5.000000 
-5.000000 
-5.000000 
-5.000000 
-5.000000 
-5.000000 
-5.000000 
-5.000000 
-5.000000 
-5.000000 
-5.000000 
-5.000000 
-5.000000 
-5.000000 
-5.000000 
-5.000000 
-5.000000 
-5.000000 
-5.000000 
-5.000000 
-5.000000 
-5.000000 
-5.000000 
-5.000000 
-5.000000 
-5.000000 
-5.000000 
-5.000000 
-5.000000 
-5.000000 
-5.000000 
-5.000000 
-5.000000 
-5.000000 
-5.000000 
0.001038 
0.001111 
0.001254 
0.001466 
0.001741 
0.002074 
0.002460 
0.002900 
0.003398 
0.003980 
0.004703 
0.005683 
0.007137 
0.009446 
0.013253 
0.019600 
0.030122 
0.047289 
-5.000000 
-5.000000 
-5.000000 
-5.000000 
-5.000000 
-5.000000 
-5.000000 
-5.000000 
-5.000000 
-5.000000 
-5.000000 
-5.000000 
-5.000000 
-5.000000 
-5.000000 
-5.000000 
-5.000000 
-5.000000 
-5.000000 
-5.000000 
-5.000000 
-5.000000 
-5.000000 
-5.000000 
-5.000000 
-5.000000 
-5.000000 
-5.000000 
-5.000000 
-5.000000 
-5.000000 
-5.000000 
-5.000000 
-5.000000 
-5.000000 
-5.000000 
-5.000000 
-5.000000 
-5.000000 
-5.000000 
-5.000000 
-5.000000 
0.000578 
0.000619 
0.000700 
0.000819 
0.000975 
0.001166 
0.001393 
0.001660 
0.001982 
0.002394 
0.002967 
0.003837 
0.005250 
0.007632 
0.011696 
0.018593 
0.030122 
-5.000000 
-5.000000 
-5.000000 
-5.000000 
-5.000000 
-5.000000 
-5.000000 
-5.000000 
-5.000000 
-5.000000 
-5.000000 
-5.000000 
-5.000000 
-5.000000 
-5.000000 
-5.000000 
-5.000000 
-5.000000 
-5.000000 
-5.000000 
-5.000000 
-5.000000 
-5.000000 
-5.000000 
-5.000000 
-5.000000 
-5.000000 
-5.000000 
-5.000000 
-5.000000 
-5.000000 
-5.000000 
-5.000000 
-5.000000 
-5.000000 
-5.000000 
-5.000000 
-5.000000 
-5.000000 
-5.000000 
-5.000000 
-5.000000 
-5.000000 
0.000315 
0.000338 
0.000382 
0.000449 
0.000536 
0.000646 
0.000781 
0.000950 
0.001174 
0.001495 
0.001994 
0.002826 
0.004261 
0.006768 
0.011126 
0.018593 
-5.000000 
-5.000000 
-5.000000 
-5.000000 
-5.000000 
-5.000000 
-5.000000 
-5.000000 
-5.000000 
-5.000000 
-5.000000 
-5.000000 
-5.000000 
-5.000000 
-5.000000 
-5.000000 
-5.000000 
-5.000000 
-5.000000 
-5.000000 
-5.000000 
-5.000000 
-5.000000 
-5.000000 
-5.000000 
-5.000000 
-5.000000 
-5.000000 
-5.000000 
-5.000000 
-5.000000 
-5.000000 
-5.000000 
-5.000000 
-5.000000 
-5.000000 
-5.000000 
-5.000000 
-5.000000 
-5.000000 
-5.000000 
-5.000000 
-5.000000 
-5.000000 
0.000168 
0.000180 
0.000205 
0.000241 
0.000291 
0.000355 
0.000440 
0.000555 
0.000727 
0.001003 
0.001473 
0.002307 
0.003799 
0.006458 
0.011126 
-5.000000 
-5.000000 
-5.000000 
-5.000000 
-5.000000 
-5.000000 
-5.000000 
-5.000000 
-5.000000 
-5.000000 
-5.000000 
-5.000000 
-5.000000 
-5.000000 
-5.000000 
-5.000000 
-5.000000 
-5.000000 
-5.000000 
-5.000000 
-5.000000 
-5.000000 
-5.000000 
-5.000000 
-5.000000 
-5.000000 
-5.000000 
-5.000000 
-5.000000 
-5.000000 
-5.000000 
-5.000000 
-5.000000 
-5.000000 
-5.000000 
-5.000000 
-5.000000 
-5.000000 
-5.000000 
-5.000000 
-5.000000 
-5.000000 
-5.000000 
-5.000000 
-5.000000 
0.000088 
0.000094 
0.000108 
0.000128 
0.000157 
0.000197 
0.000254 
0.000342 
0.000488 
0.000745 
0.001212 
0.002070 
0.003637 
0.006458 
-5.000000 
-5.000000 
-5.000000 
-5.000000 
-5.000000 
-5.000000 
-5.000000 
-5.000000 
-5.000000 
-5.000000 
-5.000000 
-5.000000 
-5.000000 
-5.000000 
-5.000000 
-5.000000 
-5.000000 
-5.000000 
-5.000000 
-5.000000 
-5.000000 
-5.000000 
-5.000000 
-5.000000 
-5.000000 
-5.000000 
-5.000000 
-5.000000 
-5.000000 
-5.000000 
-5.000000 
-5.000000 
-5.000000 
-5.000000 
-5.000000 
-5.000000 
-5.000000 
-5.000000 
-5.000000 
-5.000000 
-5.000000 
-5.000000 
-5.000000 
-5.000000 
-5.000000 
-5.000000 
0.000045 
0.000049 
0.000056 
0.000068 
0.000085 
0.000112 
0.000156 
0.000230 
0.000366 
0.000619 
0.001096 
0.001989 
0.003637 
-5.000000 
-5.000000 
-5.000000 
-5.000000 
-5.000000 
-5.000000 
-5.000000 
-5.000000 
-5.000000 
-5.000000 
-5.000000 
-5.000000 
-5.000000 
-5.000000 
-5.000000 
-5.000000 
-5.000000 
-5.000000 
-5.000000 
-5.000000 
-5.000000 
-5.000000 
-5.000000 
-5.000000 
-5.000000 
-5.000000 
-5.000000 
-5.000000 
-5.000000 
-5.000000 
-5.000000 
-5.000000 
-5.000000 
-5.000000 
-5.000000 
-5.000000 
-5.000000 
-5.000000 
-5.000000 
-5.000000 
-5.000000 
-5.000000 
-5.000000 
-5.000000 
-5.000000 
-5.000000 
-5.000000 
0.000023 
0.000025 
0.000029 
0.000036 
0.000048 
0.000069 
0.000105 
0.000174 
0.000307 
0.000564 
0.001056 
0.001989 
-5.000000 
-5.000000 
-5.000000 
-5.000000 
-5.000000 
-5.000000 
-5.000000 
-5.000000 
-5.000000 
-5.000000 
-5.000000 
-5.000000 
-5.000000 
-5.000000 
-5.000000 
-5.000000 
-5.000000 
-5.000000 
-5.000000 
-5.000000 
-5.000000 
-5.000000 
-5.000000 
-5.000000 
-5.000000 
-5.000000 
-5.000000 
-5.000000 
-5.000000 
-5.000000 
-5.000000 
-5.000000 
-5.000000 
-5.000000 
-5.000000 
-5.000000 
-5.000000 
-5.000000 
-5.000000 
-5.000000 
-5.000000 
-5.000000 
-5.000000 
-5.000000 
-5.000000 
-5.000000 
-5.000000 
-5.000000 
0.000011 
0.000013 
0.000015 
0.000020 
0.000030 
0.000047 
0.000081 
0.000148 
0.000282 
0.000545 
0.001056 
-5.000000 
-5.000000 
-5.000000 
-5.000000 
-5.000000 
-5.000000 
-5.000000 
-5.000000 
-5.000000 
-5.000000 
-5.000000 
-5.000000 
-5.000000 
-5.000000 
-5.000000 
-5.000000 
-5.000000 
-5.000000 
-5.000000 
-5.000000 
-5.000000 
-5.000000 
-5.000000 
-5.000000 
-5.000000 
-5.000000 
-5.000000 
-5.000000 
-5.000000 
-5.000000 
-5.000000 
-5.000000 
-5.000000 
-5.000000 
-5.000000 
-5.000000 
-5.000000 
-5.000000 
-5.000000 
-5.000000 
-5.000000 
-5.000000 
-5.000000 
-5.000000 
-5.000000 
-5.000000 
-5.000000 
-5.000000 
-5.000000 
0.000006 
0.000006 
0.000008 
0.000012 
0.000020 
0.000037 
0.000070 
0.000137 
0.000274 
0.000545 
-5.000000 
-5.000000 
-5.000000 
-5.000000 
-5.000000 
-5.000000 
-5.000000 
-5.000000 
-5.000000 
-5.000000 
-5.000000 
-5.000000 
-5.000000 
-5.000000 
-5.000000 
-5.000000 
-5.000000 
-5.000000 
-5.000000 
-5.000000 
-5.000000 
-5.000000 
-5.000000 
-5.000000 
-5.000000 
-5.000000 
-5.000000 
-5.000000 
-5.000000 
-5.000000 
-5.000000 
-5.000000 
-5.000000 
-5.000000 
-5.000000 
-5.000000 
-5.000000 
-5.000000 
-5.000000 
-5.000000 
-5.000000 
-5.000000 
-5.000000 
-5.000000 
-5.000000 
-5.000000 
-5.000000 
-5.000000 
-5.000000 
-5.000000 
0.000003 
0.000004 
0.000005 
0.000009 
0.000016 
0.000032 
0.000065 
0.000134 
0.000274 
-5.000000 
-5.000000 
-5.000000 
-5.000000 
-5.000000 
-5.000000 
-5.000000 
-5.000000 
-5.000000 
-5.000000 
-5.000000 
-5.000000 
-5.000000 
-5.000000 
-5.000000 
-5.000000 
-5.000000 
-5.000000 
-5.000000 
-5.000000 
-5.000000 
-5.000000 
-5.000000 
-5.000000 
-5.000000 
-5.000000 
-5.000000 
-5.000000 
-5.000000 
-5.000000 
-5.000000 
-5.000000 
-5.000000 
-5.000000 
-5.000000 
-5.000000 
-5.000000 
-5.000000 
-5.000000 
-5.000000 
-5.000000 
-5.000000 
-5.000000 
-5.000000 
-5.000000 
-5.000000 
-5.000000 
-5.000000 
-5.000000 
-5.000000 
-5.000000 
0.000002 
0.000002 
0.000004 
0.000007 
0.000014 
0.000030 
0.000064 
0.000134 
-5.000000 
-5.000000 
-5.000000 
-5.000000 
-5.000000 
-5.000000 
-5.000000 
-5.000000 
-5.000000 
-5.000000 
-5.000000 
-5.000000 
-5.000000 
-5.000000 
-5.000000 
-5.000000 
-5.000000 
-5.000000 
-5.000000 
-5.000000 
-5.000000 
-5.000000 
-5.000000 
-5.000000 
-5.000000 
-5.000000 
-5.000000 
-5.000000 
-5.000000 
-5.000000 
-5.000000 
-5.000000 
-5.000000 
-5.000000 
-5.000000 
-5.000000 
-5.000000 
-5.000000 
-5.000000 
-5.000000 
-5.000000 
-5.000000 
-5.000000 
-5.000000 
-5.000000 
-5.000000 
-5.000000 
-5.000000 
-5.000000 
-5.000000 
-5.000000 
-5.000000 
0.000001 
0.000002 
0.000003 
0.000006 
0.000014 
0.000029 
0.000064 
-5.000000 
-5.000000 
-5.000000 
-5.000000 
-5.000000 
-5.000000 
-5.000000 
-5.000000 
-5.000000 
-5.000000 
-5.000000 
-5.000000 
-5.000000 
-5.000000 
-5.000000 
-5.000000 
-5.000000 
-5.000000 
-5.000000 
-5.000000 
-5.000000 
-5.000000 
-5.000000 
-5.000000 
-5.000000 
-5.000000 
-5.000000 
-5.000000 
-5.000000 
-5.000000 
-5.000000 
-5.000000 
-5.000000 
-5.000000 
-5.000000 
-5.000000 
-5.000000 
-5.000000 
-5.000000 
-5.000000 
-5.000000 
-5.000000 
-5.000000 
-5.000000 
-5.000000 
-5.000000 
-5.000000 
-5.000000 
-5.000000 
-5.000000 
-5.000000 
-5.000000 
-5.000000 
0.000001 
0.000001 
0.000003 
0.000006 
0.000013 
0.000029 
-5.000000 
-5.000000 
-5.000000 
-5.000000 
-5.000000 
-5.000000 
-5.000000 
-5.000000 
-5.000000 
-5.000000 
-5.000000 
-5.000000 
-5.000000 
-5.000000 
-5.000000 
-5.000000 
-5.000000 
-5.000000 
-5.000000 
-5.000000 
-5.000000 
-5.000000 
-5.000000 
-5.000000 
-5.000000 
-5.000000 
-5.000000 
-5.000000 
-5.000000 
-5.000000 
-5.000000 
-5.000000 
-5.000000 
-5.000000 
-5.000000 
-5.000000 
-5.000000 
-5.000000 
-5.000000 
-5.000000 
-5.000000 
-5.000000 
-5.000000 
-5.000000 
-5.000000 
-5.000000 
-5.000000 
-5.000000 
-5.000000 
-5.000000 
-5.000000 
-5.000000 
-5.000000 
-5.000000 
0.000001 
0.000001 
0.000003 
0.000006 
0.000013 
-5.000000 
-5.000000 
-5.000000 
-5.000000 
-5.000000 
-5.000000 
-5.000000 
-5.000000 
-5.000000 
-5.000000 
-5.000000 
-5.000000 
-5.000000 
-5.000000 
-5.000000 
-5.000000 
-5.000000 
-5.000000 
-5.000000 
-5.000000 
-5.000000 
-5.000000 
-5.000000 
-5.000000 
-5.000000 
-5.000000 
-5.000000 
-5.000000 
-5.000000 
-5.000000 
-5.000000 
-5.000000 
-5.000000 
-5.000000 
-5.000000 
-5.000000 
-5.000000 
-5.000000 
-5.000000 
-5.000000 
-5.000000 
-5.000000 
-5.000000 
-5.000000 
-5.000000 
-5.000000 
-5.000000 
-5.000000 
-5.000000 
-5.000000 
-5.000000 
-5.000000 
-5.000000 
-5.000000 
-5.000000 
0.000001 
0.000001 
0.000003 
0.000006 
-5.000000 
-5.000000 
-5.000000 
-5.000000 
-5.000000 
-5.000000 
-5.000000 
-5.000000 
-5.000000 
-5.000000 
-5.000000 
-5.000000 
-5.000000 
-5.000000 
-5.000000 
-5.000000 
-5.000000 
-5.000000 
-5.000000 
-5.000000 
-5.000000 
-5.000000 
-5.000000 
-5.000000 
-5.000000 
-5.000000 
-5.000000 
-5.000000 
-5.000000 
-5.000000 
-5.000000 
-5.000000 
-5.000000 
-5.000000 
-5.000000 
-5.000000 
-5.000000 
-5.000000 
-5.000000 
-5.000000 
-5.000000 
-5.000000 
-5.000000 
-5.000000 
-5.000000 
-5.000000 
-5.000000 
-5.000000 
-5.000000 
-5.000000 
-5.000000 
-5.000000 
-5.000000 
-5.000000 
-5.000000 
-5.000000 
0.000001 
0.000001 
0.000003 
-5.000000 
-5.000000 
-5.000000 
-5.000000 
-5.000000 
-5.000000 
-5.000000 
-5.000000 
-5.000000 
-5.000000 
-5.000000 
-5.000000 
-5.000000 
-5.000000 
-5.000000 
-5.000000 
-5.000000 
-5.000000 
-5.000000 
-5.000000 
-5.000000 
-5.000000 
-5.000000 
-5.000000 
-5.000000 
-5.000000 
-5.000000 
-5.000000 
-5.000000 
-5.000000 
-5.000000 
-5.000000 
-5.000000 
-5.000000 
-5.000000 
-5.000000 
-5.000000 
-5.000000 
-5.000000 
-5.000000 
-5.000000 
-5.000000 
-5.000000 
-5.000000 
-5.000000 
-5.000000 
-5.000000 
-5.000000 
-5.000000 
-5.000000 
-5.000000 
-5.000000 
-5.000000 
-5.000000 
-5.000000 
-5.000000 
-5.000000 
0.000001 
0.000001 
-5.000000 
-5.000000 
-5.000000 
-5.000000 
-5.000000 
-5.000000 
-5.000000 
-5.000000 
-5.000000 
-5.000000 
-5.000000 
-5.000000 
-5.000000 
-5.000000 
-5.000000 
-5.000000 
-5.000000 
-5.000000 
-5.000000 
-5.000000 
-5.000000 
-5.000000 
-5.000000 
-5.000000 
-5.000000 
-5.000000 
-5.000000 
-5.000000 
-5.000000 
-5.000000 
-5.000000 
-5.000000 
-5.000000 
-5.000000 
-5.000000 
-5.000000 
-5.000000 
-5.000000 
-5.000000 
-5.000000 
-5.000000 
-5.000000 
-5.000000 
-5.000000 
-5.000000 
-5.000000 
-5.000000 
-5.000000 
-5.000000 
-5.000000 
-5.000000 
-5.000000 
-5.000000 
-5.000000 
-5.000000 
-5.000000 
-5.000000 
-5.000000 
0.000001 
-5.000000 
-5.000000 
-5.000000 
-5.000000 
-5.000000 
-5.000000 
-5.000000 
-5.000000 
-5.000000 
-5.000000 
-5.000000 
-5.000000 
-5.000000 
-5.000000 
-5.000000 
-5.000000 
-5.000000 
-5.000000 
-5.000000 
-5.000000 
-5.000000 
-5.000000 
-5.000000 
-5.000000 
-5.000000 
-5.000000 
-5.000000 
-5.000000 
-5.000000 
-5.000000 
-5.000000 
-5.000000 
-5.000000 
-5.000000 
-5.000000 
-5.000000 
-5.000000 
-5.000000 
-5.000000 
-5.000000 
-5.000000 
-5.000000 
-5.000000 
-5.000000 
-5.000000 
-5.000000 
-5.000000 
-5.000000 
-5.000000 
-5.000000 
-5.000000 
-5.000000 
-5.000000 
-5.000000 
-5.000000 
-5.000000 
-5.000000 
-5.000000 
-5.000000 
-5.000000 
-5.000000 
-5.000000 
-5.000000 
-5.000000 
-5.000000 
-5.000000 
-5.000000 
-5.000000 
-5.000000 
-5.000000 
-5.000000 
-5.000000 
-5.000000 
-5.000000 
-5.000000 
-5.000000 
-5.000000 
-5.000000 
-5.000000 
-5.000000 
-5.000000 
-5.000000 
-5.000000 
-5.000000 
-5.000000 
-5.000000 
-5.000000 
-5.000000 
-5.000000 
-5.000000 
-5.000000 
-5.000000 
-5.000000 
-5.000000 
-5.000000 
-5.000000 
-5.000000 
-5.000000 
-5.000000 
-5.000000 
-5.000000 
-5.000000 
-5.000000 
-5.000000 
-5.000000 
-5.000000 
-5.000000 
-5.000000 
-5.000000 
-5.000000 
-5.000000 
-5.000000 
-5.000000 
-5.000000 
-5.000000 
-5.000000 
-5.000000 
-5.000000 
-5.000000 
