# x = , y = ,(t = 0.064)
0.010000 8.160174
0.020000 8.156746
0.030000 8.150235
0.040000 8.140647
0.050000 8.127993
0.060000 8.112283
0.070000 8.093532
0.080000 8.071758
0.090000 8.046980
0.100000 8.019221
0.110000 7.988507
0.120000 7.954867
0.130000 7.918331
0.140000 7.878933
0.150000 7.836710
0.160000 7.791701
0.170000 7.743949
0.180000 7.693498
0.190000 7.640395
0.200000 7.584691
0.210000 7.526439
0.220000 7.465693
0.230000 7.402512
0.240000 7.336956
0.250000 7.269088
0.260000 7.198974
0.270000 7.126681
0.280000 7.052280
0.290000 6.975844
0.300000 6.897447
0.310000 6.817167
0.320000 6.735082
0.330000 6.651274
0.340000 6.565826
0.350000 6.478824
0.360000 6.390354
0.370000 6.300506
0.380000 6.209369
0.390000 6.117037
0.400000 6.023601
0.410000 5.929158
0.420000 5.833803
0.430000 5.737634
0.440000 5.640748
0.450000 5.543245
0.460000 5.445225
0.470000 5.346789
0.480000 5.248038
0.490000 5.149073
0.500000 5.049997
0.510000 4.950911
0.520000 4.851918
0.530000 4.753121
0.540000 4.654620
0.550000 4.556517
0.560000 4.458915
0.570000 4.361912
0.580000 4.265610
0.590000 4.170107
0.600000 4.075501
0.610000 3.981890
0.620000 3.889369
0.630000 3.798033
0.640000 3.707975
0.650000 3.619288
0.660000 3.532061
0.670000 3.446382
0.680000 3.362339
0.690000 3.280017
0.700000 3.199497
0.710000 3.120862
0.720000 3.044189
0.730000 2.969556
0.740000 2.897037
0.750000 2.826703
0.760000 2.758624
0.770000 2.692868
0.780000 2.629499
0.790000 2.568578
0.800000 2.510167
0.810000 2.454320
0.820000 2.401094
0.830000 2.350538
0.840000 2.302703
0.850000 2.257634
0.860000 2.215373
0.870000 2.175962
0.880000 2.139439
0.890000 2.105837
0.900000 2.075189
0.910000 2.047523
0.920000 2.022866
0.930000 2.001241
0.940000 1.982668
0.950000 1.967164
0.960000 1.954744
0.970000 1.945419
0.980000 1.939198
0.990000 1.936086
1.000000 1.936086
