# x = , y = ,(t = 0.016)
0.010000 9.924220
0.020000 9.922311
0.030000 9.918661
0.040000 9.913223
0.050000 9.905933
0.060000 9.896707
0.070000 9.885441
0.080000 9.872012
0.090000 9.856280
0.100000 9.838086
0.110000 9.817256
0.120000 9.793598
0.130000 9.766907
0.140000 9.736964
0.150000 9.703540
0.160000 9.666394
0.170000 9.625277
0.180000 9.579935
0.190000 9.530111
0.200000 9.475546
0.210000 9.415981
0.220000 9.351164
0.230000 9.280850
0.240000 9.204802
0.250000 9.122800
0.260000 9.034639
0.270000 8.940136
0.280000 8.839128
0.290000 8.731484
0.300000 8.617098
0.310000 8.495898
0.320000 8.367849
0.330000 8.232952
0.340000 8.091247
0.350000 7.942818
0.360000 7.787788
0.370000 7.626328
0.380000 7.458648
0.390000 7.285006
0.400000 7.105702
0.410000 6.921075
0.420000 6.731509
0.430000 6.537423
0.440000 6.339271
0.450000 6.137543
0.460000 5.932753
0.470000 5.725443
0.480000 5.516174
0.490000 5.305524
0.500000 5.094080
0.510000 4.882438
0.520000 4.671192
0.530000 4.460935
0.540000 4.252249
0.550000 4.045704
0.560000 3.841850
0.570000 3.641216
0.580000 3.444302
0.590000 3.251581
0.600000 3.063488
0.610000 2.880425
0.620000 2.702755
0.630000 2.530797
0.640000 2.364832
0.650000 2.205097
0.660000 2.051783
0.670000 1.905043
0.680000 1.764984
0.690000 1.631673
0.700000 1.505138
0.710000 1.385367
0.720000 1.272316
0.730000 1.165904
0.740000 1.066021
0.750000 0.972531
0.760000 0.885272
0.770000 0.804059
0.780000 0.728693
0.790000 0.658956
0.800000 0.594619
0.810000 0.535447
0.820000 0.481195
0.830000 0.431618
0.840000 0.386470
0.850000 0.345507
0.860000 0.308490
0.870000 0.275187
0.880000 0.245377
0.890000 0.218845
0.900000 0.195394
0.910000 0.174838
0.920000 0.157007
0.930000 0.141747
0.940000 0.128923
0.950000 0.118417
0.960000 0.110130
0.970000 0.103983
0.980000 0.099917
0.990000 0.097893
1.000000 0.097893
