# x = , y = ,(t = 0.001)
0.010000 10.000000
0.020000 10.000000
0.030000 10.000000
0.040000 10.000000
0.050000 10.000000
0.060000 10.000000
0.070000 10.000000
0.080000 10.000000
0.090000 10.000000
0.100000 10.000000
0.110000 10.000000
0.120000 10.000000
0.130000 10.000000
0.140000 10.000000
0.150000 10.000000
0.160000 10.000000
0.170000 10.000000
0.180000 10.000000
0.190000 10.000000
0.200000 10.000000
0.210000 10.000000
0.220000 10.000000
0.230000 10.000000
0.240000 10.000000
0.250000 10.000000
0.260000 9.999999
0.270000 9.999998
0.280000 9.999995
0.290000 9.999985
0.300000 9.999957
0.310000 9.999885
0.320000 9.999706
0.330000 9.999278
0.340000 9.998302
0.350000 9.996174
0.360000 9.991747
0.370000 9.982955
0.380000 9.966296
0.390000 9.936195
0.400000 9.884341
0.410000 9.799204
0.420000 9.666010
0.430000 9.467490
0.440000 9.185626
0.450000 8.804398
0.460000 8.313182
0.470000 7.710103
0.480000 7.004419
0.490000 6.217124
0.500000 5.379284
0.510000 4.528288
0.520000 3.702774
0.530000 2.937397
0.540000 2.258600
0.550000 1.682223
0.560000 1.213205
0.570000 0.847085
0.580000 0.572638
0.590000 0.374870
0.600000 0.237722
0.610000 0.146095
0.620000 0.087057
0.630000 0.050329
0.640000 0.028246
0.650000 0.015400
0.660000 0.008161
0.670000 0.004207
0.680000 0.002111
0.690000 0.001032
0.700000 0.000492
0.710000 0.000229
0.720000 0.000104
0.730000 0.000046
0.740000 0.000020
0.750000 0.000008
0.760000 0.000003
0.770000 0.000001
0.780000 0.000001
0.790000 0.000000
0.800000 0.000000
0.810000 0.000000
0.820000 0.000000
0.830000 0.000000
0.840000 0.000000
0.850000 0.000000
0.860000 0.000000
0.870000 0.000000
0.880000 0.000000
0.890000 0.000000
0.900000 0.000000
0.910000 0.000000
0.920000 0.000000
0.930000 0.000000
0.940000 0.000000
0.950000 0.000000
0.960000 0.000000
0.970000 0.000000
0.980000 0.000000
0.990000 0.000000
1.000000 0.000000
