# x = , y = ,(t = 0.008)
0.010000 9.998536
0.020000 9.998392
0.030000 9.998110
0.040000 9.997668
0.050000 9.997039
0.060000 9.996183
0.070000 9.995047
0.080000 9.993566
0.090000 9.991656
0.100000 9.989218
0.110000 9.986128
0.120000 9.982240
0.130000 9.977379
0.140000 9.971339
0.150000 9.963881
0.160000 9.954728
0.170000 9.943559
0.180000 9.930013
0.190000 9.913681
0.200000 9.894104
0.210000 9.870778
0.220000 9.843146
0.230000 9.810605
0.240000 9.772510
0.250000 9.728171
0.260000 9.676868
0.270000 9.617854
0.280000 9.550365
0.290000 9.473633
0.300000 9.386901
0.310000 9.289434
0.320000 9.180541
0.330000 9.059586
0.340000 8.926011
0.350000 8.779352
0.360000 8.619256
0.370000 8.445502
0.380000 8.258008
0.390000 8.056851
0.400000 7.842275
0.410000 7.614695
0.420000 7.374705
0.430000 7.123073
0.440000 6.860740
0.450000 6.588808
0.460000 6.308528
0.470000 6.021283
0.480000 5.728567
0.490000 5.431964
0.500000 5.133117
0.510000 4.833707
0.520000 4.535420
0.530000 4.239919
0.540000 3.948818
0.550000 3.663656
0.560000 3.385869
0.570000 3.116775
0.580000 2.857551
0.590000 2.609218
0.600000 2.372637
0.610000 2.148496
0.620000 1.937312
0.630000 1.739429
0.640000 1.555027
0.650000 1.384129
0.660000 1.226612
0.670000 1.082217
0.680000 0.950573
0.690000 0.831204
0.700000 0.723551
0.710000 0.626989
0.720000 0.540842
0.730000 0.464399
0.740000 0.396930
0.750000 0.337701
0.760000 0.285982
0.770000 0.241061
0.780000 0.202252
0.790000 0.168901
0.800000 0.140391
0.810000 0.116149
0.820000 0.095643
0.830000 0.078390
0.840000 0.063949
0.850000 0.051925
0.860000 0.041968
0.870000 0.033765
0.880000 0.027045
0.890000 0.021570
0.900000 0.017137
0.910000 0.013570
0.920000 0.010722
0.930000 0.008469
0.940000 0.006709
0.950000 0.005359
0.960000 0.004353
0.970000 0.003639
0.980000 0.003183
0.990000 0.002960
1.000000 0.002960
