# x = , y = ,(t = 0.064)
0.010000 5.411198
0.020000 5.410789
0.030000 5.410013
0.040000 5.408870
0.050000 5.407361
0.060000 5.405488
0.070000 5.403253
0.080000 5.400658
0.090000 5.397706
0.100000 5.394400
0.110000 5.390743
0.120000 5.386739
0.130000 5.382392
0.140000 5.377707
0.150000 5.372687
0.160000 5.367339
0.170000 5.361667
0.180000 5.355678
0.190000 5.349377
0.200000 5.342771
0.210000 5.335866
0.220000 5.328670
0.230000 5.321189
0.240000 5.313432
0.250000 5.305406
0.260000 5.297118
0.270000 5.288579
0.280000 5.279795
0.290000 5.270776
0.300000 5.261532
0.310000 5.252070
0.320000 5.242402
0.330000 5.232536
0.340000 5.222483
0.350000 5.212252
0.360000 5.201854
0.370000 5.191300
0.380000 5.180600
0.390000 5.169765
0.400000 5.158805
0.410000 5.147732
0.420000 5.136557
0.430000 5.125291
0.440000 5.113945
0.450000 5.102532
0.460000 5.091061
0.470000 5.079546
0.480000 5.067997
0.490000 5.056425
0.500000 5.044844
0.510000 5.033264
0.520000 5.021697
0.530000 5.010154
0.540000 4.998647
0.550000 4.987189
0.560000 4.975789
0.570000 4.964460
0.580000 4.953213
0.590000 4.942059
0.600000 4.931010
0.610000 4.920076
0.620000 4.909269
0.630000 4.898600
0.640000 4.888078
0.650000 4.877715
0.660000 4.867521
0.670000 4.857507
0.680000 4.847682
0.690000 4.838056
0.700000 4.828638
0.710000 4.819439
0.720000 4.810468
0.730000 4.801733
0.740000 4.793243
0.750000 4.785007
0.760000 4.777032
0.770000 4.769328
0.780000 4.761901
0.790000 4.754760
0.800000 4.747911
0.810000 4.741360
0.820000 4.735116
0.830000 4.729183
0.840000 4.723568
0.850000 4.718276
0.860000 4.713313
0.870000 4.708684
0.880000 4.704393
0.890000 4.700444
0.900000 4.696842
0.910000 4.693589
0.920000 4.690690
0.930000 4.688148
0.940000 4.685963
0.950000 4.684140
0.960000 4.682679
0.970000 4.681582
0.980000 4.680850
0.990000 4.680484
1.000000 4.680484
