# x = , y = ,(t = 0.064)
0.010000 6.573677
0.020000 6.571971
0.030000 6.568733
0.040000 6.563965
0.050000 6.557672
0.060000 6.549861
0.070000 6.540540
0.080000 6.529718
0.090000 6.517406
0.100000 6.503618
0.110000 6.488366
0.120000 6.471666
0.130000 6.453535
0.140000 6.433992
0.150000 6.413057
0.160000 6.390749
0.170000 6.367093
0.180000 6.342111
0.190000 6.315829
0.200000 6.288274
0.210000 6.259472
0.220000 6.229454
0.230000 6.198250
0.240000 6.165890
0.250000 6.132408
0.260000 6.097836
0.270000 6.062211
0.280000 6.025568
0.290000 5.987943
0.300000 5.949374
0.310000 5.909901
0.320000 5.869563
0.330000 5.828401
0.340000 5.786455
0.350000 5.743769
0.360000 5.700385
0.370000 5.656346
0.380000 5.611697
0.390000 5.566483
0.400000 5.520750
0.410000 5.474542
0.420000 5.427907
0.430000 5.380892
0.440000 5.333544
0.450000 5.285910
0.460000 5.238038
0.470000 5.189977
0.480000 5.141774
0.490000 5.093479
0.500000 5.045139
0.510000 4.996803
0.520000 4.948520
0.530000 4.900339
0.540000 4.852307
0.550000 4.804473
0.560000 4.756885
0.570000 4.709591
0.580000 4.662638
0.590000 4.616073
0.600000 4.569944
0.610000 4.524297
0.620000 4.479176
0.630000 4.434629
0.640000 4.390699
0.650000 4.347430
0.660000 4.304867
0.670000 4.263051
0.680000 4.222025
0.690000 4.181829
0.700000 4.142505
0.710000 4.104092
0.720000 4.066628
0.730000 4.030150
0.740000 3.994696
0.750000 3.960301
0.760000 3.927000
0.770000 3.894825
0.780000 3.863809
0.790000 3.833983
0.800000 3.805378
0.810000 3.778021
0.820000 3.751940
0.830000 3.727161
0.840000 3.703709
0.850000 3.681608
0.860000 3.660879
0.870000 3.641544
0.880000 3.623621
0.890000 3.607128
0.900000 3.592082
0.910000 3.578498
0.920000 3.566389
0.930000 3.555768
0.940000 3.546645
0.950000 3.539028
0.960000 3.532926
0.970000 3.528345
0.980000 3.525288
0.990000 3.523759
1.000000 3.523759
