# x = , y = ,(t = 0.004)
0.010000 9.999999
0.020000 9.999999
0.030000 9.999999
0.040000 9.999997
0.050000 9.999996
0.060000 9.999992
0.070000 9.999987
0.080000 9.999978
0.090000 9.999963
0.100000 9.999938
0.110000 9.999899
0.120000 9.999837
0.130000 9.999738
0.140000 9.999586
0.150000 9.999351
0.160000 9.998996
0.170000 9.998463
0.180000 9.997674
0.190000 9.996520
0.200000 9.994852
0.210000 9.992468
0.220000 9.989104
0.230000 9.984412
0.240000 9.977946
0.250000 9.969142
0.260000 9.957297
0.270000 9.941549
0.280000 9.920861
0.290000 9.894006
0.300000 9.859560
0.310000 9.815899
0.320000 9.761213
0.330000 9.693526
0.340000 9.610737
0.350000 9.510667
0.360000 9.391132
0.370000 9.250021
0.380000 9.085389
0.390000 8.895560
0.400000 8.679230
0.410000 8.435568
0.420000 8.164305
0.430000 7.865808
0.440000 7.541137
0.450000 7.192059
0.460000 6.821049
0.470000 6.431238
0.480000 6.026346
0.490000 5.610569
0.500000 5.188451
0.510000 4.764732
0.520000 4.344189
0.530000 3.931474
0.540000 3.530962
0.550000 3.146611
0.560000 2.781851
0.570000 2.439499
0.580000 2.121703
0.590000 1.829925
0.600000 1.564946
0.610000 1.326910
0.620000 1.115380
0.630000 0.929418
0.640000 0.767677
0.650000 0.628495
0.660000 0.509989
0.670000 0.410146
0.680000 0.326905
0.690000 0.258226
0.700000 0.202146
0.710000 0.156825
0.720000 0.120571
0.730000 0.091865
0.740000 0.069365
0.750000 0.051906
0.760000 0.038493
0.770000 0.028290
0.780000 0.020606
0.790000 0.014876
0.800000 0.010643
0.810000 0.007548
0.820000 0.005305
0.830000 0.003696
0.840000 0.002553
0.850000 0.001747
0.860000 0.001186
0.870000 0.000798
0.880000 0.000532
0.890000 0.000352
0.900000 0.000231
0.910000 0.000150
0.920000 0.000097
0.930000 0.000062
0.940000 0.000039
0.950000 0.000025
0.960000 0.000016
0.970000 0.000010
0.980000 0.000007
0.990000 0.000006
1.000000 0.000006
