# x = , y = ,(t = 0.032)
0.010000 9.401568
0.020000 9.397547
0.030000 9.389904
0.040000 9.378632
0.050000 9.363722
0.060000 9.345165
0.070000 9.322946
0.080000 9.297051
0.090000 9.267462
0.100000 9.234164
0.110000 9.197136
0.120000 9.156360
0.130000 9.111819
0.140000 9.063495
0.150000 9.011372
0.160000 8.955435
0.170000 8.895673
0.180000 8.832078
0.190000 8.764644
0.200000 8.693372
0.210000 8.618266
0.220000 8.539336
0.230000 8.456599
0.240000 8.370077
0.250000 8.279799
0.260000 8.185805
0.270000 8.088138
0.280000 7.986854
0.290000 7.882014
0.300000 7.773691
0.310000 7.661965
0.320000 7.546927
0.330000 7.428676
0.340000 7.307321
0.350000 7.182982
0.360000 7.055787
0.370000 6.925873
0.380000 6.793386
0.390000 6.658482
0.400000 6.521324
0.410000 6.382083
0.420000 6.240938
0.430000 6.098074
0.440000 5.953684
0.450000 5.807964
0.460000 5.661117
0.470000 5.513350
0.480000 5.364873
0.490000 5.215899
0.500000 5.066641
0.510000 4.917317
0.520000 4.768141
0.530000 4.619329
0.540000 4.471095
0.550000 4.323651
0.560000 4.177205
0.570000 4.031963
0.580000 3.888125
0.590000 3.745886
0.600000 3.605437
0.610000 3.466959
0.620000 3.330630
0.630000 3.196618
0.640000 3.065084
0.650000 2.936181
0.660000 2.810051
0.670000 2.686831
0.680000 2.566647
0.690000 2.449614
0.700000 2.335842
0.710000 2.225428
0.720000 2.118462
0.730000 2.015024
0.740000 1.915186
0.750000 1.819010
0.760000 1.726552
0.770000 1.637859
0.780000 1.552970
0.790000 1.471916
0.800000 1.394726
0.810000 1.321416
0.820000 1.252003
0.830000 1.186496
0.840000 1.124897
0.850000 1.067210
0.860000 1.013431
0.870000 0.963554
0.880000 0.917573
0.890000 0.875477
0.900000 0.837257
0.910000 0.802901
0.920000 0.772398
0.930000 0.745736
0.940000 0.722906
0.950000 0.703896
0.960000 0.688700
0.970000 0.677308
0.980000 0.669717
0.990000 0.665922
1.000000 0.665922
