# x = , y = ,(t = 0.002)
0.010000 10.000000
0.020000 10.000000
0.030000 10.000000
0.040000 10.000000
0.050000 10.000000
0.060000 10.000000
0.070000 10.000000
0.080000 10.000000
0.090000 10.000000
0.100000 10.000000
0.110000 10.000000
0.120000 10.000000
0.130000 10.000000
0.140000 10.000000
0.150000 10.000000
0.160000 9.999999
0.170000 9.999999
0.180000 9.999997
0.190000 9.999993
0.200000 9.999985
0.210000 9.999969
0.220000 9.999937
0.230000 9.999874
0.240000 9.999753
0.250000 9.999527
0.260000 9.999114
0.270000 9.998378
0.280000 9.997097
0.290000 9.994920
0.300000 9.991306
0.310000 9.985449
0.320000 9.976184
0.330000 9.961872
0.340000 9.940291
0.350000 9.908523
0.360000 9.862870
0.370000 9.798826
0.380000 9.711117
0.390000 9.593852
0.400000 9.440791
0.410000 9.245738
0.420000 9.003046
0.430000 8.708196
0.440000 8.358394
0.450000 7.953110
0.460000 7.494487
0.470000 6.987546
0.480000 6.440124
0.490000 5.862552
0.500000 5.267064
0.510000 4.667008
0.520000 4.075943
0.530000 3.506725
0.540000 2.970674
0.550000 2.476932
0.560000 2.032044
0.570000 1.639806
0.580000 1.301356
0.590000 1.015478
0.600000 0.779043
0.610000 0.587534
0.620000 0.435576
0.630000 0.317431
0.640000 0.227403
0.650000 0.160147
0.660000 0.110879
0.670000 0.075478
0.680000 0.050522
0.690000 0.033257
0.700000 0.021531
0.710000 0.013713
0.720000 0.008592
0.730000 0.005297
0.740000 0.003214
0.750000 0.001920
0.760000 0.001129
0.770000 0.000654
0.780000 0.000373
0.790000 0.000209
0.800000 0.000116
0.810000 0.000063
0.820000 0.000034
0.830000 0.000018
0.840000 0.000009
0.850000 0.000005
0.860000 0.000002
0.870000 0.000001
0.880000 0.000001
0.890000 0.000000
0.900000 0.000000
0.910000 0.000000
0.920000 0.000000
0.930000 0.000000
0.940000 0.000000
0.950000 0.000000
0.960000 0.000000
0.970000 0.000000
0.980000 0.000000
0.990000 0.000000
1.000000 0.000000
