# z = ,(t = 1)
0.000000 
0.000000 
0.000000 
0.000000 
0.000000 
0.000000 
0.000000 
0.000001 
0.000002 
0.000004 
0.000006 
0.000011 
0.000017 
0.000026 
0.000039 
0.000055 
0.000074 
0.000096 
0.000119 
0.000143 
0.000165 
0.000185 
0.000200 
0.000209 
0.000212 
0.000209 
0.000200 
0.000185 
0.000165 
0.000143 
0.000119 
0.000096 
0.000074 
0.000054 
0.000039 
0.000026 
0.000017 
0.000010 
0.000004 
0.000000 
0.000000 
0.000000 
0.000000 
0.000000 
0.000000 
0.000001 
0.000001 
0.000003 
0.000006 
0.000010 
0.000018 
0.000030 
0.000049 
0.000075 
0.000111 
0.000156 
0.000210 
0.000273 
0.000339 
0.000407 
0.000471 
0.000526 
0.000568 
0.000595 
0.000604 
0.000595 
0.000568 
0.000526 
0.000471 
0.000407 
0.000339 
0.000273 
0.000210 
0.000156 
0.000110 
0.000075 
0.000048 
0.000028 
0.000013 
0.000000 
0.000000 
0.000000 
0.000000 
0.000000 
0.000001 
0.000002 
0.000004 
0.000007 
0.000014 
0.000025 
0.000045 
0.000075 
0.000121 
0.000185 
0.000271 
0.000381 
0.000514 
0.000665 
0.000827 
0.000991 
0.001145 
0.001278 
0.001381 
0.001446 
0.001469 
0.001446 
0.001381 
0.001278 
0.001145 
0.000991 
0.000827 
0.000665 
0.000514 
0.000381 
0.000271 
0.000183 
0.000117 
0.000068 
0.000031 
0.000000 
0.000000 
0.000000 
0.000000 
0.000001 
0.000002 
0.000004 
0.000008 
0.000017 
0.000033 
0.000060 
0.000105 
0.000175 
0.000280 
0.000429 
0.000628 
0.000881 
0.001185 
0.001531 
0.001902 
0.002277 
0.002630 
0.002935 
0.003171 
0.003320 
0.003371 
0.003320 
0.003171 
0.002935 
0.002630 
0.002277 
0.001902 
0.001531 
0.001185 
0.000880 
0.000626 
0.000425 
0.000272 
0.000158 
0.000072 
0.000000 
0.000000 
0.000000 
0.000001 
0.000002 
0.000004 
0.000009 
0.000019 
0.000038 
0.000073 
0.000134 
0.000234 
0.000390 
0.000623 
0.000950 
0.001389 
0.001945 
0.002613 
0.003371 
0.004185 
0.005005 
0.005777 
0.006446 
0.006963 
0.007288 
0.007400 
0.007288 
0.006963 
0.006446 
0.005777 
0.005005 
0.004185 
0.003371 
0.002612 
0.001943 
0.001385 
0.000941 
0.000604 
0.000352 
0.000161 
0.000000 
0.000000 
0.000001 
0.000002 
0.000004 
0.000009 
0.000020 
0.000042 
0.000083 
0.000158 
0.000288 
0.000501 
0.000833 
0.001325 
0.002017 
0.002942 
0.004112 
0.005516 
0.007110 
0.008818 
0.010539 
0.012159 
0.013562 
0.014645 
0.015328 
0.015561 
0.015328 
0.014645 
0.013562 
0.012159 
0.010539 
0.008818 
0.007110 
0.005515 
0.004108 
0.002932 
0.001997 
0.001283 
0.000750 
0.000342 
0.000000 
0.000000 
0.000001 
0.000004 
0.000008 
0.000019 
0.000042 
0.000087 
0.000172 
0.000326 
0.000591 
0.001025 
0.001700 
0.002698 
0.004099 
0.005967 
0.008328 
0.011157 
0.014365 
0.017800 
0.021260 
0.024515 
0.027334 
0.029510 
0.030883 
0.031352 
0.030883 
0.029510 
0.027334 
0.024515 
0.021260 
0.017799 
0.014363 
0.011153 
0.008320 
0.005948 
0.004058 
0.002611 
0.001528 
0.000699 
0.000000 
0.000001 
0.000003 
0.000007 
0.000017 
0.000038 
0.000083 
0.000172 
0.000340 
0.000642 
0.001161 
0.002007 
0.003322 
0.005260 
0.007976 
0.011590 
0.016153 
0.021612 
0.027798 
0.034418 
0.041083 
0.047352 
0.052779 
0.056969 
0.059612 
0.060516 
0.059612 
0.056969 
0.052779 
0.047351 
0.041083 
0.034417 
0.027795 
0.021605 
0.016136 
0.011552 
0.007893 
0.005088 
0.002982 
0.001365 
0.000000 
0.000002 
0.000006 
0.000014 
0.000033 
0.000073 
0.000158 
0.000326 
0.000642 
0.001210 
0.002182 
0.003763 
0.006212 
0.009817 
0.014859 
0.021557 
0.030002 
0.040097 
0.051525 
0.063747 
0.076048 
0.087615 
0.097628 
0.105357 
0.110234 
0.111901 
0.110234 
0.105357 
0.097628 
0.087614 
0.076047 
0.063745 
0.051519 
0.040083 
0.029969 
0.021484 
0.014701 
0.009491 
0.005570 
0.002553 
0.000000 
0.000004 
0.000010 
0.000025 
0.000060 
0.000134 
0.000288 
0.000591 
0.001161 
0.002182 
0.003923 
0.006752 
0.011121 
0.017541 
0.026505 
0.038396 
0.053370 
0.071253 
0.091480 
0.113102 
0.134856 
0.155305 
0.173007 
0.186671 
0.195293 
0.198239 
0.195293 
0.186671 
0.173007 
0.155305 
0.134854 
0.113098 
0.091470 
0.071227 
0.053310 
0.038262 
0.026218 
0.016950 
0.009961 
0.004570 
0.000000 
0.000006 
0.000018 
0.000045 
0.000105 
0.000234 
0.000501 
0.001025 
0.002007 
0.003763 
0.006752 
0.011594 
0.019060 
0.030009 
0.045276 
0.065499 
0.090937 
0.121290 
0.155600 
0.192255 
0.229122 
0.263771 
0.293761 
0.316910 
0.331517 
0.336507 
0.331517 
0.316910 
0.293761 
0.263770 
0.229119 
0.192248 
0.155581 
0.121245 
0.090832 
0.065265 
0.044775 
0.028985 
0.017052 
0.007830 
0.000000 
0.000011 
0.000030 
0.000075 
0.000175 
0.000390 
0.000833 
0.001700 
0.003322 
0.006212 
0.011121 
0.019060 
0.031278 
0.049169 
0.074079 
0.107038 
0.148454 
0.197831 
0.253611 
0.313177 
0.373067 
0.429344 
0.478049 
0.515643 
0.539364 
0.547470 
0.539364 
0.515643 
0.478049 
0.429342 
0.373062 
0.313164 
0.253580 
0.197756 
0.148278 
0.106647 
0.073246 
0.047469 
0.027957 
0.012847 
0.000000 
0.000017 
0.000049 
0.000121 
0.000280 
0.000623 
0.001325 
0.002698 
0.005260 
0.009817 
0.017541 
0.030009 
0.049169 
0.077184 
0.116141 
0.167632 
0.232277 
0.309294 
0.396246 
0.489063 
0.582358 
0.670011 
0.745864 
0.804411 
0.841352 
0.853975 
0.841352 
0.804410 
0.745863 
0.670008 
0.582351 
0.489043 
0.396196 
0.309173 
0.231996 
0.167009 
0.114817 
0.074486 
0.043909 
0.020192 
0.000000 
0.000026 
0.000075 
0.000185 
0.000429 
0.000950 
0.002017 
0.004099 
0.007976 
0.014859 
0.026505 
0.045276 
0.074079 
0.116141 
0.174568 
0.251720 
0.348504 
0.463738 
0.593774 
0.732527 
0.871962 
1.002944 
1.116285 
1.203763 
1.258960 
1.277820 
1.258960 
1.203763 
1.116283 
1.002940 
0.871951 
0.732497 
0.593697 
0.463553 
0.348075 
0.250769 
0.172551 
0.112042 
0.066103 
0.030416 
0.000000 
0.000039 
0.000111 
0.000271 
0.000628 
0.001389 
0.002942 
0.005967 
0.011590 
0.021557 
0.038396 
0.065499 
0.107038 
0.167632 
0.251720 
0.362666 
0.501747 
0.667250 
0.853929 
1.053061 
1.253127 
1.441039 
1.603631 
1.729120 
1.808300 
1.835355 
1.808300 
1.729119 
1.603629 
1.441033 
1.253110 
1.053016 
0.853816 
0.666978 
0.501119 
0.361277 
0.248778 
0.161665 
0.095448 
0.043942 
0.000000 
0.000055 
0.000156 
0.000381 
0.000881 
0.001945 
0.004112 
0.008328 
0.016153 
0.030002 
0.053370 
0.090937 
0.148454 
0.232277 
0.348504 
0.501747 
0.693740 
0.922096 
1.179575 
1.454154 
1.729970 
1.989000 
2.213113 
2.386080 
2.495218 
2.532509 
2.495218 
2.386079 
2.213109 
1.988991 
1.729945 
1.454091 
1.179416 
0.921713 
0.692859 
0.499802 
0.344392 
0.223949 
0.132301 
0.060935 
0.000000 
0.000074 
0.000210 
0.000514 
0.001185 
0.002613 
0.005516 
0.011157 
0.021612 
0.040097 
0.071253 
0.121290 
0.197831 
0.309294 
0.463738 
0.667250 
0.922096 
1.225087 
1.566614 
1.930737 
2.296443 
2.639860 
2.936970 
3.166270 
3.310953 
3.360389 
3.310952 
3.166269 
2.936965 
2.639848 
2.296411 
1.930652 
1.566399 
1.224572 
0.920910 
0.664637 
0.458222 
0.298136 
0.176219 
0.081193 
0.000000 
0.000096 
0.000273 
0.000665 
0.001531 
0.003371 
0.007110 
0.014365 
0.027798 
0.051525 
0.091480 
0.155600 
0.253611 
0.396246 
0.593774 
0.853929 
1.179575 
1.566614 
2.002766 
2.467687 
2.934567 
3.372957 
3.752217 
4.044915 
4.229599 
4.292703 
4.229598 
4.044913 
3.752212 
3.372941 
2.934524 
2.467575 
2.002488 
1.565947 
1.178044 
0.850558 
0.586663 
0.381881 
0.225813 
0.104075 
0.000000 
0.000119 
0.000339 
0.000827 
0.001902 
0.004185 
0.008818 
0.017800 
0.034418 
0.063747 
0.113102 
0.192255 
0.313177 
0.489063 
0.732527 
1.053061 
1.454154 
1.930737 
2.467687 
3.039966 
3.614598 
4.154130 
4.620874 
4.981084 
5.208366 
5.286025 
5.208365 
4.981082 
4.620867 
4.154110 
3.614545 
3.039827 
2.467340 
1.929908 
1.452251 
1.048876 
0.723709 
0.471263 
0.278759 
0.128508 
0.000000 
0.000143 
0.000407 
0.000991 
0.002277 
0.005005 
0.010539 
0.021260 
0.041083 
0.076048 
0.134856 
0.229122 
0.373067 
0.582358 
0.871962 
1.253127 
1.729970 
2.296443 
2.934567 
3.614598 
4.297370 
4.938403 
5.492942 
5.920903 
6.190933 
6.283199 
6.190932 
5.920900 
5.492934 
4.938380 
4.297306 
3.614432 
2.934152 
2.295450 
1.727692 
1.248122 
0.861423 
0.561098 
0.331984 
0.153074 
0.000000 
0.000165 
0.000471 
0.001145 
0.002630 
0.005777 
0.012159 
0.024515 
0.047352 
0.087615 
0.155305 
0.263771 
0.429344 
0.670011 
1.002944 
1.441039 
1.989000 
2.639860 
3.372957 
4.154130 
4.938403 
5.674706 
6.311647 
6.803198 
7.113351 
7.219327 
7.113350 
6.803195 
6.311638 
5.674679 
4.938329 
4.153937 
3.372477 
2.638712 
1.986369 
1.435261 
0.990785 
0.645496 
0.381992 
0.176156 
0.000000 
0.000185 
0.000526 
0.001278 
0.002935 
0.006446 
0.013562 
0.027334 
0.052779 
0.097628 
0.173007 
0.293761 
0.478049 
0.745864 
1.116285 
1.603631 
2.213113 
2.936970 
3.752217 
4.620874 
5.492942 
6.311647 
7.019862 
7.566413 
7.911270 
8.029104 
7.911269 
7.566410 
7.019851 
6.311617 
5.492859 
4.620659 
3.751681 
2.935688 
2.210176 
1.597184 
1.102723 
0.718530 
0.425270 
0.196133 
0.000000 
0.000200 
0.000568 
0.001381 
0.003171 
0.006963 
0.014645 
0.029510 
0.056969 
0.105357 
0.186671 
0.316910 
0.515643 
0.804411 
1.203763 
1.729120 
2.386080 
3.166270 
4.044915 
4.981084 
5.920903 
6.803198 
7.566413 
8.155409 
8.527046 
8.654031 
8.527045 
8.155405 
7.566402 
6.803165 
5.920813 
4.980851 
4.044335 
3.164885 
2.382908 
1.722156 
1.189119 
0.774900 
0.458675 
0.211553 
0.000000 
0.000209 
0.000595 
0.001446 
0.003320 
0.007288 
0.015328 
0.030883 
0.059612 
0.110234 
0.195293 
0.331517 
0.539364 
0.841352 
1.258960 
1.808300 
2.495218 
3.310953 
4.229599 
5.208366 
6.190933 
7.113351 
7.911270 
8.527046 
8.915580 
9.048339 
8.915579 
8.527042 
7.911257 
7.113316 
6.190839 
5.208122 
4.228991 
3.309502 
2.491897 
1.801011 
1.243632 
0.810469 
0.479752 
0.221282 
0.000000 
0.000212 
0.000604 
0.001469 
0.003371 
0.007400 
0.015561 
0.031352 
0.060516 
0.111901 
0.198239 
0.336507 
0.547470 
0.853975 
1.277820 
1.835355 
2.532509 
3.360389 
4.292703 
5.286025 
6.283199 
7.219327 
8.029104 
8.654031 
9.048339 
9.183071 
9.048338 
8.654027 
8.029091 
7.219292 
6.283104 
5.285778 
4.292087 
3.358916 
2.529137 
1.827955 
1.262259 
0.822622 
0.486954 
0.224607 
0.000000 
0.000209 
0.000595 
0.001446 
0.003320 
0.007288 
0.015328 
0.030883 
0.059612 
0.110234 
0.195293 
0.331517 
0.539364 
0.841352 
1.258960 
1.808300 
2.495218 
3.310952 
4.229598 
5.208365 
6.190932 
7.113350 
7.911269 
8.527045 
8.915579 
9.048338 
8.915578 
8.527041 
7.911256 
7.113315 
6.190838 
5.208121 
4.228991 
3.309502 
2.491896 
1.801011 
1.243632 
0.810469 
0.479752 
0.221282 
0.000000 
0.000200 
0.000568 
0.001381 
0.003171 
0.006963 
0.014645 
0.029510 
0.056969 
0.105357 
0.186671 
0.316910 
0.515643 
0.804410 
1.203763 
1.729119 
2.386079 
3.166269 
4.044913 
4.981082 
5.920900 
6.803195 
7.566410 
8.155405 
8.527042 
8.654027 
8.527041 
8.155401 
7.566398 
6.803162 
5.920810 
4.980849 
4.044333 
3.164884 
2.382907 
1.722156 
1.189118 
0.774900 
0.458674 
0.211553 
0.000000 
0.000185 
0.000526 
0.001278 
0.002935 
0.006446 
0.013562 
0.027334 
0.052779 
0.097628 
0.173007 
0.293761 
0.478049 
0.745863 
1.116283 
1.603629 
2.213109 
2.936965 
3.752212 
4.620867 
5.492934 
6.311638 
7.019851 
7.566402 
7.911257 
8.029091 
7.911256 
7.566398 
7.019840 
6.311607 
5.492851 
4.620652 
3.751675 
2.935683 
2.210173 
1.597182 
1.102721 
0.718529 
0.425270 
0.196133 
0.000000 
0.000165 
0.000471 
0.001145 
0.002630 
0.005777 
0.012159 
0.024515 
0.047351 
0.087614 
0.155305 
0.263770 
0.429342 
0.670008 
1.002940 
1.441033 
1.988991 
2.639848 
3.372941 
4.154110 
4.938380 
5.674679 
6.311617 
6.803165 
7.113316 
7.219292 
7.113315 
6.803162 
6.311607 
5.674651 
4.938306 
4.153917 
3.372461 
2.638700 
1.986360 
1.435255 
0.990781 
0.645493 
0.381991 
0.176156 
0.000000 
0.000143 
0.000407 
0.000991 
0.002277 
0.005005 
0.010539 
0.021260 
0.041083 
0.076047 
0.134854 
0.229119 
0.373062 
0.582351 
0.871951 
1.253110 
1.729945 
2.296411 
2.934524 
3.614545 
4.297306 
4.938329 
5.492859 
5.920813 
6.190839 
6.283104 
6.190838 
5.920810 
5.492851 
4.938306 
4.297242 
3.614379 
2.934109 
2.295417 
1.727667 
1.248104 
0.861411 
0.561091 
0.331979 
0.153072 
0.000000 
0.000119 
0.000339 
0.000827 
0.001902 
0.004185 
0.008818 
0.017799 
0.034417 
0.063745 
0.113098 
0.192248 
0.313164 
0.489043 
0.732497 
1.053016 
1.454091 
1.930652 
2.467575 
3.039827 
3.614432 
4.153937 
4.620659 
4.980851 
5.208122 
5.285778 
5.208121 
4.980849 
4.620652 
4.153917 
3.614379 
3.039689 
2.467229 
1.929822 
1.452187 
1.048831 
0.723679 
0.471243 
0.278748 
0.128503 
0.000000 
0.000096 
0.000273 
0.000665 
0.001531 
0.003371 
0.007110 
0.014363 
0.027795 
0.051519 
0.091470 
0.155581 
0.253580 
0.396196 
0.593697 
0.853816 
1.179416 
1.566399 
2.002488 
2.467340 
2.934152 
3.372477 
3.751681 
4.044335 
4.228991 
4.292087 
4.228991 
4.044333 
3.751675 
3.372461 
2.934109 
2.467229 
2.002209 
1.565733 
1.177885 
0.850445 
0.586587 
0.381833 
0.225785 
0.104062 
0.000000 
0.000074 
0.000210 
0.000514 
0.001185 
0.002612 
0.005515 
0.011153 
0.021605 
0.040083 
0.071227 
0.121245 
0.197756 
0.309173 
0.463553 
0.666978 
0.921713 
1.224572 
1.565947 
1.929908 
2.295450 
2.638712 
2.935688 
3.164885 
3.309502 
3.358916 
3.309502 
3.164884 
2.935683 
2.638700 
2.295417 
1.929822 
1.565733 
1.224056 
0.920528 
0.664366 
0.458038 
0.298019 
0.176151 
0.081162 
0.000000 
0.000054 
0.000156 
0.000381 
0.000880 
0.001943 
0.004108 
0.008320 
0.016136 
0.029969 
0.053310 
0.090832 
0.148278 
0.231996 
0.348075 
0.501119 
0.692859 
0.920910 
1.178044 
1.452251 
1.727692 
1.986369 
2.210176 
2.382908 
2.491897 
2.529137 
2.491896 
2.382907 
2.210173 
1.986360 
1.727667 
1.452187 
1.177885 
0.920528 
0.691979 
0.499176 
0.343967 
0.223677 
0.132143 
0.060863 
0.000000 
0.000039 
0.000110 
0.000271 
0.000626 
0.001385 
0.002932 
0.005948 
0.011552 
0.021484 
0.038262 
0.065265 
0.106647 
0.167009 
0.250769 
0.361277 
0.499802 
0.664637 
0.850558 
1.048876 
1.248122 
1.435261 
1.597184 
1.722156 
1.801011 
1.827955 
1.801011 
1.722156 
1.597182 
1.435255 
1.248104 
1.048831 
0.850445 
0.664366 
0.499176 
0.359892 
0.247837 
0.161062 
0.095096 
0.043781 
0.000000 
0.000026 
0.000075 
0.000183 
0.000425 
0.000941 
0.001997 
0.004058 
0.007893 
0.014701 
0.026218 
0.044775 
0.073246 
0.114817 
0.172551 
0.248778 
0.344392 
0.458222 
0.586663 
0.723709 
0.861423 
0.990785 
1.102723 
1.189119 
1.243632 
1.262259 
1.243632 
1.189118 
1.102721 
0.990781 
0.861411 
0.723679 
0.586587 
0.458038 
0.343967 
0.247837 
0.170554 
0.110759 
0.065353 
0.030074 
0.000000 
0.000017 
0.000048 
0.000117 
0.000272 
0.000604 
0.001283 
0.002611 
0.005088 
0.009491 
0.016950 
0.028985 
0.047469 
0.074486 
0.112042 
0.161665 
0.223949 
0.298136 
0.381881 
0.471263 
0.561098 
0.645496 
0.718530 
0.774900 
0.810469 
0.822622 
0.810469 
0.774900 
0.718529 
0.645493 
0.561091 
0.471243 
0.381833 
0.298019 
0.223677 
0.161062 
0.110759 
0.071875 
0.042381 
0.019493 
0.000000 
0.000010 
0.000028 
0.000068 
0.000158 
0.000352 
0.000750 
0.001528 
0.002982 
0.005570 
0.009961 
0.017052 
0.027957 
0.043909 
0.066103 
0.095448 
0.132301 
0.176219 
0.225813 
0.278759 
0.331984 
0.381992 
0.425270 
0.458675 
0.479752 
0.486954 
0.479752 
0.458674 
0.425270 
0.381991 
0.331979 
0.278748 
0.225785 
0.176151 
0.132143 
0.095096 
0.065353 
0.042381 
0.024975 
0.011482 
0.000000 
0.000004 
0.000013 
0.000031 
0.000072 
0.000161 
0.000342 
0.000699 
0.001365 
0.002553 
0.004570 
0.007830 
0.012847 
0.020192 
0.030416 
0.043942 
0.060935 
0.081193 
0.104075 
0.128508 
0.153074 
0.176156 
0.196133 
0.211553 
0.221282 
0.224607 
0.221282 
0.211553 
0.196133 
0.176156 
0.153072 
0.128503 
0.104062 
0.081162 
0.060863 
0.043781 
0.030074 
0.019493 
0.011482 
0.005277 
0.000000 
0.000000 
0.000000 
0.000000 
0.000000 
0.000000 
0.000000 
0.000000 
0.000000 
0.000000 
0.000000 
0.000000 
0.000000 
0.000000 
0.000000 
0.000000 
0.000000 
0.000000 
0.000000 
0.000000 
0.000000 
0.000000 
0.000000 
0.000000 
0.000000 
0.000000 
0.000000 
0.000000 
0.000000 
0.000000 
0.000000 
0.000000 
0.000000 
0.000000 
0.000000 
0.000000 
0.000000 
0.000000 
0.000000 
0.000000 
0.000000 
