# z = , (t = 0.5)
0.000000 
0.000000 
0.000000 
0.000000 
0.000000 
0.000000 
0.000000 
0.000000 
0.000000 
0.000000 
0.000000 
0.000000 
0.000000 
0.000000 
0.000000 
0.000000 
0.000000 
0.000000 
0.000000 
0.000000 
0.000000 
0.000000 
0.000000 
0.000000 
0.000000 
0.000000 
0.000000 
0.000000 
0.000000 
0.000000 
0.000000 
0.000000 
0.000000 
0.000000 
0.000000 
0.000000 
0.000000 
0.000000 
0.000000 
0.000000 
0.000000 
0.000000 
0.000000 
0.000000 
0.000000 
0.000000 
0.000000 
0.000000 
0.000000 
0.000000 
0.000000 
0.000000 
0.000000 
0.000000 
0.000000 
0.000000 
0.000000 
0.000000 
0.000000 
0.000000 
0.000000 
0.000000 
0.000001 
0.000001 
0.000001 
0.000001 
0.000001 
0.000000 
0.000000 
0.000000 
0.000000 
0.000000 
0.000000 
0.000000 
0.000000 
0.000000 
0.000000 
0.000000 
0.000000 
0.000000 
0.000000 
0.000000 
0.000000 
0.000000 
0.000000 
0.000000 
0.000000 
0.000000 
0.000000 
0.000000 
0.000000 
0.000000 
0.000000 
0.000000 
0.000000 
0.000000 
0.000001 
0.000001 
0.000001 
0.000002 
0.000002 
0.000002 
0.000002 
0.000003 
0.000003 
0.000003 
0.000002 
0.000002 
0.000002 
0.000002 
0.000001 
0.000001 
0.000001 
0.000000 
0.000000 
0.000000 
0.000000 
0.000000 
0.000000 
0.000000 
0.000000 
0.000000 
0.000000 
0.000000 
0.000000 
0.000000 
0.000000 
0.000000 
0.000000 
0.000000 
0.000000 
0.000000 
0.000000 
0.000000 
0.000001 
0.000001 
0.000002 
0.000004 
0.000005 
0.000007 
0.000009 
0.000010 
0.000011 
0.000012 
0.000012 
0.000012 
0.000011 
0.000010 
0.000009 
0.000007 
0.000005 
0.000004 
0.000002 
0.000001 
0.000001 
0.000000 
0.000000 
0.000000 
0.000000 
0.000000 
0.000000 
0.000000 
0.000000 
0.000000 
0.000000 
0.000000 
0.000000 
0.000000 
0.000000 
0.000000 
0.000000 
0.000000 
0.000001 
0.000001 
0.000003 
0.000006 
0.000010 
0.000016 
0.000022 
0.000030 
0.000037 
0.000042 
0.000046 
0.000049 
0.000049 
0.000049 
0.000046 
0.000042 
0.000037 
0.000030 
0.000022 
0.000016 
0.000010 
0.000006 
0.000003 
0.000001 
0.000001 
0.000000 
0.000000 
0.000000 
0.000000 
0.000000 
0.000000 
0.000000 
0.000000 
0.000000 
0.000000 
0.000000 
0.000000 
0.000000 
0.000000 
0.000001 
0.000002 
0.000006 
0.000012 
0.000023 
0.000039 
0.000061 
0.000087 
0.000115 
0.000142 
0.000164 
0.000179 
0.000188 
0.000191 
0.000188 
0.000179 
0.000164 
0.000142 
0.000115 
0.000087 
0.000061 
0.000039 
0.000023 
0.000012 
0.000006 
0.000002 
0.000001 
0.000000 
0.000000 
0.000000 
0.000000 
0.000000 
0.000000 
0.000000 
0.000000 
0.000000 
0.000000 
0.000000 
0.000000 
0.000001 
0.000004 
0.000010 
0.000022 
0.000044 
0.000083 
0.000142 
0.000220 
0.000314 
0.000414 
0.000508 
0.000585 
0.000641 
0.000674 
0.000685 
0.000674 
0.000641 
0.000585 
0.000508 
0.000414 
0.000314 
0.000220 
0.000142 
0.000083 
0.000044 
0.000022 
0.000010 
0.000004 
0.000001 
0.000000 
0.000000 
0.000000 
0.000000 
0.000000 
0.000000 
0.000000 
0.000000 
0.000000 
0.000001 
0.000002 
0.000005 
0.000014 
0.000034 
0.000075 
0.000153 
0.000282 
0.000477 
0.000736 
0.001046 
0.001374 
0.001682 
0.001938 
0.002124 
0.002234 
0.002270 
0.002234 
0.002124 
0.001938 
0.001682 
0.001374 
0.001046 
0.000736 
0.000477 
0.000282 
0.000152 
0.000075 
0.000034 
0.000014 
0.000005 
0.000000 
0.000000 
0.000000 
0.000000 
0.000000 
0.000000 
0.000000 
0.000000 
0.000001 
0.000002 
0.000006 
0.000017 
0.000045 
0.000109 
0.000240 
0.000482 
0.000884 
0.001481 
0.002275 
0.003217 
0.004214 
0.005152 
0.005935 
0.006504 
0.006842 
0.006954 
0.006842 
0.006504 
0.005935 
0.005152 
0.004214 
0.003217 
0.002275 
0.001481 
0.000884 
0.000482 
0.000240 
0.000109 
0.000045 
0.000015 
0.000000 
0.000000 
0.000000 
0.000000 
0.000000 
0.000000 
0.000000 
0.000000 
0.000002 
0.000006 
0.000018 
0.000052 
0.000136 
0.000324 
0.000706 
0.001404 
0.002552 
0.004246 
0.006487 
0.009138 
0.011939 
0.014579 
0.016786 
0.018397 
0.019356 
0.019672 
0.019356 
0.018397 
0.016786 
0.014579 
0.011939 
0.009138 
0.006487 
0.004246 
0.002552 
0.001404 
0.000706 
0.000324 
0.000134 
0.000046 
0.000000 
0.000000 
0.000000 
0.000000 
0.000000 
0.000000 
0.000000 
0.000001 
0.000005 
0.000017 
0.000052 
0.000147 
0.000377 
0.000888 
0.001912 
0.003765 
0.006788 
0.011221 
0.017059 
0.023945 
0.031214 
0.038069 
0.043813 
0.048016 
0.050529 
0.051358 
0.050529 
0.048016 
0.043813 
0.038069 
0.031214 
0.023945 
0.017059 
0.011221 
0.006788 
0.003765 
0.001911 
0.000886 
0.000372 
0.000130 
0.000000 
0.000000 
0.000000 
0.000000 
0.000000 
0.000000 
0.000001 
0.000004 
0.000014 
0.000045 
0.000136 
0.000377 
0.000958 
0.002230 
0.004754 
0.009283 
0.016617 
0.027313 
0.041335 
0.057836 
0.075239 
0.091659 
0.105443 
0.115558 
0.121621 
0.123626 
0.121621 
0.115558 
0.105443 
0.091659 
0.075239 
0.057836 
0.041335 
0.027313 
0.016617 
0.009283 
0.004753 
0.002226 
0.000944 
0.000332 
0.000000 
0.000000 
0.000000 
0.000000 
0.000000 
0.000001 
0.000002 
0.000010 
0.000034 
0.000109 
0.000324 
0.000888 
0.002230 
0.005138 
0.010857 
0.021039 
0.037421 
0.061191 
0.092239 
0.128691 
0.167105 
0.203366 
0.233857 
0.256287 
0.269762 
0.274226 
0.269762 
0.256287 
0.233857 
0.203366 
0.167105 
0.128691 
0.092239 
0.061191 
0.037421 
0.021038 
0.010854 
0.005129 
0.002196 
0.000779 
0.000000 
0.000000 
0.000000 
0.000000 
0.000000 
0.000001 
0.000006 
0.000022 
0.000075 
0.000240 
0.000706 
0.001912 
0.004754 
0.010857 
0.022761 
0.043815 
0.077496 
0.126148 
0.189491 
0.263713 
0.341872 
0.415680 
0.477834 
0.523648 
0.551228 
0.560376 
0.551228 
0.523648 
0.477834 
0.415680 
0.341872 
0.263713 
0.189491 
0.126148 
0.077496 
0.043813 
0.022756 
0.010835 
0.004679 
0.001672 
0.000000 
0.000000 
0.000000 
0.000000 
0.000001 
0.000003 
0.000012 
0.000044 
0.000153 
0.000482 
0.001404 
0.003765 
0.009283 
0.021039 
0.043815 
0.083857 
0.147605 
0.239336 
0.358433 
0.497746 
0.644356 
0.782855 
0.899625 
0.985846 
1.037841 
1.055108 
1.037841 
0.985846 
0.899625 
0.782855 
0.644356 
0.497746 
0.358433 
0.239336 
0.147605 
0.083854 
0.043803 
0.020994 
0.009130 
0.003283 
0.000000 
0.000000 
0.000000 
0.000000 
0.000001 
0.000006 
0.000023 
0.000083 
0.000282 
0.000884 
0.002552 
0.006788 
0.016617 
0.037421 
0.077496 
0.147605 
0.258768 
0.418211 
0.624739 
0.865981 
1.119720 
1.359493 
1.561846 
1.711477 
1.801840 
1.831874 
1.801840 
1.711477 
1.561846 
1.359493 
1.119720 
0.865981 
0.624739 
0.418210 
0.258767 
0.147600 
0.077474 
0.037338 
0.016335 
0.005904 
0.000000 
0.000000 
0.000000 
0.000001 
0.000002 
0.000010 
0.000039 
0.000142 
0.000477 
0.001481 
0.004246 
0.011221 
0.027313 
0.061191 
0.126148 
0.239336 
0.418211 
0.674108 
1.004952 
1.390957 
1.796782 
2.180356 
2.504328 
2.744163 
2.889167 
2.937399 
2.889167 
2.744163 
2.504328 
2.180356 
1.796782 
1.390957 
1.004952 
0.674107 
0.418208 
0.239326 
0.126110 
0.061049 
0.026836 
0.009740 
0.000000 
0.000000 
0.000000 
0.000001 
0.000004 
0.000016 
0.000061 
0.000220 
0.000736 
0.002275 
0.006487 
0.017059 
0.041335 
0.092239 
0.189491 
0.358433 
0.624739 
1.004952 
1.495808 
2.067992 
2.669349 
3.237836 
3.718280 
4.074262 
4.289677 
4.361368 
4.289677 
4.074262 
3.718280 
3.237836 
2.669349 
2.067992 
1.495808 
1.004951 
0.624736 
0.358417 
0.189430 
0.092018 
0.040599 
0.014784 
0.000000 
0.000000 
0.000000 
0.000001 
0.000005 
0.000022 
0.000087 
0.000314 
0.001046 
0.003217 
0.009138 
0.023945 
0.057836 
0.128691 
0.263713 
0.497746 
0.865981 
1.390957 
2.067992 
2.856691 
3.685397 
4.468906 
5.131361 
5.622511 
5.919908 
6.018923 
5.919908 
5.622511 
5.131361 
4.468906 
3.685397 
2.856690 
2.067992 
1.390956 
0.865976 
0.497724 
0.263625 
0.128377 
0.056790 
0.020727 
0.000000 
0.000000 
0.000000 
0.000002 
0.000007 
0.000030 
0.000115 
0.000414 
0.001374 
0.004214 
0.011939 
0.031214 
0.075239 
0.167105 
0.341872 
0.644356 
1.119720 
1.796782 
2.669349 
3.685397 
4.752811 
5.762094 
6.615685 
7.248807 
7.632327 
7.760049 
7.632327 
7.248807 
6.615685 
5.762094 
4.752811 
3.685397 
2.669348 
1.796780 
1.119713 
0.644326 
0.341756 
0.166691 
0.073866 
0.027000 
0.000000 
0.000000 
0.000000 
0.000002 
0.000009 
0.000037 
0.000142 
0.000508 
0.001682 
0.005152 
0.014579 
0.038069 
0.091659 
0.203366 
0.415680 
0.782855 
1.359493 
2.180356 
3.237836 
4.468906 
5.762094 
6.984911 
8.019267 
8.786647 
9.251604 
9.406470 
9.251604 
8.786647 
8.019267 
6.984911 
5.762094 
4.468906 
3.237836 
2.180354 
1.359484 
0.782819 
0.415539 
0.202858 
0.089977 
0.032917 
0.000000 
0.000000 
0.000000 
0.000002 
0.000010 
0.000042 
0.000164 
0.000585 
0.001938 
0.005935 
0.016786 
0.043813 
0.105443 
0.233857 
0.477834 
0.899625 
1.561846 
2.504328 
3.718280 
5.131361 
6.615685 
8.019267 
9.206615 
10.087588 
10.621427 
10.799248 
10.621427 
10.087588 
9.206615 
8.019267 
6.615685 
5.131361 
3.718280 
2.504326 
1.561836 
0.899582 
0.477670 
0.233272 
0.103504 
0.037877 
0.000000 
0.000000 
0.000001 
0.000002 
0.000011 
0.000046 
0.000179 
0.000641 
0.002124 
0.006504 
0.018397 
0.048016 
0.115558 
0.256287 
0.523648 
0.985846 
1.711477 
2.744163 
4.074262 
5.622511 
7.248807 
8.786647 
10.087588 
11.052865 
11.637802 
11.832646 
11.637802 
11.052865 
10.087588 
8.786647 
7.248807 
5.622511 
4.074261 
2.744161 
1.711466 
0.985800 
0.523469 
0.255646 
0.113434 
0.041512 
0.000000 
0.000000 
0.000001 
0.000003 
0.000012 
0.000049 
0.000188 
0.000674 
0.002234 
0.006842 
0.019356 
0.050529 
0.121621 
0.269762 
0.551228 
1.037841 
1.801840 
2.889167 
4.289677 
5.919908 
7.632327 
9.251604 
10.621427 
11.637802 
12.253696 
12.458850 
12.253696 
11.637802 
10.621427 
9.251604 
7.632327 
5.919908 
4.289676 
2.889165 
1.801828 
1.037793 
0.551040 
0.269087 
0.119387 
0.043686 
0.000000 
0.000000 
0.000001 
0.000003 
0.000012 
0.000049 
0.000191 
0.000685 
0.002270 
0.006954 
0.019672 
0.051358 
0.123626 
0.274226 
0.560376 
1.055108 
1.831874 
2.937399 
4.361368 
6.018923 
7.760049 
9.406470 
10.799248 
11.832646 
12.458850 
12.667438 
12.458850 
11.832646 
10.799248 
9.406470 
7.760049 
6.018923 
4.361367 
2.937396 
1.831862 
1.055058 
0.560185 
0.273540 
0.121356 
0.044405 
0.000000 
0.000000 
0.000001 
0.000003 
0.000012 
0.000049 
0.000188 
0.000674 
0.002234 
0.006842 
0.019356 
0.050529 
0.121621 
0.269762 
0.551228 
1.037841 
1.801840 
2.889167 
4.289677 
5.919908 
7.632327 
9.251604 
10.621427 
11.637802 
12.253696 
12.458850 
12.253696 
11.637802 
10.621427 
9.251604 
7.632327 
5.919908 
4.289676 
2.889165 
1.801828 
1.037793 
0.551040 
0.269087 
0.119387 
0.043686 
0.000000 
0.000000 
0.000001 
0.000002 
0.000011 
0.000046 
0.000179 
0.000641 
0.002124 
0.006504 
0.018397 
0.048016 
0.115558 
0.256287 
0.523648 
0.985846 
1.711477 
2.744163 
4.074262 
5.622511 
7.248807 
8.786647 
10.087588 
11.052865 
11.637802 
11.832646 
11.637802 
11.052865 
10.087588 
8.786647 
7.248807 
5.622511 
4.074261 
2.744161 
1.711466 
0.985800 
0.523469 
0.255646 
0.113434 
0.041512 
0.000000 
0.000000 
0.000000 
0.000002 
0.000010 
0.000042 
0.000164 
0.000585 
0.001938 
0.005935 
0.016786 
0.043813 
0.105443 
0.233857 
0.477834 
0.899625 
1.561846 
2.504328 
3.718280 
5.131361 
6.615685 
8.019267 
9.206615 
10.087588 
10.621427 
10.799248 
10.621427 
10.087588 
9.206615 
8.019267 
6.615685 
5.131361 
3.718280 
2.504326 
1.561836 
0.899582 
0.477670 
0.233272 
0.103504 
0.037877 
0.000000 
0.000000 
0.000000 
0.000002 
0.000009 
0.000037 
0.000142 
0.000508 
0.001682 
0.005152 
0.014579 
0.038069 
0.091659 
0.203366 
0.415680 
0.782855 
1.359493 
2.180356 
3.237836 
4.468906 
5.762094 
6.984911 
8.019267 
8.786647 
9.251604 
9.406470 
9.251604 
8.786647 
8.019267 
6.984911 
5.762094 
4.468906 
3.237836 
2.180354 
1.359484 
0.782819 
0.415539 
0.202858 
0.089977 
0.032917 
0.000000 
0.000000 
0.000000 
0.000002 
0.000007 
0.000030 
0.000115 
0.000414 
0.001374 
0.004214 
0.011939 
0.031214 
0.075239 
0.167105 
0.341872 
0.644356 
1.119720 
1.796782 
2.669349 
3.685397 
4.752811 
5.762094 
6.615685 
7.248807 
7.632327 
7.760049 
7.632327 
7.248807 
6.615685 
5.762094 
4.752811 
3.685397 
2.669348 
1.796780 
1.119713 
0.644326 
0.341756 
0.166691 
0.073866 
0.027000 
0.000000 
0.000000 
0.000000 
0.000001 
0.000005 
0.000022 
0.000087 
0.000314 
0.001046 
0.003217 
0.009138 
0.023945 
0.057836 
0.128691 
0.263713 
0.497746 
0.865981 
1.390957 
2.067992 
2.856690 
3.685397 
4.468906 
5.131361 
5.622511 
5.919908 
6.018923 
5.919908 
5.622511 
5.131361 
4.468906 
3.685397 
2.856690 
2.067992 
1.390956 
0.865975 
0.497724 
0.263625 
0.128377 
0.056790 
0.020727 
0.000000 
0.000000 
0.000000 
0.000001 
0.000004 
0.000016 
0.000061 
0.000220 
0.000736 
0.002275 
0.006487 
0.017059 
0.041335 
0.092239 
0.189491 
0.358433 
0.624739 
1.004952 
1.495808 
2.067992 
2.669348 
3.237836 
3.718280 
4.074261 
4.289676 
4.361367 
4.289676 
4.074261 
3.718280 
3.237836 
2.669348 
2.067992 
1.495808 
1.004951 
0.624736 
0.358417 
0.189430 
0.092018 
0.040599 
0.014784 
0.000000 
0.000000 
0.000000 
0.000001 
0.000002 
0.000010 
0.000039 
0.000142 
0.000477 
0.001481 
0.004246 
0.011221 
0.027313 
0.061191 
0.126148 
0.239336 
0.418210 
0.674107 
1.004951 
1.390956 
1.796780 
2.180354 
2.504326 
2.744161 
2.889165 
2.937396 
2.889165 
2.744161 
2.504326 
2.180354 
1.796780 
1.390956 
1.004951 
0.674107 
0.418208 
0.239326 
0.126109 
0.061049 
0.026836 
0.009740 
0.000000 
0.000000 
0.000000 
0.000000 
0.000001 
0.000006 
0.000023 
0.000083 
0.000282 
0.000884 
0.002552 
0.006788 
0.016617 
0.037421 
0.077496 
0.147605 
0.258767 
0.418208 
0.624736 
0.865976 
1.119713 
1.359484 
1.561836 
1.711466 
1.801828 
1.831862 
1.801828 
1.711466 
1.561836 
1.359484 
1.119713 
0.865975 
0.624736 
0.418208 
0.258765 
0.147599 
0.077473 
0.037338 
0.016335 
0.005904 
0.000000 
0.000000 
0.000000 
0.000000 
0.000001 
0.000003 
0.000012 
0.000044 
0.000152 
0.000482 
0.001404 
0.003765 
0.009283 
0.021038 
0.043813 
0.083854 
0.147600 
0.239326 
0.358417 
0.497724 
0.644326 
0.782819 
0.899582 
0.985800 
1.037793 
1.055058 
1.037793 
0.985800 
0.899582 
0.782819 
0.644326 
0.497724 
0.358417 
0.239326 
0.147599 
0.083851 
0.043801 
0.020994 
0.009130 
0.003282 
0.000000 
0.000000 
0.000000 
0.000000 
0.000000 
0.000001 
0.000006 
0.000022 
0.000075 
0.000240 
0.000706 
0.001911 
0.004753 
0.010854 
0.022756 
0.043803 
0.077474 
0.126110 
0.189430 
0.263625 
0.341756 
0.415539 
0.477670 
0.523469 
0.551040 
0.560185 
0.551040 
0.523469 
0.477670 
0.415539 
0.341756 
0.263625 
0.189430 
0.126109 
0.077473 
0.043801 
0.022750 
0.010832 
0.004678 
0.001671 
0.000000 
0.000000 
0.000000 
0.000000 
0.000000 
0.000001 
0.000002 
0.000010 
0.000034 
0.000109 
0.000324 
0.000886 
0.002226 
0.005129 
0.010835 
0.020994 
0.037338 
0.061049 
0.092018 
0.128377 
0.166691 
0.202858 
0.233272 
0.255646 
0.269087 
0.273540 
0.269087 
0.255646 
0.233272 
0.202858 
0.166691 
0.128377 
0.092018 
0.061049 
0.037338 
0.020994 
0.010832 
0.005119 
0.002193 
0.000778 
0.000000 
0.000000 
0.000000 
0.000000 
0.000000 
0.000000 
0.000001 
0.000004 
0.000014 
0.000045 
0.000134 
0.000372 
0.000944 
0.002196 
0.004679 
0.009130 
0.016335 
0.026836 
0.040599 
0.056790 
0.073866 
0.089977 
0.103504 
0.113434 
0.119387 
0.121356 
0.119387 
0.113434 
0.103504 
0.089977 
0.073866 
0.056790 
0.040599 
0.026836 
0.016335 
0.009130 
0.004678 
0.002193 
0.000931 
0.000328 
0.000000 
0.000000 
0.000000 
0.000000 
0.000000 
0.000000 
0.000000 
0.000001 
0.000005 
0.000015 
0.000046 
0.000130 
0.000332 
0.000779 
0.001672 
0.003283 
0.005904 
0.009740 
0.014784 
0.020727 
0.027000 
0.032917 
0.037877 
0.041512 
0.043686 
0.044405 
0.043686 
0.041512 
0.037877 
0.032917 
0.027000 
0.020727 
0.014784 
0.009740 
0.005904 
0.003282 
0.001671 
0.000778 
0.000328 
0.000114 
0.000000 
0.000000 
0.000000 
0.000000 
0.000000 
0.000000 
0.000000 
0.000000 
0.000000 
0.000000 
0.000000 
0.000000 
0.000000 
0.000000 
0.000000 
0.000000 
0.000000 
0.000000 
0.000000 
0.000000 
0.000000 
0.000000 
0.000000 
0.000000 
0.000000 
0.000000 
0.000000 
0.000000 
0.000000 
0.000000 
0.000000 
0.000000 
0.000000 
0.000000 
0.000000 
0.000000 
0.000000 
0.000000 
0.000000 
0.000000 
0.000000 
