# z = ,(t = 4)
0.000965 
0.001973 
0.003066 
0.004283 
0.005661 
0.007236 
0.009034 
0.011078 
0.013383 
0.015952 
0.018779 
0.021844 
0.025116 
0.028549 
0.032086 
0.035657 
0.039183 
0.042577 
0.045749 
0.048610 
0.051071 
0.053055 
0.054493 
0.055332 
0.055535 
0.055083 
0.053976 
0.052230 
0.049877 
0.046963 
0.043544 
0.039681 
0.035440 
0.030884 
0.026077 
0.021072 
0.015922 
0.010668 
0.005350 
0.000000 
0.001973 
0.004034 
0.006267 
0.008754 
0.011572 
0.014789 
0.018464 
0.022643 
0.027353 
0.032603 
0.038379 
0.044643 
0.051329 
0.058345 
0.065572 
0.072869 
0.080073 
0.087008 
0.093490 
0.099334 
0.104364 
0.108417 
0.111355 
0.113070 
0.113485 
0.112562 
0.110299 
0.106730 
0.101922 
0.095968 
0.088981 
0.081088 
0.072421 
0.063113 
0.053288 
0.043062 
0.032536 
0.021801 
0.010932 
0.000000 
0.003066 
0.006267 
0.009735 
0.013598 
0.017975 
0.022972 
0.028681 
0.035170 
0.042484 
0.050637 
0.059607 
0.069333 
0.079715 
0.090608 
0.101830 
0.113159 
0.124344 
0.135112 
0.145175 
0.154249 
0.162057 
0.168349 
0.172911 
0.175573 
0.176217 
0.174783 
0.171269 
0.165728 
0.158263 
0.149018 
0.138170 
0.125914 
0.112457 
0.098003 
0.082747 
0.066868 
0.050524 
0.033853 
0.016976 
0.000000 
0.004283 
0.008754 
0.013598 
0.018994 
0.025106 
0.032085 
0.040056 
0.049117 
0.059329 
0.070712 
0.083235 
0.096813 
0.111306 
0.126513 
0.142177 
0.157991 
0.173604 
0.188633 
0.202680 
0.215344 
0.226242 
0.235024 
0.241391 
0.245105 
0.246003 
0.244002 
0.239096 
0.231362 
0.220941 
0.208036 
0.192892 
0.175784 
0.156998 
0.136821 
0.115523 
0.093354 
0.070537 
0.047263 
0.023701 
0.000000 
0.005661 
0.011572 
0.017975 
0.025106 
0.033185 
0.042407 
0.052940 
0.064912 
0.078404 
0.093442 
0.109986 
0.127923 
0.147067 
0.167154 
0.187844 
0.208731 
0.229352 
0.249201 
0.267752 
0.284477 
0.298869 
0.310467 
0.318874 
0.323779 
0.324964 
0.322319 
0.315840 
0.305624 
0.291860 
0.274814 
0.254811 
0.232213 
0.207398 
0.180745 
0.152611 
0.123326 
0.093183 
0.062438 
0.031311 
0.000000 
0.007236 
0.014789 
0.022972 
0.032085 
0.042407 
0.054189 
0.067645 
0.082938 
0.100172 
0.119379 
0.140507 
0.163415 
0.187863 
0.213513 
0.239933 
0.266603 
0.292932 
0.318276 
0.341961 
0.363315 
0.381689 
0.396496 
0.407229 
0.413489 
0.415001 
0.411623 
0.403349 
0.390303 
0.372727 
0.350961 
0.325418 
0.296560 
0.264872 
0.230835 
0.194906 
0.157507 
0.119010 
0.079743 
0.039989 
0.000000 
0.009034 
0.018464 
0.028681 
0.040056 
0.052940 
0.067645 
0.084437 
0.103520 
0.125025 
0.148989 
0.175349 
0.203928 
0.234426 
0.266423 
0.299378 
0.332645 
0.365485 
0.397095 
0.426636 
0.453268 
0.476183 
0.494649 
0.508033 
0.515840 
0.517724 
0.513509 
0.503187 
0.486914 
0.464990 
0.437839 
0.405976 
0.369978 
0.330449 
0.287987 
0.243165 
0.196508 
0.148480 
0.099490 
0.049892 
0.000000 
0.011078 
0.022643 
0.035170 
0.049117 
0.064912 
0.082938 
0.103520 
0.126910 
0.153265 
0.182633 
0.214934 
0.249952 
0.287320 
0.326523 
0.366899 
0.407654 
0.447885 
0.486609 
0.522796 
0.555419 
0.583489 
0.606107 
0.622501 
0.632061 
0.634367 
0.629201 
0.616555 
0.596617 
0.569757 
0.536492 
0.497455 
0.453350 
0.404917 
0.352890 
0.297970 
0.240798 
0.181947 
0.121915 
0.061138 
0.000000 
0.013383 
0.027353 
0.042484 
0.059329 
0.078404 
0.100172 
0.125025 
0.153265 
0.185083 
0.220535 
0.259527 
0.301796 
0.346900 
0.394215 
0.442945 
0.492130 
0.540682 
0.587413 
0.631082 
0.670448 
0.704319 
0.731611 
0.751392 
0.762926 
0.765706 
0.759469 
0.744205 
0.720142 
0.687724 
0.647576 
0.600461 
0.547229 
0.488771 
0.425974 
0.359683 
0.290673 
0.219634 
0.147169 
0.073802 
0.000000 
0.015952 
0.032603 
0.050637 
0.070712 
0.093442 
0.119379 
0.148989 
0.182633 
0.220535 
0.262765 
0.309208 
0.359552 
0.413269 
0.469619 
0.527649 
0.586222 
0.644037 
0.699682 
0.751680 
0.798553 
0.838883 
0.871378 
0.894928 
0.908659 
0.911966 
0.904536 
0.886358 
0.857701 
0.819095 
0.771283 
0.715173 
0.651777 
0.582157 
0.507367 
0.428413 
0.346219 
0.261607 
0.175294 
0.087907 
0.000000 
0.018779 
0.038379 
0.059607 
0.083235 
0.109986 
0.140507 
0.175349 
0.214934 
0.259527 
0.309208 
0.363844 
0.423064 
0.486250 
0.552529 
0.620784 
0.689672 
0.757669 
0.823111 
0.884262 
0.939385 
0.986812 
1.025024 
1.052717 
1.068861 
1.072747 
1.064006 
1.042623 
1.008917 
0.963510 
0.907274 
0.841278 
0.766710 
0.684819 
0.596845 
0.503972 
0.407285 
0.307751 
0.206215 
0.103413 
0.000000 
0.021844 
0.044643 
0.069333 
0.096813 
0.127923 
0.163415 
0.203928 
0.249952 
0.301796 
0.359552 
0.423064 
0.491902 
0.565348 
0.642385 
0.721716 
0.801781 
0.880807 
0.956862 
1.027930 
1.091989 
1.147103 
1.191508 
1.223688 
1.242446 
1.246957 
1.236796 
1.211941 
1.172765 
1.119988 
1.054627 
0.977918 
0.891247 
0.796061 
0.693803 
0.585848 
0.473456 
0.357753 
0.239721 
0.120216 
0.000000 
0.025116 
0.051329 
0.079715 
0.111306 
0.147067 
0.187863 
0.234426 
0.287320 
0.346900 
0.413269 
0.486250 
0.565348 
0.649736 
0.738248 
0.829391 
0.921376 
1.012164 
1.099537 
1.181178 
1.254766 
1.318079 
1.369087 
1.406050 
1.427595 
1.432774 
1.421096 
1.392539 
1.347528 
1.286893 
1.211798 
1.123665 
1.024084 
0.914719 
0.797225 
0.673182 
0.544040 
0.411090 
0.275462 
0.138140 
0.000000 
0.028549 
0.058345 
0.090608 
0.126513 
0.167154 
0.213513 
0.266423 
0.326523 
0.394215 
0.469619 
0.552529 
0.642385 
0.738248 
0.838792 
0.942321 
1.046804 
1.149924 
1.249164 
1.341890 
1.425469 
1.497376 
1.555306 
1.597285 
1.621751 
1.627629 
1.614360 
1.581921 
1.530793 
1.461916 
1.376615 
1.276504 
1.163387 
1.039152 
0.905682 
0.764770 
0.618061 
0.467025 
0.312944 
0.156937 
0.000000 
0.032086 
0.065572 
0.101830 
0.142177 
0.187844 
0.239933 
0.299378 
0.366899 
0.442945 
0.527649 
0.620784 
0.721716 
0.829391 
0.942321 
1.058602 
1.175950 
1.291765 
1.403218 
1.507356 
1.601219 
1.681971 
1.747026 
1.794166 
1.821640 
1.828236 
1.813330 
1.776894 
1.719468 
1.642108 
1.546301 
1.433858 
1.306805 
1.167263 
1.017346 
0.859065 
0.694272 
0.524614 
0.351535 
0.176290 
0.000000 
0.035657 
0.072869 
0.113159 
0.157991 
0.208731 
0.266603 
0.332645 
0.407654 
0.492130 
0.586222 
0.689672 
0.801781 
0.921376 
1.046804 
1.175950 
1.306277 
1.434901 
1.558677 
1.674327 
1.778564 
1.868240 
1.940484 
1.992831 
2.023337 
2.030658 
2.014099 
1.973630 
1.909850 
1.823931 
1.717523 
1.592638 
1.451524 
1.296537 
1.130023 
0.954218 
0.771176 
0.582728 
0.390477 
0.195820 
0.000000 
0.039183 
0.080073 
0.124344 
0.173604 
0.229352 
0.292932 
0.365485 
0.447885 
0.540682 
0.644037 
0.757669 
0.880807 
1.012164 
1.149924 
1.291765 
1.434901 
1.576162 
1.712097 
1.839106 
1.953579 
2.052060 
2.131396 
2.188880 
2.222378 
2.230413 
2.212224 
2.167774 
2.097724 
2.003359 
1.886491 
1.749328 
1.594339 
1.424111 
1.241220 
1.048121 
0.847070 
0.640079 
0.428908 
0.215093 
0.000000 
0.042577 
0.087008 
0.135112 
0.188633 
0.249201 
0.318276 
0.397095 
0.486609 
0.587413 
0.699682 
0.823111 
0.956862 
1.099537 
1.249164 
1.403218 
1.558677 
1.712097 
1.859732 
1.997669 
2.121990 
2.228942 
2.315100 
2.377526 
2.413902 
2.422625 
2.402866 
2.354587 
2.278504 
2.176013 
2.049079 
1.900103 
1.731764 
1.546870 
1.348220 
1.138480 
0.920100 
0.695266 
0.465889 
0.233639 
0.000000 
0.045749 
0.093490 
0.145175 
0.202680 
0.267752 
0.341961 
0.426636 
0.522796 
0.631082 
0.751680 
0.884262 
1.027930 
1.181178 
1.341890 
1.507356 
1.674327 
1.839106 
1.997669 
2.145814 
2.279335 
2.394200 
2.486731 
2.553774 
2.592838 
2.602202 
2.580977 
2.529120 
2.447401 
2.337317 
2.200982 
2.040969 
1.860157 
1.661563 
1.448190 
1.222903 
0.988333 
0.746828 
0.500442 
0.250967 
0.000000 
0.048610 
0.099334 
0.154249 
0.215344 
0.284477 
0.363315 
0.453268 
0.555419 
0.670448 
0.798553 
0.939385 
1.091989 
1.254766 
1.425469 
1.601219 
1.778564 
1.953579 
2.121990 
2.279335 
2.421146 
2.543141 
2.641415 
2.712618 
2.754104 
2.764046 
2.741499 
2.686418 
2.599619 
2.482694 
2.337884 
2.167926 
1.975873 
1.764932 
1.538290 
1.298991 
1.049830 
0.793300 
0.531583 
0.266584 
0.000000 
0.051071 
0.104364 
0.162057 
0.226242 
0.298869 
0.381689 
0.476183 
0.583489 
0.704319 
0.838883 
0.986812 
1.147103 
1.318079 
1.497376 
1.681971 
1.868240 
2.052060 
2.228942 
2.394200 
2.543141 
2.671269 
2.774482 
2.849263 
2.892832 
2.903270 
2.879586 
2.821732 
2.730564 
2.607754 
2.455655 
2.277140 
2.075419 
1.853856 
1.615800 
1.364448 
1.102734 
0.833278 
0.558373 
0.280020 
0.000000 
0.053055 
0.108417 
0.168349 
0.235024 
0.310467 
0.396496 
0.494649 
0.606107 
0.731611 
0.871378 
1.025024 
1.191508 
1.369087 
1.555306 
1.747026 
1.940484 
2.131396 
2.315100 
2.486731 
2.641415 
2.774482 
2.881674 
2.959335 
3.004582 
3.015421 
2.990821 
2.930732 
2.836044 
2.708494 
2.550524 
2.365118 
2.155608 
1.925489 
1.678239 
1.417177 
1.145351 
0.865484 
0.579955 
0.290843 
0.000000 
0.054493 
0.111355 
0.172911 
0.241391 
0.318874 
0.407229 
0.508033 
0.622501 
0.751392 
0.894928 
1.052717 
1.223688 
1.406050 
1.597285 
1.794166 
1.992831 
2.188880 
2.377526 
2.553774 
2.712618 
2.849263 
2.959335 
3.039084 
3.085546 
3.096674 
3.071410 
3.009703 
2.912465 
2.781480 
2.619257 
2.428859 
2.213706 
1.977389 
1.723478 
1.455381 
1.176230 
0.888818 
0.595591 
0.298685 
0.000000 
0.055332 
0.113070 
0.175573 
0.245105 
0.323779 
0.413489 
0.515840 
0.632061 
0.762926 
0.908659 
1.068861 
1.242446 
1.427595 
1.621751 
1.821640 
2.023337 
2.222378 
2.413902 
2.592838 
2.754104 
2.892832 
3.004582 
3.085546 
3.132715 
3.144011 
3.118360 
3.055710 
2.956988 
2.824002 
2.659302 
2.465995 
2.247556 
2.007628 
1.749836 
1.477641 
1.194222 
0.902414 
0.604703 
0.303254 
0.000000 
0.055535 
0.113485 
0.176217 
0.246003 
0.324964 
0.415001 
0.517724 
0.634367 
0.765706 
0.911966 
1.072747 
1.246957 
1.432774 
1.627629 
1.828236 
2.030658 
2.230413 
2.422625 
2.602202 
2.764046 
2.903270 
3.015421 
3.096674 
3.144011 
3.155347 
3.129603 
3.066727 
2.967650 
2.834186 
2.668893 
2.474891 
2.255666 
2.014873 
1.756153 
1.482976 
1.198534 
0.905674 
0.606887 
0.304350 
0.000000 
0.055083 
0.112562 
0.174783 
0.244002 
0.322319 
0.411623 
0.513509 
0.629201 
0.759469 
0.904536 
1.064006 
1.236796 
1.421096 
1.614360 
1.813330 
2.014099 
2.212224 
2.402866 
2.580977 
2.741499 
2.879586 
2.990821 
3.071410 
3.118360 
3.129603 
3.104069 
3.041706 
2.943438 
2.811063 
2.647120 
2.454701 
2.237265 
1.998437 
1.741828 
1.470880 
1.188758 
0.898287 
0.601937 
0.301867 
0.000000 
0.053976 
0.110299 
0.171269 
0.239096 
0.315840 
0.403349 
0.503187 
0.616555 
0.744205 
0.886358 
1.042623 
1.211941 
1.392539 
1.581921 
1.776894 
1.973630 
2.167774 
2.354587 
2.529120 
2.686418 
2.821732 
2.930732 
3.009703 
3.055710 
3.066727 
3.041706 
2.980597 
2.884302 
2.754587 
2.593937 
2.405383 
2.192315 
1.958286 
1.706832 
1.441328 
1.164874 
0.880239 
0.589843 
0.295802 
0.000000 
0.052230 
0.106730 
0.165728 
0.231362 
0.305624 
0.390303 
0.486914 
0.596617 
0.720142 
0.857701 
1.008917 
1.172765 
1.347528 
1.530793 
1.719468 
1.909850 
2.097724 
2.278504 
2.447401 
2.599619 
2.730564 
2.836044 
2.912465 
2.956988 
2.967650 
2.943438 
2.884302 
2.791118 
2.665593 
2.510132 
2.327669 
2.121484 
1.895014 
1.651684 
1.394757 
1.127236 
0.851797 
0.570784 
0.286244 
0.000000 
0.049877 
0.101922 
0.158263 
0.220941 
0.291860 
0.372727 
0.464990 
0.569757 
0.687724 
0.819095 
0.963510 
1.119988 
1.286893 
1.461916 
1.642108 
1.823931 
2.003359 
2.176013 
2.337317 
2.482694 
2.607754 
2.708494 
2.781480 
2.824002 
2.834186 
2.811063 
2.754587 
2.665593 
2.545712 
2.397241 
2.222982 
2.026068 
1.809783 
1.577395 
1.332023 
1.076533 
0.813483 
0.545110 
0.273369 
0.000000 
0.046963 
0.095968 
0.149018 
0.208036 
0.274814 
0.350961 
0.437839 
0.536492 
0.647576 
0.771283 
0.907274 
1.054627 
1.211798 
1.376615 
1.546301 
1.717523 
1.886491 
2.049079 
2.200982 
2.337884 
2.455655 
2.550524 
2.619257 
2.659302 
2.668893 
2.647120 
2.593937 
2.510132 
2.397241 
2.257427 
2.093329 
1.907898 
1.704225 
1.485390 
1.254328 
1.013740 
0.766032 
0.513313 
0.257423 
0.000000 
0.043544 
0.088981 
0.138170 
0.192892 
0.254811 
0.325418 
0.405976 
0.497455 
0.600461 
0.715173 
0.841278 
0.977918 
1.123665 
1.276504 
1.433858 
1.592638 
1.749328 
1.900103 
2.040969 
2.167926 
2.277140 
2.365118 
2.428859 
2.465995 
2.474891 
2.454701 
2.405383 
2.327669 
2.222982 
2.093329 
1.941158 
1.769204 
1.580334 
1.377405 
1.163140 
0.940041 
0.710341 
0.475994 
0.238707 
0.000000 
0.039681 
0.081088 
0.125914 
0.175784 
0.232213 
0.296560 
0.369978 
0.453350 
0.547229 
0.651777 
0.766710 
0.891247 
1.024084 
1.163387 
1.306805 
1.451524 
1.594339 
1.731764 
1.860157 
1.975873 
2.075419 
2.155608 
2.213706 
2.247556 
2.255666 
2.237265 
2.192315 
2.121484 
2.026068 
1.907898 
1.769204 
1.612479 
1.440338 
1.255384 
1.060098 
0.856762 
0.647410 
0.433825 
0.217560 
0.000000 
0.035440 
0.072421 
0.112457 
0.156998 
0.207398 
0.264872 
0.330449 
0.404917 
0.488771 
0.582157 
0.684819 
0.796061 
0.914719 
1.039152 
1.167263 
1.296537 
1.424111 
1.546870 
1.661563 
1.764932 
1.853856 
1.925489 
1.977389 
2.007628 
2.014873 
1.998437 
1.958286 
1.895014 
1.809783 
1.704225 
1.580334 
1.440338 
1.286572 
1.121361 
0.946922 
0.765293 
0.578291 
0.387508 
0.194332 
0.000000 
0.030884 
0.063113 
0.098003 
0.136821 
0.180745 
0.230835 
0.287987 
0.352890 
0.425974 
0.507367 
0.596845 
0.693803 
0.797225 
0.905682 
1.017346 
1.130023 
1.241220 
1.348220 
1.448190 
1.538290 
1.615800 
1.678239 
1.723478 
1.749836 
1.756153 
1.741828 
1.706832 
1.651684 
1.577395 
1.485390 
1.377405 
1.255384 
1.121361 
0.977363 
0.825323 
0.667017 
0.504028 
0.337745 
0.169376 
0.000000 
0.026077 
0.053288 
0.082747 
0.115523 
0.152611 
0.194906 
0.243165 
0.297970 
0.359683 
0.428413 
0.503972 
0.585848 
0.673182 
0.764770 
0.859065 
0.954218 
1.048121 
1.138480 
1.222903 
1.298991 
1.364448 
1.417177 
1.455381 
1.477641 
1.482976 
1.470880 
1.441328 
1.394757 
1.332023 
1.254328 
1.163140 
1.060098 
0.946922 
0.825323 
0.696933 
0.563253 
0.425619 
0.285203 
0.143027 
0.000000 
0.021072 
0.043062 
0.066868 
0.093354 
0.123326 
0.157507 
0.196508 
0.240798 
0.290673 
0.346219 
0.407285 
0.473456 
0.544040 
0.618061 
0.694272 
0.771176 
0.847070 
0.920100 
0.988333 
1.049830 
1.102734 
1.145351 
1.176230 
1.194222 
1.198534 
1.188758 
1.164874 
1.127236 
1.076533 
1.013740 
0.940041 
0.856762 
0.765293 
0.667017 
0.563253 
0.455213 
0.343979 
0.230497 
0.115592 
0.000000 
0.015922 
0.032536 
0.050524 
0.070537 
0.093183 
0.119010 
0.148480 
0.181947 
0.219634 
0.261607 
0.307751 
0.357753 
0.411090 
0.467025 
0.524614 
0.582728 
0.640079 
0.695266 
0.746828 
0.793300 
0.833278 
0.865484 
0.888818 
0.902414 
0.905674 
0.898287 
0.880239 
0.851797 
0.813483 
0.766032 
0.710341 
0.647410 
0.578291 
0.504028 
0.425619 
0.343979 
0.259926 
0.174173 
0.087346 
0.000000 
0.010668 
0.021801 
0.033853 
0.047263 
0.062438 
0.079743 
0.099490 
0.121915 
0.147169 
0.175294 
0.206215 
0.239721 
0.275462 
0.312944 
0.351535 
0.390477 
0.428908 
0.465889 
0.500442 
0.531583 
0.558373 
0.579955 
0.595591 
0.604703 
0.606887 
0.601937 
0.589843 
0.570784 
0.545110 
0.513313 
0.475994 
0.433825 
0.387508 
0.337745 
0.285203 
0.230497 
0.174173 
0.116712 
0.058530 
0.000000 
0.005350 
0.010932 
0.016976 
0.023701 
0.031311 
0.039989 
0.049892 
0.061138 
0.073802 
0.087907 
0.103413 
0.120216 
0.138140 
0.156937 
0.176290 
0.195820 
0.215093 
0.233639 
0.250967 
0.266584 
0.280020 
0.290843 
0.298685 
0.303254 
0.304350 
0.301867 
0.295802 
0.286244 
0.273369 
0.257423 
0.238707 
0.217560 
0.194332 
0.169376 
0.143027 
0.115592 
0.087346 
0.058530 
0.029352 
0.000000 
0.000000 
0.000000 
0.000000 
0.000000 
0.000000 
0.000000 
0.000000 
0.000000 
0.000000 
0.000000 
0.000000 
0.000000 
0.000000 
0.000000 
0.000000 
0.000000 
0.000000 
0.000000 
0.000000 
0.000000 
0.000000 
0.000000 
0.000000 
0.000000 
0.000000 
0.000000 
0.000000 
0.000000 
0.000000 
0.000000 
0.000000 
0.000000 
0.000000 
0.000000 
0.000000 
0.000000 
0.000000 
0.000000 
0.000000 
0.000000 
