# z = ,(t = 8)
0.003717 
0.007448 
0.011205 
0.014999 
0.018839 
0.022726 
0.026661 
0.030636 
0.034639 
0.038651 
0.042648 
0.046600 
0.050470 
0.054219 
0.057800 
0.061166 
0.064268 
0.067053 
0.069471 
0.071474 
0.073014 
0.074049 
0.074544 
0.074465 
0.073790 
0.072502 
0.070593 
0.068063 
0.064921 
0.061183 
0.056876 
0.052032 
0.046691 
0.040901 
0.034714 
0.028189 
0.021388 
0.014377 
0.007224 
0.000000 
0.007448 
0.014923 
0.022452 
0.030055 
0.037748 
0.045537 
0.053421 
0.061386 
0.069406 
0.077446 
0.085455 
0.093373 
0.101128 
0.108639 
0.115814 
0.122560 
0.128774 
0.134354 
0.139200 
0.143212 
0.146298 
0.148373 
0.149363 
0.149205 
0.147853 
0.145272 
0.141447 
0.136378 
0.130082 
0.122593 
0.113962 
0.104256 
0.093555 
0.081953 
0.069557 
0.056483 
0.042855 
0.028807 
0.014475 
0.000000 
0.011205 
0.022452 
0.033778 
0.045218 
0.056792 
0.068511 
0.080372 
0.092355 
0.104421 
0.116516 
0.128566 
0.140479 
0.152146 
0.163445 
0.174241 
0.184389 
0.193737 
0.202133 
0.209423 
0.215459 
0.220101 
0.223223 
0.224712 
0.224475 
0.222440 
0.218557 
0.212802 
0.205176 
0.195703 
0.184437 
0.171452 
0.156850 
0.140750 
0.123296 
0.104646 
0.084976 
0.064474 
0.043339 
0.021777 
0.000000 
0.014999 
0.030055 
0.045218 
0.060531 
0.076024 
0.091712 
0.107590 
0.123630 
0.139783 
0.155974 
0.172103 
0.188049 
0.203667 
0.218792 
0.233244 
0.246827 
0.259341 
0.270580 
0.280338 
0.288417 
0.294631 
0.298809 
0.300802 
0.300485 
0.297760 
0.292563 
0.284859 
0.274650 
0.261970 
0.246888 
0.229507 
0.209960 
0.188409 
0.165045 
0.140080 
0.113750 
0.086306 
0.058014 
0.029150 
0.000000 
0.018839 
0.037748 
0.056792 
0.076024 
0.095483 
0.115187 
0.135128 
0.155274 
0.175560 
0.195895 
0.216152 
0.236179 
0.255793 
0.274789 
0.292938 
0.309998 
0.325714 
0.339828 
0.352083 
0.362229 
0.370033 
0.375280 
0.377783 
0.377383 
0.373961 
0.367434 
0.357758 
0.344936 
0.329011 
0.310069 
0.288240 
0.263690 
0.236624 
0.207281 
0.175928 
0.142859 
0.108392 
0.072860 
0.036610 
0.000000 
0.022726 
0.045537 
0.068511 
0.091712 
0.115187 
0.138956 
0.163012 
0.187314 
0.211786 
0.236316 
0.260753 
0.284911 
0.308572 
0.331486 
0.353379 
0.373958 
0.392915 
0.409940 
0.424722 
0.436961 
0.446374 
0.452703 
0.455721 
0.455240 
0.451111 
0.443236 
0.431564 
0.416096 
0.396885 
0.374036 
0.347703 
0.318089 
0.285439 
0.250042 
0.212221 
0.172330 
0.130753 
0.087890 
0.044163 
0.000000 
0.026661 
0.053421 
0.080372 
0.107590 
0.135128 
0.163012 
0.191232 
0.219740 
0.248448 
0.277223 
0.305890 
0.334229 
0.361984 
0.388864 
0.414545 
0.438684 
0.460922 
0.480893 
0.498232 
0.512588 
0.523630 
0.531053 
0.534592 
0.534026 
0.529183 
0.519944 
0.506252 
0.488106 
0.465571 
0.438767 
0.407877 
0.373137 
0.334837 
0.293314 
0.248947 
0.202154 
0.153380 
0.103100 
0.051806 
0.000000 
0.030636 
0.061386 
0.092355 
0.123630 
0.155274 
0.187314 
0.219740 
0.252498 
0.285485 
0.318549 
0.351487 
0.384049 
0.415941 
0.446825 
0.476333 
0.504069 
0.529620 
0.552565 
0.572487 
0.588982 
0.601667 
0.610196 
0.614262 
0.613610 
0.608044 
0.597428 
0.581694 
0.560844 
0.534950 
0.504151 
0.468658 
0.428741 
0.384734 
0.337023 
0.286045 
0.232278 
0.176236 
0.118464 
0.059525 
0.000000 
0.034639 
0.069406 
0.104421 
0.139783 
0.175560 
0.211786 
0.248448 
0.285485 
0.322780 
0.360162 
0.397402 
0.434216 
0.470272 
0.505189 
0.538549 
0.569906 
0.598792 
0.624733 
0.647255 
0.665902 
0.680243 
0.689884 
0.694479 
0.693742 
0.687447 
0.675444 
0.657655 
0.634082 
0.604805 
0.569985 
0.529856 
0.484726 
0.434972 
0.381031 
0.323396 
0.262608 
0.199249 
0.133933 
0.067298 
0.000000 
0.038651 
0.077446 
0.116516 
0.155974 
0.195895 
0.236316 
0.277223 
0.318549 
0.360162 
0.401871 
0.443422 
0.484498 
0.524727 
0.563685 
0.600906 
0.635892 
0.668121 
0.697063 
0.722191 
0.742995 
0.758994 
0.769749 
0.774875 
0.774051 
0.767026 
0.753632 
0.733783 
0.707481 
0.674815 
0.635963 
0.591189 
0.540835 
0.485321 
0.425137 
0.360830 
0.293006 
0.222313 
0.149436 
0.075088 
0.000000 
0.042648 
0.085455 
0.128566 
0.172103 
0.216152 
0.260753 
0.305890 
0.351487 
0.397402 
0.443422 
0.489267 
0.534588 
0.578974 
0.621957 
0.663024 
0.701623 
0.737181 
0.769113 
0.796836 
0.819788 
0.837439 
0.849304 
0.854958 
0.854047 
0.846295 
0.831516 
0.809614 
0.780593 
0.744550 
0.701683 
0.652281 
0.596724 
0.535473 
0.469069 
0.398117 
0.323284 
0.245286 
0.164878 
0.082847 
0.000000 
0.046600 
0.093373 
0.140479 
0.188049 
0.236179 
0.284911 
0.334229 
0.384049 
0.434216 
0.484498 
0.534588 
0.584105 
0.632599 
0.679562 
0.724429 
0.766601 
0.805450 
0.840336 
0.870624 
0.895699 
0.914982 
0.927943 
0.934119 
0.933122 
0.924651 
0.908502 
0.884572 
0.852863 
0.813482 
0.766646 
0.712670 
0.651969 
0.585047 
0.512495 
0.434974 
0.353213 
0.267994 
0.180142 
0.090517 
0.000000 
0.050470 
0.101128 
0.152146 
0.203667 
0.255793 
0.308572 
0.361984 
0.415941 
0.470272 
0.524727 
0.578974 
0.632599 
0.685118 
0.735976 
0.784566 
0.830236 
0.872307 
0.910085 
0.942885 
0.970039 
0.990920 
1.004955 
1.011641 
1.010560 
1.001384 
0.983894 
0.957976 
0.923634 
0.880986 
0.830262 
0.771807 
0.706068 
0.633593 
0.555021 
0.471067 
0.382522 
0.290231 
0.195090 
0.098028 
0.000000 
0.054219 
0.108639 
0.163445 
0.218792 
0.274789 
0.331486 
0.388864 
0.446825 
0.505189 
0.563685 
0.621957 
0.679562 
0.735976 
0.790607 
0.842801 
0.891858 
0.937048 
0.977628 
1.012859 
1.042025 
1.064453 
1.079528 
1.086708 
1.085544 
1.075687 
1.056897 
1.029055 
0.992164 
0.946350 
0.891862 
0.829069 
0.758453 
0.680601 
0.596198 
0.506016 
0.410902 
0.311764 
0.209564 
0.105301 
0.000000 
0.057800 
0.115814 
0.174241 
0.233244 
0.292938 
0.353379 
0.414545 
0.476333 
0.538549 
0.600906 
0.663024 
0.724429 
0.784566 
0.842801 
0.898438 
0.950730 
0.998900 
1.042156 
1.079709 
1.110798 
1.134704 
1.150770 
1.158423 
1.157180 
1.146670 
1.126639 
1.096959 
1.057632 
1.008794 
0.950710 
0.883773 
0.808497 
0.725508 
0.635536 
0.539404 
0.438013 
0.332334 
0.223391 
0.112249 
0.000000 
0.061166 
0.122560 
0.184389 
0.246827 
0.309998 
0.373958 
0.438684 
0.504069 
0.569906 
0.635892 
0.701623 
0.766601 
0.830236 
0.891858 
0.950730 
1.006063 
1.057034 
1.102804 
1.142540 
1.175435 
1.200729 
1.217728 
1.225823 
1.224506 
1.213383 
1.192185 
1.160777 
1.119161 
1.067481 
1.006018 
0.935186 
0.855530 
0.767713 
0.672507 
0.570782 
0.463493 
0.351667 
0.236386 
0.118778 
0.000000 
0.064268 
0.128774 
0.193737 
0.259341 
0.325714 
0.392915 
0.460922 
0.529620 
0.598792 
0.668121 
0.737181 
0.805450 
0.872307 
0.937048 
0.998900 
1.057034 
1.110584 
1.158669 
1.200415 
1.234974 
1.261547 
1.279405 
1.287908 
1.286522 
1.274833 
1.252560 
1.219560 
1.175836 
1.121538 
1.056961 
0.982542 
0.898852 
0.806588 
0.706561 
0.599685 
0.486963 
0.369474 
0.248355 
0.124793 
0.000000 
0.067053 
0.134354 
0.202133 
0.270580 
0.339828 
0.409940 
0.480893 
0.552565 
0.624733 
0.697063 
0.769113 
0.840336 
0.910085 
0.977628 
1.042156 
1.102804 
1.158669 
1.208834 
1.252384 
1.288436 
1.316157 
1.334785 
1.343654 
1.342207 
1.330011 
1.306772 
1.272342 
1.226725 
1.170076 
1.102704 
1.025064 
0.937751 
0.841494 
0.737138 
0.625636 
0.508036 
0.385463 
0.259103 
0.130193 
0.000000 
0.069471 
0.139200 
0.209423 
0.280338 
0.352083 
0.424722 
0.498232 
0.572487 
0.647255 
0.722191 
0.796836 
0.870624 
0.942885 
1.012859 
1.079709 
1.142540 
1.200415 
1.252384 
1.297501 
1.334849 
1.363566 
1.382863 
1.392049 
1.390548 
1.377911 
1.353833 
1.318163 
1.270901 
1.212212 
1.142412 
1.061976 
0.971519 
0.871795 
0.763681 
0.648165 
0.526330 
0.399342 
0.268433 
0.134881 
0.000000 
0.071474 
0.143212 
0.215459 
0.288417 
0.362229 
0.436961 
0.512588 
0.588982 
0.665902 
0.742995 
0.819788 
0.895699 
0.970039 
1.042025 
1.110798 
1.175435 
1.234974 
1.288436 
1.334849 
1.373270 
1.402811 
1.422661 
1.432110 
1.430563 
1.417561 
1.392789 
1.356091 
1.307469 
1.247089 
1.175281 
1.092530 
0.999470 
0.896877 
0.785652 
0.666812 
0.541472 
0.410831 
0.276155 
0.138761 
0.000000 
0.073014 
0.146298 
0.220101 
0.294631 
0.370033 
0.446374 
0.523630 
0.601667 
0.680243 
0.758994 
0.837439 
0.914982 
0.990920 
1.064453 
1.134704 
1.200729 
1.261547 
1.316157 
1.363566 
1.402811 
1.432984 
1.453260 
1.462910 
1.461328 
1.448045 
1.422739 
1.385251 
1.335582 
1.273904 
1.200551 
1.116020 
1.020959 
0.916160 
0.802543 
0.681148 
0.553113 
0.419664 
0.282092 
0.141745 
0.000000 
0.074049 
0.148373 
0.223223 
0.298809 
0.375280 
0.452703 
0.531053 
0.610196 
0.689884 
0.769749 
0.849304 
0.927943 
1.004955 
1.079528 
1.150770 
1.217728 
1.279405 
1.334785 
1.382863 
1.422661 
1.453260 
1.473820 
1.483605 
1.481999 
1.468526 
1.442862 
1.404842 
1.354470 
1.291919 
1.217528 
1.131801 
1.035396 
0.929114 
0.813891 
0.690779 
0.560934 
0.425598 
0.286081 
0.143749 
0.000000 
0.074544 
0.149363 
0.224712 
0.300802 
0.377783 
0.455721 
0.534592 
0.614262 
0.694479 
0.774875 
0.854958 
0.934119 
1.011641 
1.086708 
1.158423 
1.225823 
1.287908 
1.343654 
1.392049 
1.432110 
1.462910 
1.483605 
1.493453 
1.491835 
1.478272 
1.452436 
1.414163 
1.363456 
1.300489 
1.225604 
1.139308 
1.042263 
0.935276 
0.819289 
0.695360 
0.564654 
0.428420 
0.287978 
0.144702 
0.000000 
0.074465 
0.149205 
0.224475 
0.300485 
0.377383 
0.455240 
0.534026 
0.613610 
0.693742 
0.774051 
0.854047 
0.933122 
1.010560 
1.085544 
1.157180 
1.224506 
1.286522 
1.342207 
1.390548 
1.430563 
1.461328 
1.481999 
1.491835 
1.490218 
1.476668 
1.450859 
1.412626 
1.361974 
1.299075 
1.224271 
1.138069 
1.041129 
0.934258 
0.818397 
0.694603 
0.564039 
0.427953 
0.287665 
0.144545 
0.000000 
0.073790 
0.147853 
0.222440 
0.297760 
0.373961 
0.451111 
0.529183 
0.608044 
0.687447 
0.767026 
0.846295 
0.924651 
1.001384 
1.075687 
1.146670 
1.213383 
1.274833 
1.330011 
1.377911 
1.417561 
1.448045 
1.468526 
1.478272 
1.476668 
1.463240 
1.437665 
1.399779 
1.349587 
1.287259 
1.213136 
1.127717 
1.031659 
0.925760 
0.810952 
0.688285 
0.558908 
0.424060 
0.285048 
0.143230 
0.000000 
0.072502 
0.145272 
0.218557 
0.292563 
0.367434 
0.443236 
0.519944 
0.597428 
0.675444 
0.753632 
0.831516 
0.908502 
0.983894 
1.056897 
1.126639 
1.192185 
1.252560 
1.306772 
1.353833 
1.392789 
1.422739 
1.442862 
1.452436 
1.450859 
1.437665 
1.412536 
1.375312 
1.325996 
1.264758 
1.191929 
1.108004 
1.013624 
0.909577 
0.796776 
0.676253 
0.549138 
0.416647 
0.280065 
0.140726 
0.000000 
0.070593 
0.141447 
0.212802 
0.284859 
0.357758 
0.431564 
0.506252 
0.581694 
0.657655 
0.733783 
0.809614 
0.884572 
0.957976 
1.029055 
1.096959 
1.160777 
1.219560 
1.272342 
1.318163 
1.356091 
1.385251 
1.404842 
1.414163 
1.412626 
1.399779 
1.375312 
1.339068 
1.291052 
1.231427 
1.160517 
1.078803 
0.986911 
0.885605 
0.775777 
0.658430 
0.534665 
0.405666 
0.272684 
0.137017 
0.000000 
0.068063 
0.136378 
0.205176 
0.274650 
0.344936 
0.416096 
0.488106 
0.560844 
0.634082 
0.707481 
0.780593 
0.852863 
0.923634 
0.992164 
1.057632 
1.119161 
1.175836 
1.226725 
1.270901 
1.307469 
1.335582 
1.354470 
1.363456 
1.361974 
1.349587 
1.325996 
1.291052 
1.244756 
1.187269 
1.118902 
1.040118 
0.951521 
0.853848 
0.747958 
0.634819 
0.515492 
0.391119 
0.262905 
0.132104 
0.000000 
0.064921 
0.130082 
0.195703 
0.261970 
0.329011 
0.396885 
0.465571 
0.534950 
0.604805 
0.674815 
0.744550 
0.813482 
0.880986 
0.946350 
1.008794 
1.067481 
1.121538 
1.170076 
1.212212 
1.247089 
1.273904 
1.291919 
1.300489 
1.299075 
1.287259 
1.264758 
1.231427 
1.187269 
1.132436 
1.067227 
0.992081 
0.907575 
0.814413 
0.713414 
0.605500 
0.491685 
0.373056 
0.250763 
0.126002 
0.000000 
0.061183 
0.122593 
0.184437 
0.246888 
0.310069 
0.374036 
0.438767 
0.504151 
0.569985 
0.635963 
0.701683 
0.766646 
0.830262 
0.891862 
0.950710 
1.006018 
1.056961 
1.102704 
1.142412 
1.175281 
1.200551 
1.217528 
1.225604 
1.224271 
1.213136 
1.191929 
1.160517 
1.118902 
1.067227 
1.005772 
0.934953 
0.855314 
0.767516 
0.672333 
0.570633 
0.463371 
0.351573 
0.236323 
0.118747 
0.000000 
0.056876 
0.113962 
0.171452 
0.229507 
0.288240 
0.347703 
0.407877 
0.468658 
0.529856 
0.591189 
0.652281 
0.712670 
0.771807 
0.829069 
0.883773 
0.935186 
0.982542 
1.025064 
1.061976 
1.092530 
1.116020 
1.131801 
1.139308 
1.138069 
1.127717 
1.108004 
1.078803 
1.040118 
0.992081 
0.934953 
0.869121 
0.795089 
0.713473 
0.624992 
0.530453 
0.430744 
0.326818 
0.219683 
0.110385 
0.000000 
0.052032 
0.104256 
0.156850 
0.209960 
0.263690 
0.318089 
0.373137 
0.428741 
0.484726 
0.540835 
0.596724 
0.651969 
0.706068 
0.758453 
0.808497 
0.855530 
0.898852 
0.937751 
0.971519 
0.999470 
1.020959 
1.035396 
1.042263 
1.041129 
1.031659 
1.013624 
0.986911 
0.951521 
0.907575 
0.855314 
0.795089 
0.727363 
0.652699 
0.571755 
0.485269 
0.394053 
0.298980 
0.200970 
0.100983 
0.000000 
0.046691 
0.093555 
0.140750 
0.188409 
0.236624 
0.285439 
0.334837 
0.384734 
0.434972 
0.485321 
0.535473 
0.585047 
0.633593 
0.680601 
0.725508 
0.767713 
0.806588 
0.841494 
0.871795 
0.896877 
0.916160 
0.929114 
0.935276 
0.934258 
0.925760 
0.909577 
0.885605 
0.853848 
0.814413 
0.767516 
0.713473 
0.652699 
0.585700 
0.513064 
0.435456 
0.353603 
0.268289 
0.180341 
0.090617 
0.000000 
0.040901 
0.081953 
0.123296 
0.165045 
0.207281 
0.250042 
0.293314 
0.337023 
0.381031 
0.425137 
0.469069 
0.512495 
0.555021 
0.596198 
0.635536 
0.672507 
0.706561 
0.737138 
0.763681 
0.785652 
0.802543 
0.813891 
0.819289 
0.818397 
0.810952 
0.796776 
0.775777 
0.747958 
0.713414 
0.672333 
0.624992 
0.571755 
0.513064 
0.449437 
0.381453 
0.309751 
0.235017 
0.157976 
0.079379 
0.000000 
0.034714 
0.069557 
0.104646 
0.140080 
0.175928 
0.212221 
0.248947 
0.286045 
0.323396 
0.360830 
0.398117 
0.434974 
0.471067 
0.506016 
0.539404 
0.570782 
0.599685 
0.625636 
0.648165 
0.666812 
0.681148 
0.690779 
0.695360 
0.694603 
0.688285 
0.676253 
0.658430 
0.634819 
0.605500 
0.570633 
0.530453 
0.485269 
0.435456 
0.381453 
0.323753 
0.262897 
0.199468 
0.134080 
0.067372 
0.000000 
0.028189 
0.056483 
0.084976 
0.113750 
0.142859 
0.172330 
0.202154 
0.232278 
0.262608 
0.293006 
0.323284 
0.353213 
0.382522 
0.410902 
0.438013 
0.463493 
0.486963 
0.508036 
0.526330 
0.541472 
0.553113 
0.560934 
0.564654 
0.564039 
0.558908 
0.549138 
0.534665 
0.515492 
0.491685 
0.463371 
0.430744 
0.394053 
0.353603 
0.309751 
0.262897 
0.213480 
0.161974 
0.108877 
0.054708 
0.000000 
0.021388 
0.042855 
0.064474 
0.086306 
0.108392 
0.130753 
0.153380 
0.176236 
0.199249 
0.222313 
0.245286 
0.267994 
0.290231 
0.311764 
0.332334 
0.351667 
0.369474 
0.385463 
0.399342 
0.410831 
0.419664 
0.425598 
0.428420 
0.427953 
0.424060 
0.416647 
0.405666 
0.391119 
0.373056 
0.351573 
0.326818 
0.298980 
0.268289 
0.235017 
0.199468 
0.161974 
0.122894 
0.082608 
0.041508 
0.000000 
0.014377 
0.028807 
0.043339 
0.058014 
0.072860 
0.087890 
0.103100 
0.118464 
0.133933 
0.149436 
0.164878 
0.180142 
0.195090 
0.209564 
0.223391 
0.236386 
0.248355 
0.259103 
0.268433 
0.276155 
0.282092 
0.286081 
0.287978 
0.287665 
0.285048 
0.280065 
0.272684 
0.262905 
0.250763 
0.236323 
0.219683 
0.200970 
0.180341 
0.157976 
0.134080 
0.108877 
0.082608 
0.055528 
0.027901 
0.000000 
0.007224 
0.014475 
0.021777 
0.029150 
0.036610 
0.044163 
0.051806 
0.059525 
0.067298 
0.075088 
0.082847 
0.090517 
0.098028 
0.105301 
0.112249 
0.118778 
0.124793 
0.130193 
0.134881 
0.138761 
0.141745 
0.143749 
0.144702 
0.144545 
0.143230 
0.140726 
0.137017 
0.132104 
0.126002 
0.118747 
0.110385 
0.100983 
0.090617 
0.079379 
0.067372 
0.054708 
0.041508 
0.027901 
0.014020 
0.000000 
0.000000 
0.000000 
0.000000 
0.000000 
0.000000 
0.000000 
0.000000 
0.000000 
0.000000 
0.000000 
0.000000 
0.000000 
0.000000 
0.000000 
0.000000 
0.000000 
0.000000 
0.000000 
0.000000 
0.000000 
0.000000 
0.000000 
0.000000 
0.000000 
0.000000 
0.000000 
0.000000 
0.000000 
0.000000 
0.000000 
0.000000 
0.000000 
0.000000 
0.000000 
0.000000 
0.000000 
0.000000 
0.000000 
0.000000 
0.000000 
