# z = ,(t = 2)
0.000018 
0.000039 
0.000069 
0.000111 
0.000173 
0.000262 
0.000386 
0.000557 
0.000785 
0.001082 
0.001460 
0.001926 
0.002487 
0.003143 
0.003888 
0.004709 
0.005586 
0.006491 
0.007388 
0.008242 
0.009010 
0.009655 
0.010143 
0.010447 
0.010550 
0.010446 
0.010141 
0.009650 
0.009001 
0.008226 
0.007362 
0.006446 
0.005515 
0.004597 
0.003714 
0.002881 
0.002101 
0.001369 
0.000675 
0.000000 
0.000039 
0.000087 
0.000152 
0.000246 
0.000383 
0.000579 
0.000854 
0.001231 
0.001736 
0.002393 
0.003226 
0.004256 
0.005494 
0.006942 
0.008586 
0.010398 
0.012332 
0.014327 
0.016307 
0.018189 
0.019883 
0.021306 
0.022382 
0.023053 
0.023280 
0.023050 
0.022376 
0.021295 
0.019863 
0.018154 
0.016248 
0.014229 
0.012174 
0.010148 
0.008201 
0.006362 
0.004639 
0.003024 
0.001490 
0.000000 
0.000069 
0.000152 
0.000266 
0.000431 
0.000671 
0.001014 
0.001495 
0.002154 
0.003035 
0.004182 
0.005637 
0.007434 
0.009594 
0.012119 
0.014985 
0.018144 
0.021515 
0.024992 
0.028442 
0.031720 
0.034672 
0.037150 
0.039024 
0.040192 
0.040587 
0.040188 
0.039014 
0.037130 
0.034636 
0.031658 
0.028338 
0.024819 
0.021238 
0.017706 
0.014311 
0.011103 
0.008098 
0.005279 
0.002602 
0.000000 
0.000111 
0.000246 
0.000431 
0.000698 
0.001085 
0.001639 
0.002416 
0.003480 
0.004900 
0.006749 
0.009093 
0.011986 
0.015463 
0.019526 
0.024138 
0.029219 
0.034640 
0.040229 
0.045776 
0.051044 
0.055789 
0.059771 
0.062783 
0.064659 
0.065294 
0.064652 
0.062766 
0.059739 
0.055731 
0.050944 
0.045607 
0.039950 
0.034190 
0.028510 
0.023047 
0.017884 
0.013046 
0.008506 
0.004192 
0.000000 
0.000173 
0.000383 
0.000671 
0.001085 
0.001686 
0.002545 
0.003748 
0.005395 
0.007594 
0.010453 
0.014078 
0.018551 
0.023923 
0.030198 
0.037320 
0.045164 
0.053531 
0.062155 
0.070713 
0.078840 
0.086158 
0.092301 
0.096945 
0.099838 
0.100818 
0.099827 
0.096919 
0.092250 
0.086067 
0.078684 
0.070449 
0.061721 
0.052831 
0.044063 
0.035626 
0.027649 
0.020173 
0.013155 
0.006484 
0.000000 
0.000262 
0.000579 
0.001014 
0.001639 
0.002545 
0.003839 
0.005651 
0.008130 
0.011436 
0.015736 
0.021183 
0.027902 
0.035969 
0.045389 
0.056077 
0.067844 
0.080395 
0.093329 
0.106161 
0.118345 
0.129315 
0.138522 
0.145484 
0.149820 
0.151288 
0.149803 
0.145443 
0.138445 
0.129178 
0.118108 
0.105761 
0.092672 
0.079337 
0.066181 
0.053519 
0.041544 
0.030315 
0.019770 
0.009746 
0.000000 
0.000386 
0.000854 
0.001495 
0.002416 
0.003748 
0.005651 
0.008314 
0.011954 
0.016808 
0.023117 
0.031105 
0.040957 
0.052780 
0.066582 
0.082236 
0.099468 
0.117843 
0.136775 
0.155555 
0.173385 
0.189436 
0.202906 
0.213091 
0.219434 
0.221582 
0.219409 
0.213031 
0.202793 
0.189233 
0.173035 
0.154965 
0.135805 
0.116283 
0.097017 
0.078469 
0.060921 
0.044461 
0.029000 
0.014296 
0.000000 
0.000557 
0.001231 
0.002154 
0.003480 
0.005395 
0.008130 
0.011954 
0.017180 
0.024144 
0.033192 
0.044645 
0.058763 
0.075701 
0.095468 
0.117883 
0.142550 
0.168848 
0.195940 
0.222809 
0.248315 
0.271274 
0.290541 
0.305107 
0.314179 
0.317250 
0.314143 
0.305021 
0.290377 
0.270981 
0.247810 
0.221958 
0.194541 
0.166600 
0.139020 
0.112461 
0.087324 
0.063740 
0.041579 
0.020499 
0.000000 
0.000785 
0.001736 
0.003035 
0.004900 
0.007594 
0.011436 
0.016808 
0.024144 
0.033917 
0.046608 
0.062667 
0.082456 
0.106192 
0.133883 
0.165276 
0.199816 
0.236632 
0.274553 
0.312158 
0.347851 
0.379976 
0.406933 
0.427312 
0.440003 
0.444299 
0.439951 
0.427190 
0.406701 
0.379562 
0.347137 
0.310957 
0.272581 
0.233465 
0.194844 
0.157644 
0.122427 
0.089374 
0.058307 
0.028748 
0.000000 
0.001082 
0.002393 
0.004182 
0.006749 
0.010453 
0.015736 
0.023117 
0.033192 
0.046608 
0.064025 
0.086055 
0.113194 
0.145736 
0.183691 
0.226711 
0.274033 
0.324464 
0.376402 
0.427899 
0.476773 
0.520757 
0.557664 
0.585562 
0.602936 
0.608817 
0.602864 
0.585393 
0.557343 
0.520185 
0.475787 
0.426242 
0.373682 
0.320100 
0.267185 
0.216204 
0.167928 
0.122605 
0.079995 
0.039444 
0.000000 
0.001460 
0.003226 
0.005637 
0.009093 
0.014078 
0.021183 
0.031105 
0.044645 
0.062667 
0.086055 
0.115629 
0.152050 
0.195712 
0.246624 
0.304316 
0.367767 
0.435376 
0.504995 
0.574013 
0.639511 
0.698450 
0.747902 
0.785281 
0.808559 
0.816437 
0.808461 
0.785053 
0.747468 
0.697677 
0.638179 
0.571777 
0.501326 
0.429492 
0.358540 
0.290166 
0.225404 
0.164587 
0.107396 
0.052958 
0.000000 
0.001926 
0.004256 
0.007434 
0.011986 
0.018551 
0.027902 
0.040957 
0.058763 
0.082456 
0.113194 
0.152050 
0.199891 
0.257227 
0.324071 
0.399802 
0.483077 
0.571797 
0.663142 
0.753690 
0.839610 
0.916921 
0.981783 
1.030808 
1.061338 
1.071670 
1.061209 
1.030507 
0.981210 
0.915899 
0.837851 
0.750737 
0.658301 
0.564037 
0.470913 
0.381156 
0.296120 
0.216246 
0.141116 
0.069589 
0.000000 
0.002487 
0.005494 
0.009594 
0.015463 
0.023923 
0.035969 
0.052780 
0.075701 
0.106192 
0.145736 
0.195712 
0.257227 
0.330937 
0.416852 
0.514173 
0.621172 
0.735151 
0.852488 
0.968790 
1.079138 
1.178423 
1.261716 
1.324670 
1.363871 
1.377139 
1.363705 
1.324279 
1.260974 
1.177101 
1.076865 
0.964975 
0.846237 
0.725134 
0.605478 
0.490126 
0.380819 
0.278125 
0.181510 
0.089513 
0.000000 
0.003143 
0.006942 
0.012119 
0.019526 
0.030198 
0.045389 
0.066582 
0.095468 
0.133883 
0.183691 
0.246624 
0.324071 
0.416852 
0.524977 
0.647436 
0.782055 
0.925437 
1.073029 
1.219303 
1.358080 
1.482935 
1.587676 
1.666836 
1.716128 
1.732809 
1.715917 
1.666341 
1.586736 
1.481263 
1.355204 
1.214481 
1.065128 
0.912783 
0.762236 
0.617081 
0.479506 
0.350229 
0.228583 
0.112732 
0.000000 
0.003888 
0.008586 
0.014985 
0.024138 
0.037320 
0.056077 
0.082236 
0.117883 
0.165276 
0.226711 
0.304316 
0.399802 
0.514173 
0.647436 
0.798345 
0.964217 
1.140868 
1.322687 
1.502869 
1.673803 
1.827580 
1.956578 
2.054068 
2.114773 
2.135316 
2.114511 
2.053455 
1.955414 
1.825509 
1.670242 
1.496900 
1.312912 
1.125219 
0.939716 
0.760831 
0.591258 
0.431885 
0.281894 
0.139030 
0.000000 
0.004709 
0.010398 
0.018144 
0.029219 
0.045164 
0.067844 
0.099468 
0.142550 
0.199816 
0.274033 
0.367767 
0.483077 
0.621172 
0.782055 
0.964217 
1.164420 
1.377610 
1.597018 
1.814435 
2.020681 
2.206216 
2.361848 
2.479463 
2.552698 
2.577480 
2.552380 
2.478720 
2.360436 
2.203705 
2.016364 
1.807202 
1.585178 
1.358660 
1.134760 
0.918818 
0.714088 
0.521642 
0.340498 
0.167939 
0.000000 
0.005586 
0.012332 
0.021515 
0.034640 
0.053531 
0.080395 
0.117843 
0.168848 
0.236632 
0.324464 
0.435376 
0.571797 
0.735151 
0.925437 
1.140868 
1.377610 
1.629688 
1.889099 
2.146139 
2.389959 
2.609285 
2.793256 
2.932283 
3.018849 
3.048142 
3.018471 
2.931400 
2.791578 
2.606303 
2.384835 
2.137557 
1.875053 
1.607215 
1.342446 
1.087058 
0.844897 
0.617235 
0.402914 
0.198730 
0.000000 
0.006491 
0.014327 
0.024992 
0.040229 
0.062155 
0.093329 
0.136775 
0.195940 
0.274553 
0.376402 
0.504995 
0.663142 
0.852488 
1.073029 
1.322687 
1.597018 
1.889099 
2.189655 
2.487449 
2.769913 
3.023992 
3.237107 
3.398155 
3.498430 
3.532361 
3.497990 
3.397127 
3.235156 
3.020524 
2.763957 
2.477474 
2.173335 
1.862993 
1.556179 
1.260205 
0.979530 
0.715627 
0.467161 
0.230424 
0.000000 
0.007388 
0.016307 
0.028442 
0.045776 
0.070713 
0.106161 
0.155555 
0.222809 
0.312158 
0.427899 
0.574013 
0.753690 
0.968790 
1.219303 
1.502869 
1.814435 
2.146139 
2.487449 
2.825605 
3.146342 
3.434838 
3.676814 
3.859670 
3.973520 
4.012045 
3.973020 
3.858498 
3.674591 
3.430888 
3.139558 
2.814248 
2.468871 
2.116426 
1.767964 
1.431784 
1.112949 
0.813136 
0.530834 
0.261837 
0.000000 
0.008242 
0.018189 
0.031720 
0.051044 
0.078840 
0.118345 
0.173385 
0.248315 
0.347851 
0.476773 
0.639511 
0.839610 
1.079138 
1.358080 
1.673803 
2.020681 
2.389959 
2.769913 
3.146342 
3.503367 
3.824495 
4.093837 
4.297368 
4.424090 
4.466969 
4.423531 
4.296059 
4.091355 
3.820087 
3.495797 
3.133671 
2.749189 
2.356821 
1.968861 
1.594548 
1.239519 
0.905643 
0.591242 
0.291639 
0.000000 
0.009010 
0.019883 
0.034672 
0.055789 
0.086158 
0.129315 
0.189436 
0.271274 
0.379976 
0.520757 
0.698450 
0.916921 
1.178423 
1.482935 
1.827580 
2.206216 
2.609285 
3.023992 
3.434838 
3.824495 
4.174967 
4.468915 
4.691037 
4.829333 
4.876128 
4.828721 
4.689606 
4.466200 
4.170145 
3.816217 
3.420983 
3.001335 
2.573061 
2.149578 
1.740968 
1.353383 
0.988867 
0.645588 
0.318451 
0.000000 
0.009655 
0.021306 
0.037150 
0.059771 
0.092301 
0.138522 
0.202906 
0.290541 
0.406933 
0.557664 
0.747902 
0.981783 
1.261716 
1.587676 
1.956578 
2.361848 
2.793256 
3.237107 
3.676814 
4.093837 
4.468915 
4.783497 
5.021208 
5.169210 
5.219287 
5.168553 
5.019673 
4.780586 
4.463746 
4.084963 
3.661965 
3.212827 
2.754442 
2.301166 
1.863790 
1.448899 
1.058681 
0.691180 
0.340944 
0.000000 
0.010143 
0.022382 
0.039024 
0.062783 
0.096945 
0.145484 
0.213091 
0.305107 
0.427312 
0.585562 
0.785281 
1.030808 
1.324670 
1.666836 
2.054068 
2.479463 
2.932283 
3.398155 
3.859670 
4.297368 
4.691037 
5.021208 
5.270698 
5.426032 
5.478590 
5.425342 
5.269085 
5.018149 
4.685605 
4.288044 
3.844068 
3.372648 
2.891510 
2.415723 
1.956611 
1.521084 
1.111443 
0.725636 
0.357943 
0.000000 
0.010447 
0.023053 
0.040192 
0.064659 
0.099838 
0.149820 
0.219434 
0.314179 
0.440003 
0.602936 
0.808559 
1.061338 
1.363871 
1.716128 
2.114773 
2.552698 
3.018849 
3.498430 
3.973520 
4.424090 
4.829333 
5.169210 
5.426032 
5.585930 
5.640033 
5.585220 
5.424370 
5.166058 
4.823738 
4.414486 
3.957451 
3.472158 
2.976855 
2.487052 
2.014406 
1.566032 
1.144297 
0.747091 
0.368529 
0.000000 
0.010550 
0.023280 
0.040587 
0.065294 
0.100818 
0.151288 
0.221582 
0.317250 
0.444299 
0.608817 
0.816437 
1.071670 
1.377139 
1.732809 
2.135316 
2.577480 
3.048142 
3.532361 
4.012045 
4.466969 
4.876128 
5.219287 
5.478590 
5.640033 
5.694658 
5.639315 
5.476912 
5.216105 
4.870477 
4.457270 
3.995816 
3.505830 
3.005735 
2.511190 
2.033964 
1.581243 
1.155415 
0.754352 
0.372111 
0.000000 
0.010446 
0.023050 
0.040188 
0.064652 
0.099827 
0.149803 
0.219409 
0.314143 
0.439951 
0.602864 
0.808461 
1.061209 
1.363705 
1.715917 
2.114511 
2.552380 
3.018471 
3.497990 
3.973020 
4.423531 
4.828721 
5.168553 
5.425342 
5.585220 
5.639315 
5.584509 
5.423680 
5.165402 
4.823126 
4.413928 
3.956952 
3.471722 
2.976482 
2.486742 
2.014156 
1.565838 
1.144156 
0.746999 
0.368483 
0.000000 
0.010141 
0.022376 
0.039014 
0.062766 
0.096919 
0.145443 
0.213031 
0.305021 
0.427190 
0.585393 
0.785053 
1.030507 
1.324279 
1.666341 
2.053455 
2.478720 
2.931400 
3.397127 
3.858498 
4.296059 
4.689606 
5.019673 
5.269085 
5.424370 
5.476912 
5.423680 
5.267472 
5.016615 
4.684175 
4.286738 
3.842901 
3.371627 
2.890637 
2.414996 
1.956024 
1.520630 
1.111112 
0.725420 
0.357837 
0.000000 
0.009650 
0.021295 
0.037130 
0.059739 
0.092250 
0.138445 
0.202793 
0.290377 
0.406701 
0.557343 
0.747468 
0.981210 
1.260974 
1.586736 
1.955414 
2.360436 
2.791578 
3.235156 
3.674591 
4.091355 
4.466200 
4.780586 
5.018149 
5.166058 
5.216105 
5.165402 
5.016615 
4.777677 
4.461034 
4.082486 
3.659750 
3.210889 
2.752785 
2.299787 
1.862677 
1.448036 
1.058052 
0.690770 
0.340742 
0.000000 
0.009001 
0.019863 
0.034636 
0.055731 
0.086067 
0.129178 
0.189233 
0.270981 
0.379562 
0.520185 
0.697677 
0.915899 
1.177101 
1.481263 
1.825509 
2.203705 
2.606303 
3.020524 
3.430888 
3.820087 
4.170145 
4.463746 
4.685605 
4.823738 
4.870477 
4.823126 
4.684175 
4.461034 
4.165328 
3.811817 
3.417047 
2.997891 
2.570117 
2.147126 
1.738988 
1.351848 
0.987748 
0.644860 
0.318092 
0.000000 
0.008226 
0.018154 
0.031658 
0.050944 
0.078684 
0.118108 
0.173035 
0.247810 
0.347137 
0.475787 
0.638179 
0.837851 
1.076865 
1.355204 
1.670242 
2.016364 
2.384835 
2.763957 
3.139558 
3.495797 
3.816217 
4.084963 
4.288044 
4.414486 
4.457270 
4.413928 
4.286738 
4.082486 
3.811817 
3.488242 
3.126911 
2.743273 
2.351761 
1.964646 
1.591144 
1.236880 
0.903720 
0.589988 
0.291021 
0.000000 
0.007362 
0.016248 
0.028338 
0.045607 
0.070449 
0.105761 
0.154965 
0.221958 
0.310957 
0.426242 
0.571777 
0.750737 
0.964975 
1.214481 
1.496900 
1.807202 
2.137557 
2.477474 
2.814248 
3.133671 
3.420983 
3.661965 
3.844068 
3.957451 
3.995816 
3.956952 
3.842901 
3.659750 
3.417047 
3.126911 
2.802932 
2.458964 
2.107953 
1.760903 
1.426080 
1.108526 
0.809912 
0.528732 
0.260801 
0.000000 
0.006446 
0.014229 
0.024819 
0.039950 
0.061721 
0.092672 
0.135805 
0.194541 
0.272581 
0.373682 
0.501326 
0.658301 
0.846237 
1.065128 
1.312912 
1.585178 
1.875053 
2.173335 
2.468871 
2.749189 
3.001335 
3.212827 
3.372648 
3.472158 
3.505830 
3.471722 
3.371627 
3.210889 
2.997891 
2.743273 
2.458964 
2.157127 
1.849127 
1.544622 
1.250867 
0.972287 
0.710346 
0.463719 
0.228728 
0.000000 
0.005515 
0.012174 
0.021238 
0.034190 
0.052831 
0.079337 
0.116283 
0.166600 
0.233465 
0.320100 
0.429492 
0.564037 
0.725134 
0.912783 
1.125219 
1.358660 
1.607215 
1.862993 
2.116426 
2.356821 
2.573061 
2.754442 
2.891510 
2.976855 
3.005735 
2.976482 
2.890637 
2.752785 
2.570117 
2.351761 
2.107953 
1.849127 
1.585032 
1.323952 
1.072111 
0.833302 
0.608778 
0.397401 
0.196013 
0.000000 
0.004597 
0.010148 
0.017706 
0.028510 
0.044063 
0.066181 
0.097017 
0.139020 
0.194844 
0.267185 
0.358540 
0.470913 
0.605478 
0.762236 
0.939716 
1.134760 
1.342446 
1.556179 
1.767964 
1.968861 
2.149578 
2.301166 
2.415723 
2.487052 
2.511190 
2.486742 
2.414996 
2.299787 
2.147126 
1.964646 
1.760903 
1.544622 
1.323952 
1.105819 
0.895424 
0.695935 
0.508400 
0.331864 
0.163684 
0.000000 
0.003714 
0.008201 
0.014311 
0.023047 
0.035626 
0.053519 
0.078469 
0.112461 
0.157644 
0.216204 
0.290166 
0.381156 
0.490126 
0.617081 
0.760831 
0.918818 
1.087058 
1.260205 
1.431784 
1.594548 
1.740968 
1.863790 
1.956611 
2.014406 
2.033964 
2.014156 
1.956024 
1.862677 
1.738988 
1.591144 
1.426080 
1.250867 
1.072111 
0.895424 
0.725019 
0.563465 
0.411608 
0.268672 
0.132513 
0.000000 
0.002881 
0.006362 
0.011103 
0.017884 
0.027649 
0.041544 
0.060921 
0.087324 
0.122427 
0.167928 
0.225404 
0.296120 
0.380819 
0.479506 
0.591258 
0.714088 
0.844897 
0.979530 
1.112949 
1.239519 
1.353383 
1.448899 
1.521084 
1.566032 
1.581243 
1.565838 
1.520630 
1.448036 
1.351848 
1.236880 
1.108526 
0.972287 
0.833302 
0.695935 
0.563465 
0.437888 
0.319860 
0.208777 
0.102969 
0.000000 
0.002101 
0.004639 
0.008098 
0.013046 
0.020173 
0.030315 
0.044461 
0.063740 
0.089374 
0.122605 
0.164587 
0.216246 
0.278125 
0.350229 
0.431885 
0.521642 
0.617235 
0.715627 
0.813136 
0.905643 
0.988867 
1.058681 
1.111443 
1.144297 
1.155415 
1.144156 
1.111112 
1.058052 
0.987748 
0.903720 
0.809912 
0.710346 
0.608778 
0.508400 
0.411608 
0.319860 
0.233636 
0.152493 
0.075208 
0.000000 
0.001369 
0.003024 
0.005279 
0.008506 
0.013155 
0.019770 
0.029000 
0.041579 
0.058307 
0.079995 
0.107396 
0.141116 
0.181510 
0.228583 
0.281894 
0.340498 
0.402914 
0.467161 
0.530834 
0.591242 
0.645588 
0.691180 
0.725636 
0.747091 
0.754352 
0.746999 
0.725420 
0.690770 
0.644860 
0.589988 
0.528732 
0.463719 
0.397401 
0.331864 
0.268672 
0.208777 
0.152493 
0.099528 
0.049086 
0.000000 
0.000675 
0.001490 
0.002602 
0.004192 
0.006484 
0.009746 
0.014296 
0.020499 
0.028748 
0.039444 
0.052958 
0.069589 
0.089513 
0.112732 
0.139030 
0.167939 
0.198730 
0.230424 
0.261837 
0.291639 
0.318451 
0.340944 
0.357943 
0.368529 
0.372111 
0.368483 
0.357837 
0.340742 
0.318092 
0.291021 
0.260801 
0.228728 
0.196013 
0.163684 
0.132513 
0.102969 
0.075208 
0.049086 
0.024208 
0.000000 
0.000000 
0.000000 
0.000000 
0.000000 
0.000000 
0.000000 
0.000000 
0.000000 
0.000000 
0.000000 
0.000000 
0.000000 
0.000000 
0.000000 
0.000000 
0.000000 
0.000000 
0.000000 
0.000000 
0.000000 
0.000000 
0.000000 
0.000000 
0.000000 
0.000000 
0.000000 
0.000000 
0.000000 
0.000000 
0.000000 
0.000000 
0.000000 
0.000000 
0.000000 
0.000000 
0.000000 
0.000000 
0.000000 
0.000000 
0.000000 
