# x = , y = ,(t = 0.002)
0.010000 0.001354
0.020000 0.003159
0.030000 0.005922
0.040000 0.010341
0.050000 0.017413
0.060000 0.028555
0.070000 0.045741
0.080000 0.071645
0.090000 0.109770
0.100000 0.164554
0.110000 0.241408
0.120000 0.346659
0.130000 0.487377
0.140000 0.671050
0.150000 0.905114
0.160000 1.196344
0.170000 1.550163
0.180000 1.969924
0.190000 2.456260
0.200000 3.006597
0.210000 3.614908
0.220000 4.271775
0.230000 4.964785
0.240000 5.679226
0.250000 6.399022
0.260000 7.107804
0.270000 7.789984
0.280000 8.431708
0.290000 9.021585
0.300000 9.551114
0.310000 10.014772
0.320000 10.409793
0.330000 10.735672
0.340000 10.993497
0.350000 11.185187
0.360000 11.312753
0.370000 11.377674
0.380000 11.380458
0.390000 11.320446
0.400000 11.195895
0.410000 11.004312
0.420000 10.743031
0.430000 10.409932
0.440000 10.004245
0.450000 9.527298
0.460000 8.983119
0.470000 8.378787
0.480000 7.724465
0.490000 7.033091
0.500000 6.319743
0.510000 5.600761
0.520000 4.892717
0.530000 4.211375
0.540000 3.570756
0.550000 2.982428
0.560000 2.455083
0.570000 1.994434
0.580000 1.603410
0.590000 1.282597
0.600000 1.030829
0.610000 0.845839
0.620000 0.724864
0.630000 0.665132
0.640000 0.664156
0.650000 0.719829
0.660000 0.830303
0.670000 0.993702
0.680000 1.207719
0.690000 1.469175
0.700000 1.773611
0.710000 2.114988
0.720000 2.485552
0.730000 2.875880
0.740000 3.275115
0.750000 3.671363
0.760000 4.052202
0.770000 4.405252
0.780000 4.718750
0.790000 4.982079
0.800000 5.186229
0.810000 5.324164
0.820000 5.391097
0.830000 5.384683
0.840000 5.305107
0.850000 5.155088
0.860000 4.939774
0.870000 4.666515
0.880000 4.344509
0.890000 3.984313
0.900000 3.597232
0.910000 3.194634
0.920000 2.787220
0.930000 2.384333
0.940000 1.993363
0.950000 1.619305
0.960000 1.264528
0.970000 0.928777
0.980000 0.609397
0.990000 0.301785
1.000000 0.000000
