# x = , y = ,(t = 0.001)
0.010000 0.000002
0.020000 0.000006
0.030000 0.000018
0.040000 0.000051
0.050000 0.000138
0.060000 0.000353
0.070000 0.000866
0.080000 0.002038
0.090000 0.004591
0.100000 0.009903
0.110000 0.020454
0.120000 0.040444
0.130000 0.076566
0.140000 0.138791
0.150000 0.240956
0.160000 0.400788
0.170000 0.639012
0.180000 0.977249
0.190000 1.434723
0.200000 2.024181
0.210000 2.747877
0.220000 3.594697
0.230000 4.539451
0.240000 5.544859
0.250000 6.566055
0.260000 7.556671
0.270000 8.475121
0.280000 9.289674
0.290000 9.981314
0.300000 10.544102
0.310000 10.983360
0.320000 11.312481
0.330000 11.549290
0.340000 11.712695
0.350000 11.820095
0.360000 11.885628
0.370000 11.919151
0.380000 11.925660
0.390000 11.904955
0.400000 11.851416
0.410000 11.753995
0.420000 11.596678
0.430000 11.359749
0.440000 11.022161
0.450000 10.565003
0.460000 9.975694
0.470000 9.252068
0.480000 8.405279
0.490000 7.460539
0.500000 6.455137
0.510000 5.433945
0.520000 4.443332
0.530000 3.524887
0.540000 2.710350
0.550000 2.018748
0.560000 1.456052
0.570000 1.017008
0.580000 0.688355
0.590000 0.452522
0.600000 0.291044
0.610000 0.187246
0.620000 0.128061
0.630000 0.105058
0.640000 0.114857
0.650000 0.159037
0.660000 0.243586
0.670000 0.377805
0.680000 0.572592
0.690000 0.838149
0.700000 1.181333
0.710000 1.603122
0.720000 2.096825
0.730000 2.647563
0.740000 3.233336
0.750000 3.827531
0.760000 4.402285
0.770000 4.931892
0.780000 5.395388
0.790000 5.777781
0.800000 6.069795
0.810000 6.266483
0.820000 6.365360
0.830000 6.364834
0.840000 6.263532
0.850000 6.060810
0.860000 5.758284
0.870000 5.361832
0.880000 4.883296
0.890000 4.341141
0.900000 3.759622
0.910000 3.166463
0.920000 2.589561
0.930000 2.053463
0.940000 1.576449
0.950000 1.168782
0.960000 0.832305
0.970000 0.561198
0.980000 0.343478
0.990000 0.162763
1.000000 0.000000
