# x = , y = ,(t = 0.004)
0.010000 0.032717
0.020000 0.067892
0.030000 0.107790
0.040000 0.154753
0.050000 0.211232
0.060000 0.279789
0.070000 0.363097
0.080000 0.463905
0.090000 0.584998
0.100000 0.729119
0.110000 0.898891
0.120000 1.096703
0.130000 1.324600
0.140000 1.584158
0.150000 1.876368
0.160000 2.201520
0.170000 2.559117
0.180000 2.947802
0.190000 3.365326
0.200000 3.808547
0.210000 4.273466
0.220000 4.755303
0.230000 5.248608
0.240000 5.747393
0.250000 6.245292
0.260000 6.735729
0.270000 7.212090
0.280000 7.667880
0.290000 8.096877
0.300000 8.493256
0.310000 8.851689
0.320000 9.167427
0.330000 9.436348
0.340000 9.654992
0.350000 9.820579
0.360000 9.931017
0.370000 9.984906
0.380000 9.981543
0.390000 9.920932
0.400000 9.803793
0.410000 9.631582
0.420000 9.406507
0.430000 9.131534
0.440000 8.810390
0.450000 8.447551
0.460000 8.048195
0.470000 7.618150
0.480000 7.163799
0.490000 6.691970
0.500000 6.209799
0.510000 5.724575
0.520000 5.243582
0.530000 4.773931
0.540000 4.322400
0.550000 3.895293
0.560000 3.498303
0.570000 3.136419
0.580000 2.813837
0.590000 2.533909
0.600000 2.299116
0.610000 2.111047
0.620000 1.970417
0.630000 1.877074
0.640000 1.830033
0.650000 1.827509
0.660000 1.866954
0.670000 1.945100
0.680000 2.058014
0.690000 2.201153
0.700000 2.369431
0.710000 2.557306
0.720000 2.758872
0.730000 2.967969
0.740000 3.178316
0.750000 3.383642
0.760000 3.577839
0.770000 3.755112
0.780000 3.910126
0.790000 4.038151
0.800000 4.135180
0.810000 4.198036
0.820000 4.224437
0.830000 4.213040
0.840000 4.163438
0.850000 4.076126
0.860000 3.952429
0.870000 3.794400
0.880000 3.604685
0.890000 3.386377
0.900000 3.142852
0.910000 2.877615
0.920000 2.594139
0.930000 2.295741
0.940000 1.985467
0.950000 1.666021
0.960000 1.339726
0.970000 1.008521
0.980000 0.673994
0.990000 0.337450
1.000000 0.000000
