# x = , y = ,(t = 0.064)
0.010000 0.113338
0.020000 0.226526
0.030000 0.339429
0.040000 0.451913
0.050000 0.563845
0.060000 0.675092
0.070000 0.785523
0.080000 0.895008
0.090000 1.003417
0.100000 1.110626
0.110000 1.216508
0.120000 1.320942
0.130000 1.423808
0.140000 1.524988
0.150000 1.624366
0.160000 1.721833
0.170000 1.817278
0.180000 1.910597
0.190000 2.001687
0.200000 2.090450
0.210000 2.176791
0.220000 2.260619
0.230000 2.341847
0.240000 2.420391
0.250000 2.496173
0.260000 2.569117
0.270000 2.639154
0.280000 2.706216
0.290000 2.770243
0.300000 2.831176
0.310000 2.888963
0.320000 2.943555
0.330000 2.994909
0.340000 3.042984
0.350000 3.087745
0.360000 3.129163
0.370000 3.167211
0.380000 3.201867
0.390000 3.233115
0.400000 3.260941
0.410000 3.285336
0.420000 3.306297
0.430000 3.323823
0.440000 3.337918
0.450000 3.348589
0.460000 3.355847
0.470000 3.359710
0.480000 3.360194
0.490000 3.357323
0.500000 3.351123
0.510000 3.341623
0.520000 3.328856
0.530000 3.312857
0.540000 3.293664
0.550000 3.271320
0.560000 3.245867
0.570000 3.217353
0.580000 3.185827
0.590000 3.151340
0.600000 3.113946
0.610000 3.073699
0.620000 3.030659
0.630000 2.984883
0.640000 2.936433
0.650000 2.885371
0.660000 2.831761
0.670000 2.775669
0.680000 2.717162
0.690000 2.656305
0.700000 2.593170
0.710000 2.527824
0.720000 2.460338
0.730000 2.390783
0.740000 2.319231
0.750000 2.245755
0.760000 2.170427
0.770000 2.093320
0.780000 2.014508
0.790000 1.934065
0.800000 1.852065
0.810000 1.768582
0.820000 1.683690
0.830000 1.597466
0.840000 1.509982
0.850000 1.421315
0.860000 1.331538
0.870000 1.240726
0.880000 1.148955
0.890000 1.056299
0.900000 0.962833
0.910000 0.868631
0.920000 0.773768
0.930000 0.678318
0.940000 0.582356
0.950000 0.485957
0.960000 0.389195
0.970000 0.292144
0.980000 0.194878
0.990000 0.097472
1.000000 0.000000
