# x = , y = ,(t = 0.016)
0.010000 0.205088
0.020000 0.410388
0.030000 0.616081
0.040000 0.822330
0.050000 1.029267
0.060000 1.236993
0.070000 1.445563
0.080000 1.654987
0.090000 1.865218
0.100000 2.076152
0.110000 2.287623
0.120000 2.499400
0.130000 2.711184
0.140000 2.922614
0.150000 3.133260
0.160000 3.342632
0.170000 3.550179
0.180000 3.755297
0.190000 3.957331
0.200000 4.155586
0.210000 4.349332
0.220000 4.537811
0.230000 4.720251
0.240000 4.895870
0.250000 5.063893
0.260000 5.223553
0.270000 5.374112
0.280000 5.514862
0.290000 5.645142
0.300000 5.764344
0.310000 5.871923
0.320000 5.967404
0.330000 6.050394
0.340000 6.120583
0.350000 6.177752
0.360000 6.221778
0.370000 6.252635
0.380000 6.270395
0.390000 6.275232
0.400000 6.267416
0.410000 6.247310
0.420000 6.215372
0.430000 6.172144
0.440000 6.118244
0.450000 6.054364
0.460000 5.981257
0.470000 5.899728
0.480000 5.810625
0.490000 5.714824
0.500000 5.613224
0.510000 5.506728
0.520000 5.396237
0.530000 5.282636
0.540000 5.166784
0.550000 5.049500
0.560000 4.931559
0.570000 4.813677
0.580000 4.696505
0.590000 4.580624
0.600000 4.466536
0.610000 4.354659
0.620000 4.245328
0.630000 4.138788
0.640000 4.035197
0.650000 3.934624
0.660000 3.837053
0.670000 3.742386
0.680000 3.650449
0.690000 3.560993
0.700000 3.473708
0.710000 3.388223
0.720000 3.304121
0.730000 3.220943
0.740000 3.138200
0.750000 3.055383
0.760000 2.971971
0.770000 2.887441
0.780000 2.801279
0.790000 2.712991
0.800000 2.622105
0.810000 2.528188
0.820000 2.430846
0.830000 2.329735
0.840000 2.224566
0.850000 2.115110
0.860000 2.001200
0.870000 1.882735
0.880000 1.759684
0.890000 1.632081
0.900000 1.500030
0.910000 1.363700
0.920000 1.223325
0.930000 1.079198
0.940000 0.931665
0.950000 0.781128
0.960000 0.628027
0.970000 0.472843
0.980000 0.316086
0.990000 0.158289
1.000000 0.000000
