# x = , y = ,(t = 0.032)
0.010000 0.179960
0.020000 0.359651
0.030000 0.538833
0.040000 0.717264
0.050000 0.894703
0.060000 1.070909
0.070000 1.245644
0.080000 1.418667
0.090000 1.589741
0.100000 1.758629
0.110000 1.925095
0.120000 2.088908
0.130000 2.249836
0.140000 2.407652
0.150000 2.562132
0.160000 2.713055
0.170000 2.860206
0.180000 3.003375
0.190000 3.142358
0.200000 3.276958
0.210000 3.406984
0.220000 3.532255
0.230000 3.652598
0.240000 3.767851
0.250000 3.877861
0.260000 3.982486
0.270000 4.081598
0.280000 4.175079
0.290000 4.262826
0.300000 4.344748
0.310000 4.420769
0.320000 4.490828
0.330000 4.554877
0.340000 4.612885
0.350000 4.664834
0.360000 4.710723
0.370000 4.750564
0.380000 4.784386
0.390000 4.812230
0.400000 4.834153
0.410000 4.850224
0.420000 4.860526
0.430000 4.865155
0.440000 4.864217
0.450000 4.857829
0.460000 4.846119
0.470000 4.829221
0.480000 4.807279
0.490000 4.780445
0.500000 4.748873
0.510000 4.712725
0.520000 4.672163
0.530000 4.627356
0.540000 4.578469
0.550000 4.525672
0.560000 4.469131
0.570000 4.409011
0.580000 4.345476
0.590000 4.278685
0.600000 4.208793
0.610000 4.135951
0.620000 4.060304
0.630000 3.981991
0.640000 3.901146
0.650000 3.817894
0.660000 3.732356
0.670000 3.644646
0.680000 3.554868
0.690000 3.463123
0.700000 3.369503
0.710000 3.274096
0.720000 3.176983
0.730000 3.078237
0.740000 2.977929
0.750000 2.876125
0.760000 2.772885
0.770000 2.668267
0.780000 2.562325
0.790000 2.455111
0.800000 2.346674
0.810000 2.237065
0.820000 2.126329
0.830000 2.014515
0.840000 1.901670
0.850000 1.787843
0.860000 1.673082
0.870000 1.557439
0.880000 1.440964
0.890000 1.323712
0.900000 1.205738
0.910000 1.087101
0.920000 0.967860
0.930000 0.848078
0.940000 0.727817
0.950000 0.607144
0.960000 0.486127
0.970000 0.364833
0.980000 0.243333
0.990000 0.121699
1.000000 0.000000
