# x = , y = ,(t = 0.008)
0.010000 0.130992
0.020000 0.263946
0.030000 0.400596
0.040000 0.542615
0.050000 0.691589
0.060000 0.848995
0.070000 1.016167
0.080000 1.194277
0.090000 1.384309
0.100000 1.587035
0.110000 1.802994
0.120000 2.032473
0.130000 2.275494
0.140000 2.531798
0.150000 2.800837
0.160000 3.081772
0.170000 3.373472
0.180000 3.674521
0.190000 3.983231
0.200000 4.297654
0.210000 4.615611
0.220000 4.934716
0.230000 5.252406
0.240000 5.565986
0.250000 5.872659
0.260000 6.169579
0.270000 6.453890
0.280000 6.722780
0.290000 6.973520
0.300000 7.203519
0.310000 7.410363
0.320000 7.591864
0.330000 7.746096
0.340000 7.871432
0.350000 7.966578
0.360000 8.030593
0.370000 8.062918
0.380000 8.063381
0.390000 8.032210
0.400000 7.970034
0.410000 7.877874
0.420000 7.757131
0.430000 7.609568
0.440000 7.437284
0.450000 7.242683
0.460000 7.028432
0.470000 6.797426
0.480000 6.552738
0.490000 6.297572
0.500000 6.035208
0.510000 5.768951
0.520000 5.502079
0.530000 5.237787
0.540000 4.979134
0.550000 4.728999
0.560000 4.490031
0.570000 4.264606
0.580000 4.054796
0.590000 3.862334
0.600000 3.688589
0.610000 3.534551
0.620000 3.400818
0.630000 3.287595
0.640000 3.194694
0.650000 3.121551
0.660000 3.067238
0.670000 3.030491
0.680000 3.009739
0.690000 3.003140
0.700000 3.008621
0.710000 3.023923
0.720000 3.046643
0.730000 3.074289
0.740000 3.104319
0.750000 3.134200
0.760000 3.161442
0.770000 3.183654
0.780000 3.198574
0.790000 3.204114
0.800000 3.198384
0.810000 3.179723
0.820000 3.146719
0.830000 3.098221
0.840000 3.033351
0.850000 2.951505
0.860000 2.852354
0.870000 2.735833
0.880000 2.602136
0.890000 2.451694
0.900000 2.285166
0.910000 2.103416
0.920000 1.907490
0.930000 1.698602
0.940000 1.478104
0.950000 1.247472
0.960000 1.008285
0.970000 0.762200
0.980000 0.510941
0.990000 0.256275
1.000000 0.000000
