# z = ,(t = 8)
0.036114 
0.071962 
0.107281 
0.141810 
0.175292 
0.207476 
0.238120 
0.266990 
0.293870 
0.318554 
0.340860 
0.360624 
0.377709 
0.392006 
0.403436 
0.411952 
0.417542 
0.420228 
0.420069 
0.417155 
0.411614 
0.403602 
0.393303 
0.380927 
0.366704 
0.350880 
0.333710 
0.315457 
0.296384 
0.276751 
0.256808 
0.236792 
0.216926 
0.197413 
0.178434 
0.160146 
0.142685 
0.126159 
0.110655 
0.096234 
0.082938 
0.070787 
0.059781 
0.049907 
0.041135 
0.033424 
0.026723 
0.020973 
0.016108 
0.012059 
0.008752 
0.006114 
0.004067 
0.002537 
0.001447 
0.000722 
0.000289 
0.000072 
0.000000 
-5.000000 
0.071784 
0.143040 
0.213245 
0.281879 
0.348431 
0.412404 
0.473313 
0.530699 
0.584126 
0.633190 
0.677523 
0.716805 
0.750761 
0.779175 
0.801888 
0.818808 
0.829910 
0.835239 
0.834909 
0.829105 
0.818075 
0.802132 
0.781641 
0.757021 
0.728727 
0.697247 
0.663092 
0.626782 
0.588841 
0.549784 
0.510109 
0.470291 
0.430770 
0.391949 
0.354190 
0.317807 
0.283068 
0.250190 
0.219345 
0.190658 
0.164210 
0.140041 
0.118154 
0.098522 
0.081085 
0.065764 
0.052456 
0.041044 
0.031399 
0.023382 
0.016847 
0.011646 
0.007628 
0.004641 
0.002534 
0.001156 
0.000361 
0.000000 
-5.000000 
-5.000000 
0.106576 
0.212370 
0.316601 
0.418500 
0.517308 
0.612285 
0.702714 
0.787910 
0.867227 
0.940065 
1.005879 
1.064190 
1.114593 
1.156764 
1.190469 
1.215570 
1.232030 
1.239916 
1.239396 
1.230744 
1.214330 
1.190615 
1.160146 
1.123540 
1.081474 
1.034675 
0.983898 
0.929918 
0.873512 
0.815446 
0.756461 
0.697260 
0.638499 
0.580778 
0.524634 
0.470536 
0.418881 
0.369995 
0.324134 
0.281484 
0.242167 
0.206244 
0.173722 
0.144559 
0.118672 
0.095939 
0.076212 
0.059315 
0.045058 
0.033234 
0.023626 
0.016015 
0.010173 
0.005876 
0.002897 
0.001013 
0.000000 
-5.000000 
-5.000000 
-5.000000 
0.140074 
0.279118 
0.416109 
0.550034 
0.679895 
0.804720 
0.923567 
1.035534 
1.139772 
1.235491 
1.321976 
1.398597 
1.464820 
1.520219 
1.564486 
1.597440 
1.619030 
1.629344 
1.628604 
1.617167 
1.595521 
1.564271 
1.524134 
1.475923 
1.420527 
1.358901 
1.292038 
1.220957 
1.146681 
1.070216 
0.992538 
0.914572 
0.837183 
0.761161 
0.687212 
0.615957 
0.547919 
0.483530 
0.423129 
0.366963 
0.315194 
0.267907 
0.225112 
0.186756 
0.152732 
0.122882 
0.097011 
0.074892 
0.056272 
0.040880 
0.028433 
0.018636 
0.011194 
0.005807 
0.002175 
0.000000 
-5.000000 
-5.000000 
-5.000000 
-5.000000 
0.171884 
0.342505 
0.510606 
0.674942 
0.834291 
0.987458 
1.133286 
1.270670 
1.398565 
1.516003 
1.622105 
1.716097 
1.797323 
1.865259 
1.919528 
1.959905 
1.986328 
1.998903 
1.997901 
1.983761 
1.957079 
1.918599 
1.869200 
1.809876 
1.741723 
1.665908 
1.583654 
1.496212 
1.404835 
1.310763 
1.215193 
1.119264 
1.024039 
0.930491 
0.839491 
0.751802 
0.668073 
0.588837 
0.514513 
0.445410 
0.381731 
0.323584 
0.270986 
0.223876 
0.182124 
0.145541 
0.113889 
0.086890 
0.064235 
0.045591 
0.030610 
0.018929 
0.010181 
0.003995 
0.000000 
-5.000000 
-5.000000 
-5.000000 
-5.000000 
-5.000000 
0.201648 
0.401814 
0.599023 
0.791814 
0.978751 
1.158432 
1.329501 
1.490658 
1.640679 
1.778425 
1.902864 
2.013088 
2.108326 
2.187962 
2.251551 
2.298829 
2.329723 
2.344352 
2.343038 
2.326290 
2.294809 
2.249465 
2.191290 
2.121450 
2.041228 
1.951997 
1.855191 
1.752276 
1.644730 
1.534005 
1.421509 
1.308583 
1.196478 
1.086340 
0.979195 
0.875946 
0.777358 
0.684063 
0.596561 
0.515220 
0.440285 
0.371887 
0.310055 
0.254721 
0.205738 
0.162888 
0.125896 
0.094436 
0.068148 
0.046640 
0.029502 
0.016307 
0.006620 
0.000000 
-5.000000 
-5.000000 
-5.000000 
-5.000000 
-5.000000 
-5.000000 
0.229047 
0.456409 
0.680411 
0.899392 
1.111721 
1.315804 
1.510099 
1.693130 
1.863503 
2.019925 
2.161223 
2.286361 
2.394463 
2.484828 
2.556949 
2.610522 
2.645464 
2.661909 
2.660218 
2.640971 
2.604959 
2.553172 
2.486779 
2.407105 
2.315608 
2.213846 
2.103449 
1.986087 
1.863437 
1.737155 
1.608843 
1.480030 
1.352141 
1.226485 
1.104237 
0.986427 
0.873935 
0.767489 
0.667662 
0.574885 
0.489444 
0.411498 
0.341086 
0.278140 
0.222501 
0.173925 
0.132104 
0.096673 
0.067222 
0.043308 
0.024460 
0.010191 
0.000000 
-5.000000 
-5.000000 
-5.000000 
-5.000000 
-5.000000 
-5.000000 
-5.000000 
0.253805 
0.505742 
0.753952 
0.996597 
1.231866 
1.457992 
1.673266 
1.876048 
2.064795 
2.238070 
2.394573 
2.533152 
2.652836 
2.752845 
2.832614 
2.891805 
2.930321 
2.948310 
2.946169 
2.924537 
2.884290 
2.826523 
2.752529 
2.663776 
2.561880 
2.448567 
2.325645 
2.194968 
2.058396 
1.917768 
1.774868 
1.631394 
1.488934 
1.348948 
1.212746 
1.081482 
0.956143 
0.837545 
0.726339 
0.623012 
0.527896 
0.441179 
0.362914 
0.293039 
0.231383 
0.177688 
0.131615 
0.092765 
0.060685 
0.034884 
0.014838 
0.000000 
-5.000000 
-5.000000 
-5.000000 
-5.000000 
-5.000000 
-5.000000 
-5.000000 
-5.000000 
0.275696 
0.549361 
0.818976 
1.082541 
1.338088 
1.583697 
1.817507 
2.037738 
2.242709 
2.430858 
2.600769 
2.751191 
2.881062 
2.989534 
3.075990 
3.140058 
3.181630 
3.200864 
3.198186 
3.174289 
3.130121 
3.066868 
2.985934 
2.888914 
2.777560 
2.653749 
2.519448 
2.376671 
2.227447 
2.073777 
1.917606 
1.760788 
1.605059 
1.452015 
1.303094 
1.159562 
1.022507 
0.892832 
0.771260 
0.658337 
0.554440 
0.459788 
0.374455 
0.298387 
0.231411 
0.173255 
0.123562 
0.081900 
0.047783 
0.020673 
0.000000 
-5.000000 
-5.000000 
-5.000000 
-5.000000 
-5.000000 
-5.000000 
-5.000000 
-5.000000 
-5.000000 
0.294546 
0.586922 
0.874966 
1.156541 
1.429543 
1.691918 
1.941675 
2.176911 
2.395826 
2.596748 
2.778162 
2.938726 
3.077304 
3.192984 
3.285102 
3.353259 
3.397333 
3.417487 
3.414175 
3.388132 
3.340367 
3.272144 
3.184962 
3.080521 
2.960694 
2.827489 
2.683008 
2.529408 
2.368860 
2.203512 
2.035451 
1.866667 
1.699031 
1.534261 
1.373911 
1.219352 
1.071764 
0.932135 
0.801258 
0.679736 
0.567994 
0.466286 
0.374712 
0.293230 
0.221671 
0.159759 
0.107120 
0.063302 
0.027786 
0.000000 
-5.000000 
-5.000000 
-5.000000 
-5.000000 
-5.000000 
-5.000000 
-5.000000 
-5.000000 
-5.000000 
-5.000000 
0.310237 
0.618185 
0.921567 
1.218128 
1.505650 
1.781967 
2.044980 
2.292679 
2.523166 
2.734677 
2.925609 
3.094548 
3.240289 
3.361869 
3.458582 
3.530002 
3.575994 
3.596727 
3.592671 
3.564596 
3.513561 
3.440892 
3.348166 
3.237172 
3.109883 
2.968413 
2.814981 
2.651863 
2.481354 
2.305724 
2.127185 
1.947847 
1.769695 
1.594561 
1.424101 
1.259782 
1.102872 
0.954437 
0.815337 
0.686238 
0.567611 
0.459751 
0.362786 
0.276695 
0.201321 
0.136387 
0.081513 
0.036231 
0.000000 
-5.000000 
-5.000000 
-5.000000 
-5.000000 
-5.000000 
-5.000000 
-5.000000 
-5.000000 
-5.000000 
-5.000000 
-5.000000 
0.322702 
0.643021 
0.958585 
1.267046 
1.566093 
1.853469 
2.126988 
2.384556 
2.624194 
2.844061 
3.042487 
3.217991 
3.369319 
3.495458 
3.595670 
3.669504 
3.716814 
3.737766 
3.732845 
3.702844 
3.648859 
3.572267 
3.474701 
3.358023 
3.224282 
3.075682 
2.914531 
2.743206 
2.564101 
2.379591 
2.191989 
2.003510 
1.816239 
1.632103 
1.452852 
1.280040 
1.115018 
0.958924 
0.812688 
0.677034 
0.552486 
0.439383 
0.337888 
0.248006 
0.169598 
0.102397 
0.046023 
0.000000 
-5.000000 
-5.000000 
-5.000000 
-5.000000 
-5.000000 
-5.000000 
-5.000000 
-5.000000 
-5.000000 
-5.000000 
-5.000000 
-5.000000 
0.331931 
0.661408 
0.985987 
1.303249 
1.610815 
1.906358 
2.187625 
2.452457 
2.698813 
2.924795 
3.128676 
3.308929 
3.464254 
3.593604 
3.696210 
3.771599 
3.819613 
3.840416 
3.834496 
3.802664 
3.746037 
3.666028 
3.564312 
3.442801 
3.303604 
3.148987 
2.981332 
2.803087 
2.616730 
2.424717 
2.229443 
2.033210 
1.838187 
1.646385 
1.459636 
1.279574 
1.107624 
0.944997 
0.792690 
0.651486 
0.521967 
0.404519 
0.299346 
0.206488 
0.125831 
0.057126 
0.000000 
-5.000000 
-5.000000 
-5.000000 
-5.000000 
-5.000000 
-5.000000 
-5.000000 
-5.000000 
-5.000000 
-5.000000 
-5.000000 
-5.000000 
-5.000000 
0.337965 
0.673427 
1.003893 
1.326898 
1.640013 
1.940865 
2.227154 
2.496677 
2.747347 
2.977227 
3.184550 
3.367753 
3.525503 
3.656725 
3.760625 
3.836714 
3.884819 
3.905096 
3.898033 
3.864446 
3.805467 
3.722523 
3.617318 
3.491794 
3.348097 
3.188538 
3.015547 
2.831627 
2.639312 
2.441121 
2.239515 
2.036863 
1.835403 
1.637220 
1.444215 
1.258095 
1.080355 
0.912275 
0.754919 
0.609134 
0.475559 
0.354636 
0.246617 
0.151582 
0.069451 
0.000000 
-5.000000 
-5.000000 
-5.000000 
-5.000000 
-5.000000 
-5.000000 
-5.000000 
-5.000000 
-5.000000 
-5.000000 
-5.000000 
-5.000000 
-5.000000 
-5.000000 
0.340892 
0.679255 
1.012569 
1.338343 
1.654121 
1.957503 
2.246163 
2.517873 
2.770520 
3.002140 
3.210943 
3.395343 
3.553983 
3.685769 
3.789888 
3.865835 
3.913422 
3.932795 
3.924436 
3.889154 
3.828083 
3.742654 
3.634579 
3.505813 
3.358520 
3.195034 
3.017812 
2.829391 
2.632342 
2.429225 
2.222550 
2.014737 
1.808081 
1.604724 
1.406631 
1.215573 
1.033111 
0.860595 
0.699153 
0.549699 
0.412936 
0.289365 
0.179294 
0.082851 
0.000000 
-5.000000 
-5.000000 
-5.000000 
-5.000000 
-5.000000 
-5.000000 
-5.000000 
-5.000000 
-5.000000 
-5.000000 
-5.000000 
-5.000000 
-5.000000 
-5.000000 
-5.000000 
0.340847 
0.679159 
1.012413 
1.338109 
1.653786 
1.957039 
2.245534 
2.517032 
2.769415 
3.000709 
3.209111 
3.393024 
3.551081 
3.682172 
3.785473 
3.860461 
3.906937 
3.925031 
3.915211 
3.878275 
3.815341 
3.727835 
3.617457 
3.486160 
3.336106 
3.169632 
2.989202 
2.797366 
2.596713 
2.389829 
2.179252 
1.967439 
1.756727 
1.549308 
1.347200 
1.152234 
0.966034 
0.790014 
0.625373 
0.473093 
0.333946 
0.208498 
0.097121 
0.000000 
-5.000000 
-5.000000 
-5.000000 
-5.000000 
-5.000000 
-5.000000 
-5.000000 
-5.000000 
-5.000000 
-5.000000 
-5.000000 
-5.000000 
-5.000000 
-5.000000 
-5.000000 
-5.000000 
0.338004 
0.673487 
1.003940 
1.326878 
1.639853 
1.940471 
2.226409 
2.495438 
2.745445 
2.974461 
3.180687 
3.362524 
3.518602 
3.647806 
3.749300 
3.822551 
3.867344 
3.883791 
3.872340 
3.833765 
3.769165 
3.679939 
3.567766 
3.434577 
3.282516 
3.113902 
2.931189 
2.736921 
2.533687 
2.324080 
2.110653 
1.895885 
1.682145 
1.471663 
1.266504 
1.068552 
0.879494 
0.700809 
0.533766 
0.379420 
0.238617 
0.111997 
0.000000 
-5.000000 
-5.000000 
-5.000000 
-5.000000 
-5.000000 
-5.000000 
-5.000000 
-5.000000 
-5.000000 
-5.000000 
-5.000000 
-5.000000 
-5.000000 
-5.000000 
-5.000000 
-5.000000 
-5.000000 
0.332569 
0.662651 
0.987768 
1.305467 
1.613331 
1.908993 
2.190160 
2.454625 
2.700298 
2.925227 
3.127628 
3.305912 
3.458713 
3.584916 
3.683680 
3.754461 
3.797027 
3.811470 
3.798210 
3.757993 
3.691882 
3.601242 
3.487715 
3.353194 
3.199787 
3.029781 
2.845601 
2.649768 
2.444853 
2.233443 
2.018090 
1.801284 
1.585415 
1.372742 
1.165372 
0.965240 
0.774091 
0.593472 
0.424724 
0.268980 
0.127166 
0.000000 
-5.000000 
-5.000000 
-5.000000 
-5.000000 
-5.000000 
-5.000000 
-5.000000 
-5.000000 
-5.000000 
-5.000000 
-5.000000 
-5.000000 
-5.000000 
-5.000000 
-5.000000 
-5.000000 
-5.000000 
-5.000000 
0.324780 
0.647122 
0.964598 
1.274802 
1.575364 
1.863961 
2.138341 
2.396337 
2.635893 
2.855087 
3.052160 
3.225542 
3.373878 
3.496059 
3.591243 
3.658874 
3.698705 
3.710802 
3.695553 
3.653667 
3.586163 
3.494359 
3.379847 
3.244468 
3.090279 
2.919520 
2.734571 
2.537913 
2.332089 
2.119659 
1.903168 
1.685104 
1.467867 
1.253742 
1.044872 
0.843238 
0.650646 
0.468710 
0.298847 
0.142273 
0.000000 
-5.000000 
-5.000000 
-5.000000 
-5.000000 
-5.000000 
-5.000000 
-5.000000 
-5.000000 
-5.000000 
-5.000000 
-5.000000 
-5.000000 
-5.000000 
-5.000000 
-5.000000 
-5.000000 
-5.000000 
-5.000000 
-5.000000 
0.314895 
0.627415 
0.935197 
1.235896 
1.527203 
1.806855 
2.072652 
2.322480 
2.554328 
2.766315 
2.956716 
3.123987 
3.266794 
3.384035 
3.474869 
3.538733 
3.575359 
3.584787 
3.567368 
3.523766 
3.454947 
3.362172 
3.246971 
3.111120 
2.956614 
2.785629 
2.600486 
2.403615 
2.197515 
1.984712 
1.767728 
1.549043 
1.331060 
1.116083 
0.906287 
0.703701 
0.510188 
0.327434 
0.156937 
0.000000 
-5.000000 
-5.000000 
-5.000000 
-5.000000 
-5.000000 
-5.000000 
-5.000000 
-5.000000 
-5.000000 
-5.000000 
-5.000000 
-5.000000 
-5.000000 
-5.000000 
-5.000000 
-5.000000 
-5.000000 
-5.000000 
-5.000000 
-5.000000 
0.303185 
0.604073 
0.900375 
1.189822 
1.470176 
1.739245 
1.994896 
2.235075 
2.457828 
2.661323 
2.843878 
3.003981 
3.140322 
3.251814 
3.337618 
3.397163 
3.430161 
3.436621 
3.416853 
3.371468 
3.301375 
3.207766 
3.092099 
2.956077 
2.801615 
2.630817 
2.445934 
2.249332 
2.043454 
1.830784 
1.613811 
1.394999 
1.176750 
0.961383 
0.751102 
0.547983 
0.353950 
0.170761 
0.000000 
-5.000000 
-5.000000 
-5.000000 
-5.000000 
-5.000000 
-5.000000 
-5.000000 
-5.000000 
-5.000000 
-5.000000 
-5.000000 
-5.000000 
-5.000000 
-5.000000 
-5.000000 
-5.000000 
-5.000000 
-5.000000 
-5.000000 
-5.000000 
-5.000000 
0.289934 
0.577658 
0.860970 
1.137686 
1.405652 
1.662753 
1.906934 
2.136209 
2.348691 
2.542604 
2.716313 
2.868347 
2.997424 
3.102473 
3.182659 
3.237404 
3.266399 
3.269619 
3.247328 
3.200080 
3.128719 
3.034360 
2.918381 
2.782400 
2.628247 
2.457941 
2.273652 
2.077673 
1.872383 
1.660215 
1.443620 
1.225038 
1.006868 
0.791438 
0.580984 
0.377627 
0.183353 
0.000000 
-5.000000 
-5.000000 
-5.000000 
-5.000000 
-5.000000 
-5.000000 
-5.000000 
-5.000000 
-5.000000 
-5.000000 
-5.000000 
-5.000000 
-5.000000 
-5.000000 
-5.000000 
-5.000000 
-5.000000 
-5.000000 
-5.000000 
-5.000000 
-5.000000 
-5.000000 
0.275427 
0.548739 
0.817830 
1.080609 
1.335013 
1.579017 
1.810645 
2.027992 
2.229240 
2.412677 
2.576721 
2.719944 
2.841096 
2.939124 
3.013202 
3.062740 
3.087408 
3.087145 
3.062167 
3.012965 
2.940310 
2.845237 
2.729035 
2.593230 
2.439558 
2.269943 
2.086470 
1.891350 
1.686890 
1.475466 
1.259486 
1.041362 
0.823487 
0.608197 
0.397760 
0.194344 
0.000000 
-5.000000 
-5.000000 
-5.000000 
-5.000000 
-5.000000 
-5.000000 
-5.000000 
-5.000000 
-5.000000 
-5.000000 
-5.000000 
-5.000000 
-5.000000 
-5.000000 
-5.000000 
-5.000000 
-5.000000 
-5.000000 
-5.000000 
-5.000000 
-5.000000 
-5.000000 
-5.000000 
0.259944 
0.517876 
0.771790 
1.019697 
1.259630 
1.489656 
1.707891 
1.912512 
2.101776 
2.274038 
2.427774 
2.561604 
2.674309 
2.764859 
2.832432 
2.876432 
2.896505 
2.892551 
2.864733 
2.813479 
2.739481 
2.643688 
2.527294 
2.391727 
2.238623 
2.069807 
1.887269 
1.693133 
1.489632 
1.279078 
1.063831 
0.846278 
0.628798 
0.413740 
0.203402 
0.000000 
-5.000000 
-5.000000 
-5.000000 
-5.000000 
-5.000000 
-5.000000 
-5.000000 
-5.000000 
-5.000000 
-5.000000 
-5.000000 
-5.000000 
-5.000000 
-5.000000 
-5.000000 
-5.000000 
-5.000000 
-5.000000 
-5.000000 
-5.000000 
-5.000000 
-5.000000 
-5.000000 
-5.000000 
0.243760 
0.485614 
0.723665 
0.956025 
1.180831 
1.396246 
1.600481 
1.791798 
1.968533 
2.129113 
2.272073 
2.396081 
2.499954 
2.582684 
2.643455 
2.681662 
2.696926 
2.689109 
2.658318 
2.604911 
2.529502 
2.432947 
2.316344 
2.181016 
2.028495 
1.860502 
1.678929 
1.485809 
1.283295 
1.073634 
0.859140 
0.642166 
0.425083 
0.210252 
0.000000 
-5.000000 
-5.000000 
-5.000000 
-5.000000 
-5.000000 
-5.000000 
-5.000000 
-5.000000 
-5.000000 
-5.000000 
-5.000000 
-5.000000 
-5.000000 
-5.000000 
-5.000000 
-5.000000 
-5.000000 
-5.000000 
-5.000000 
-5.000000 
-5.000000 
-5.000000 
-5.000000 
-5.000000 
-5.000000 
0.227135 
0.452474 
0.674228 
0.890618 
1.099882 
1.300287 
1.490137 
1.667783 
1.831643 
1.980216 
2.112098 
2.226006 
2.320794 
2.395476 
2.449241 
2.481476 
2.491777 
2.479963 
2.446084 
2.390430 
2.313529 
2.216147 
2.099277 
1.964139 
1.812155 
1.644942 
1.464288 
1.272135 
1.070556 
0.861730 
0.647921 
0.431454 
0.214689 
0.000000 
-5.000000 
-5.000000 
-5.000000 
-5.000000 
-5.000000 
-5.000000 
-5.000000 
-5.000000 
-5.000000 
-5.000000 
-5.000000 
-5.000000 
-5.000000 
-5.000000 
-5.000000 
-5.000000 
-5.000000 
-5.000000 
-5.000000 
-5.000000 
-5.000000 
-5.000000 
-5.000000 
-5.000000 
-5.000000 
-5.000000 
0.210312 
0.418941 
0.624204 
0.824432 
1.017969 
1.203183 
1.378472 
1.542279 
1.693104 
1.829516 
1.950175 
2.053847 
2.139422 
2.205936 
2.252584 
2.278743 
2.283982 
2.268078 
2.231024 
2.173038 
2.094562 
1.996268 
1.879048 
1.744011 
1.592474 
1.425943 
1.246107 
1.054812 
0.854051 
0.645936 
0.432683 
0.216586 
0.000000 
-5.000000 
-5.000000 
-5.000000 
-5.000000 
-5.000000 
-5.000000 
-5.000000 
-5.000000 
-5.000000 
-5.000000 
-5.000000 
-5.000000 
-5.000000 
-5.000000 
-5.000000 
-5.000000 
-5.000000 
-5.000000 
-5.000000 
-5.000000 
-5.000000 
-5.000000 
-5.000000 
-5.000000 
-5.000000 
-5.000000 
-5.000000 
0.193517 
0.385459 
0.574257 
0.758348 
0.936180 
1.106221 
1.266967 
1.416949 
1.554748 
1.679006 
1.788443 
1.881875 
1.958227 
2.016555 
2.056062 
2.076113 
2.076249 
2.056206 
2.015918 
1.955530 
1.875401 
1.776105 
1.658434 
1.523388 
1.372174 
1.206194 
1.027033 
0.836445 
0.636342 
0.428771 
0.215902 
0.000000 
-5.000000 
-5.000000 
-5.000000 
-5.000000 
-5.000000 
-5.000000 
-5.000000 
-5.000000 
-5.000000 
-5.000000 
-5.000000 
-5.000000 
-5.000000 
-5.000000 
-5.000000 
-5.000000 
-5.000000 
-5.000000 
-5.000000 
-5.000000 
-5.000000 
-5.000000 
-5.000000 
-5.000000 
-5.000000 
-5.000000 
-5.000000 
-5.000000 
0.176948 
0.352431 
0.524986 
0.693155 
0.855491 
1.010562 
1.156955 
1.293291 
1.418229 
1.530482 
1.628831 
1.712139 
1.779365 
1.829587 
1.862010 
1.875989 
1.871040 
1.846853 
1.803305 
1.740468 
1.658618 
1.558235 
1.440008 
1.304832 
1.153805 
0.988224 
0.809574 
0.619520 
0.419893 
0.212679 
0.000000 
-5.000000 
-5.000000 
-5.000000 
-5.000000 
-5.000000 
-5.000000 
-5.000000 
-5.000000 
-5.000000 
-5.000000 
-5.000000 
-5.000000 
-5.000000 
-5.000000 
-5.000000 
-5.000000 
-5.000000 
-5.000000 
-5.000000 
-5.000000 
-5.000000 
-5.000000 
-5.000000 
-5.000000 
-5.000000 
-5.000000 
-5.000000 
-5.000000 
-5.000000 
0.160784 
0.320208 
0.476914 
0.629549 
0.776764 
0.917224 
1.049609 
1.172622 
1.285002 
1.385529 
1.473042 
1.546450 
1.604747 
1.647027 
1.672501 
1.680512 
1.670547 
1.642256 
1.595458 
1.530154 
1.446537 
1.344994 
1.226115 
1.090690 
0.939715 
0.774381 
0.596077 
0.406380 
0.207046 
0.000000 
-5.000000 
-5.000000 
-5.000000 
-5.000000 
-5.000000 
-5.000000 
-5.000000 
-5.000000 
-5.000000 
-5.000000 
-5.000000 
-5.000000 
-5.000000 
-5.000000 
-5.000000 
-5.000000 
-5.000000 
-5.000000 
-5.000000 
-5.000000 
-5.000000 
-5.000000 
-5.000000 
-5.000000 
-5.000000 
-5.000000 
-5.000000 
-5.000000 
-5.000000 
-5.000000 
0.145174 
0.289091 
0.430493 
0.568125 
0.700736 
0.827084 
0.945935 
1.056076 
1.156318 
1.245509 
1.322543 
1.386371 
1.436020 
1.470602 
1.489331 
1.491538 
1.476683 
1.444375 
1.394375 
1.326618 
1.241214 
1.138461 
1.018854 
0.883081 
0.732036 
0.566812 
0.388705 
0.199206 
0.000000 
-5.000000 
-5.000000 
-5.000000 
-5.000000 
-5.000000 
-5.000000 
-5.000000 
-5.000000 
-5.000000 
-5.000000 
-5.000000 
-5.000000 
-5.000000 
-5.000000 
-5.000000 
-5.000000 
-5.000000 
-5.000000 
-5.000000 
-5.000000 
-5.000000 
-5.000000 
-5.000000 
-5.000000 
-5.000000 
-5.000000 
-5.000000 
-5.000000 
-5.000000 
-5.000000 
-5.000000 
0.130246 
0.259331 
0.386095 
0.509378 
0.628021 
0.740869 
0.846772 
0.944596 
1.033223 
1.111562 
1.178560 
1.233211 
1.274570 
1.301767 
1.314017 
1.310641 
1.291073 
1.254879 
1.201768 
1.131608 
1.044432 
0.940453 
0.820070 
0.683878 
0.532673 
0.367453 
0.189425 
0.000000 
-5.000000 
-5.000000 
-5.000000 
-5.000000 
-5.000000 
-5.000000 
-5.000000 
-5.000000 
-5.000000 
-5.000000 
-5.000000 
-5.000000 
-5.000000 
-5.000000 
-5.000000 
-5.000000 
-5.000000 
-5.000000 
-5.000000 
-5.000000 
-5.000000 
-5.000000 
-5.000000 
-5.000000 
-5.000000 
-5.000000 
-5.000000 
-5.000000 
-5.000000 
-5.000000 
-5.000000 
-5.000000 
0.116099 
0.231129 
0.344022 
0.453706 
0.559110 
0.659162 
0.752793 
0.838941 
0.916555 
0.984604 
1.042084 
1.088029 
1.121521 
1.141704 
1.147799 
1.139112 
1.115054 
1.075152 
1.019064 
0.946593 
0.857700 
0.752515 
0.631351 
0.494710 
0.343296 
0.178019 
0.000000 
-5.000000 
-5.000000 
-5.000000 
-5.000000 
-5.000000 
-5.000000 
-5.000000 
-5.000000 
-5.000000 
-5.000000 
-5.000000 
-5.000000 
-5.000000 
-5.000000 
-5.000000 
-5.000000 
-5.000000 
-5.000000 
-5.000000 
-5.000000 
-5.000000 
-5.000000 
-5.000000 
-5.000000 
-5.000000 
-5.000000 
-5.000000 
-5.000000 
-5.000000 
-5.000000 
-5.000000 
-5.000000 
-5.000000 
0.102809 
0.204637 
0.304499 
0.401408 
0.494376 
0.582408 
0.664510 
0.739690 
0.806958 
0.865340 
0.913878 
0.951642 
0.977742 
0.991336 
0.991646 
0.977968 
0.949689 
0.906300 
0.847410 
0.772764 
0.682253 
0.575930 
0.454025 
0.316956 
0.165339 
0.000000 
-5.000000 
-5.000000 
-5.000000 
-5.000000 
-5.000000 
-5.000000 
-5.000000 
-5.000000 
-5.000000 
-5.000000 
-5.000000 
-5.000000 
-5.000000 
-5.000000 
-5.000000 
-5.000000 
-5.000000 
-5.000000 
-5.000000 
-5.000000 
-5.000000 
-5.000000 
-5.000000 
-5.000000 
-5.000000 
-5.000000 
-5.000000 
-5.000000 
-5.000000 
-5.000000 
-5.000000 
-5.000000 
-5.000000 
-5.000000 
0.090431 
0.179961 
0.267685 
0.352696 
0.434081 
0.510919 
0.582285 
0.647251 
0.704887 
0.754270 
0.794485 
0.824639 
0.843864 
0.851333 
0.846269 
0.827961 
0.795771 
0.749158 
0.687688 
0.611047 
0.519064 
0.411722 
0.289172 
0.151753 
0.000000 
-5.000000 
-5.000000 
-5.000000 
-5.000000 
-5.000000 
-5.000000 
-5.000000 
-5.000000 
-5.000000 
-5.000000 
-5.000000 
-5.000000 
-5.000000 
-5.000000 
-5.000000 
-5.000000 
-5.000000 
-5.000000 
-5.000000 
-5.000000 
-5.000000 
-5.000000 
-5.000000 
-5.000000 
-5.000000 
-5.000000 
-5.000000 
-5.000000 
-5.000000 
-5.000000 
-5.000000 
-5.000000 
-5.000000 
-5.000000 
-5.000000 
0.078996 
0.157165 
0.233677 
0.307698 
0.378384 
0.444885 
0.506338 
0.561877 
0.610625 
0.651708 
0.684252 
0.707395 
0.720294 
0.722135 
0.712144 
0.689600 
0.653848 
0.604315 
0.540525 
0.462117 
0.368859 
0.260669 
0.137628 
0.000000 
-5.000000 
-5.000000 
-5.000000 
-5.000000 
-5.000000 
-5.000000 
-5.000000 
-5.000000 
-5.000000 
-5.000000 
-5.000000 
-5.000000 
-5.000000 
-5.000000 
-5.000000 
-5.000000 
-5.000000 
-5.000000 
-5.000000 
-5.000000 
-5.000000 
-5.000000 
-5.000000 
-5.000000 
-5.000000 
-5.000000 
-5.000000 
-5.000000 
-5.000000 
-5.000000 
-5.000000 
-5.000000 
-5.000000 
-5.000000 
-5.000000 
-5.000000 
0.068516 
0.136275 
0.202514 
0.266466 
0.327353 
0.384386 
0.436766 
0.483678 
0.524298 
0.557797 
0.583338 
0.600092 
0.607236 
0.603971 
0.589525 
0.563170 
0.524236 
0.472122 
0.406317 
0.326414 
0.232128 
0.123318 
0.000000 
-5.000000 
-5.000000 
-5.000000 
-5.000000 
-5.000000 
-5.000000 
-5.000000 
-5.000000 
-5.000000 
-5.000000 
-5.000000 
-5.000000 
-5.000000 
-5.000000 
-5.000000 
-5.000000 
-5.000000 
-5.000000 
-5.000000 
-5.000000 
-5.000000 
-5.000000 
-5.000000 
-5.000000 
-5.000000 
-5.000000 
-5.000000 
-5.000000 
-5.000000 
-5.000000 
-5.000000 
-5.000000 
-5.000000 
-5.000000 
-5.000000 
-5.000000 
-5.000000 
0.058989 
0.117283 
0.174184 
0.228985 
0.280970 
0.329407 
0.373550 
0.412638 
0.445894 
0.472530 
0.491746 
0.502741 
0.504714 
0.496880 
0.478470 
0.448755 
0.407047 
0.352726 
0.285248 
0.204165 
0.109148 
0.000000 
-5.000000 
-5.000000 
-5.000000 
-5.000000 
-5.000000 
-5.000000 
-5.000000 
-5.000000 
-5.000000 
-5.000000 
-5.000000 
-5.000000 
-5.000000 
-5.000000 
-5.000000 
-5.000000 
-5.000000 
-5.000000 
-5.000000 
-5.000000 
-5.000000 
-5.000000 
-5.000000 
-5.000000 
-5.000000 
-5.000000 
-5.000000 
-5.000000 
-5.000000 
-5.000000 
-5.000000 
-5.000000 
-5.000000 
-5.000000 
-5.000000 
-5.000000 
-5.000000 
-5.000000 
0.050395 
0.100153 
0.148633 
0.195186 
0.239149 
0.279844 
0.316577 
0.348634 
0.375281 
0.395769 
0.409334 
0.415202 
0.412593 
0.400736 
0.378869 
0.346260 
0.302212 
0.246085 
0.177310 
0.095405 
0.000000 
-5.000000 
-5.000000 
-5.000000 
-5.000000 
-5.000000 
-5.000000 
-5.000000 
-5.000000 
-5.000000 
-5.000000 
-5.000000 
-5.000000 
-5.000000 
-5.000000 
-5.000000 
-5.000000 
-5.000000 
-5.000000 
-5.000000 
-5.000000 
-5.000000 
-5.000000 
-5.000000 
-5.000000 
-5.000000 
-5.000000 
-5.000000 
-5.000000 
-5.000000 
-5.000000 
-5.000000 
-5.000000 
-5.000000 
-5.000000 
-5.000000 
-5.000000 
-5.000000 
-5.000000 
-5.000000 
0.042704 
0.084824 
0.125772 
0.164949 
0.201744 
0.235528 
0.265653 
0.291449 
0.312225 
0.327267 
0.335844 
0.337209 
0.330605 
0.315273 
0.290462 
0.255439 
0.209502 
0.151997 
0.082332 
0.000000 
-5.000000 
-5.000000 
-5.000000 
-5.000000 
-5.000000 
-5.000000 
-5.000000 
-5.000000 
-5.000000 
-5.000000 
-5.000000 
-5.000000 
-5.000000 
-5.000000 
-5.000000 
-5.000000 
-5.000000 
-5.000000 
-5.000000 
-5.000000 
-5.000000 
-5.000000 
-5.000000 
-5.000000 
-5.000000 
-5.000000 
-5.000000 
-5.000000 
-5.000000 
-5.000000 
-5.000000 
-5.000000 
-5.000000 
-5.000000 
-5.000000 
-5.000000 
-5.000000 
-5.000000 
-5.000000 
-5.000000 
0.035876 
0.071216 
0.105480 
0.138116 
0.168560 
0.196229 
0.220516 
0.240795 
0.256410 
0.266686 
0.270920 
0.268393 
0.258369 
0.240108 
0.212867 
0.175918 
0.128557 
0.070120 
0.000000 
-5.000000 
-5.000000 
-5.000000 
-5.000000 
-5.000000 
-5.000000 
-5.000000 
-5.000000 
-5.000000 
-5.000000 
-5.000000 
-5.000000 
-5.000000 
-5.000000 
-5.000000 
-5.000000 
-5.000000 
-5.000000 
-5.000000 
-5.000000 
-5.000000 
-5.000000 
-5.000000 
-5.000000 
-5.000000 
-5.000000 
-5.000000 
-5.000000 
-5.000000 
-5.000000 
-5.000000 
-5.000000 
-5.000000 
-5.000000 
-5.000000 
-5.000000 
-5.000000 
-5.000000 
-5.000000 
-5.000000 
-5.000000 
0.029862 
0.059233 
0.087614 
0.114500 
0.139367 
0.161674 
0.180856 
0.196323 
0.207458 
0.213616 
0.214128 
0.208300 
0.195421 
0.174765 
0.145606 
0.107221 
0.058908 
0.000000 
-5.000000 
-5.000000 
-5.000000 
-5.000000 
-5.000000 
-5.000000 
-5.000000 
-5.000000 
-5.000000 
-5.000000 
-5.000000 
-5.000000 
-5.000000 
-5.000000 
-5.000000 
-5.000000 
-5.000000 
-5.000000 
-5.000000 
-5.000000 
-5.000000 
-5.000000 
-5.000000 
-5.000000 
-5.000000 
-5.000000 
-5.000000 
-5.000000 
-5.000000 
-5.000000 
-5.000000 
-5.000000 
-5.000000 
-5.000000 
-5.000000 
-5.000000 
-5.000000 
-5.000000 
-5.000000 
-5.000000 
-5.000000 
-5.000000 
0.024609 
0.048768 
0.072017 
0.093892 
0.113907 
0.131560 
0.146323 
0.157644 
0.164939 
0.167598 
0.164979 
0.156418 
0.141225 
0.118697 
0.088121 
0.048788 
0.000000 
-5.000000 
-5.000000 
-5.000000 
-5.000000 
-5.000000 
-5.000000 
-5.000000 
-5.000000 
-5.000000 
-5.000000 
-5.000000 
-5.000000 
-5.000000 
-5.000000 
-5.000000 
-5.000000 
-5.000000 
-5.000000 
-5.000000 
-5.000000 
-5.000000 
-5.000000 
-5.000000 
-5.000000 
-5.000000 
-5.000000 
-5.000000 
-5.000000 
-5.000000 
-5.000000 
-5.000000 
-5.000000 
-5.000000 
-5.000000 
-5.000000 
-5.000000 
-5.000000 
-5.000000 
-5.000000 
-5.000000 
-5.000000 
-5.000000 
-5.000000 
0.020061 
0.039707 
0.058520 
0.076067 
0.091902 
0.105558 
0.116544 
0.124339 
0.128396 
0.128134 
0.122944 
0.112188 
0.095202 
0.071305 
0.039802 
0.000000 
-5.000000 
-5.000000 
-5.000000 
-5.000000 
-5.000000 
-5.000000 
-5.000000 
-5.000000 
-5.000000 
-5.000000 
-5.000000 
-5.000000 
-5.000000 
-5.000000 
-5.000000 
-5.000000 
-5.000000 
-5.000000 
-5.000000 
-5.000000 
-5.000000 
-5.000000 
-5.000000 
-5.000000 
-5.000000 
-5.000000 
-5.000000 
-5.000000 
-5.000000 
-5.000000 
-5.000000 
-5.000000 
-5.000000 
-5.000000 
-5.000000 
-5.000000 
-5.000000 
-5.000000 
-5.000000 
-5.000000 
-5.000000 
-5.000000 
-5.000000 
-5.000000 
0.016157 
0.031934 
0.046946 
0.060794 
0.073067 
0.083331 
0.091129 
0.095974 
0.097350 
0.094708 
0.087470 
0.075026 
0.056740 
0.031955 
0.000000 
-5.000000 
-5.000000 
-5.000000 
-5.000000 
-5.000000 
-5.000000 
-5.000000 
-5.000000 
-5.000000 
-5.000000 
-5.000000 
-5.000000 
-5.000000 
-5.000000 
-5.000000 
-5.000000 
-5.000000 
-5.000000 
-5.000000 
-5.000000 
-5.000000 
-5.000000 
-5.000000 
-5.000000 
-5.000000 
-5.000000 
-5.000000 
-5.000000 
-5.000000 
-5.000000 
-5.000000 
-5.000000 
-5.000000 
-5.000000 
-5.000000 
-5.000000 
-5.000000 
-5.000000 
-5.000000 
-5.000000 
-5.000000 
-5.000000 
-5.000000 
-5.000000 
-5.000000 
0.012839 
0.025330 
0.037119 
0.047840 
0.057113 
0.064538 
0.069687 
0.072108 
0.071315 
0.066793 
0.057993 
0.044336 
0.025215 
0.000000 
-5.000000 
-5.000000 
-5.000000 
-5.000000 
-5.000000 
-5.000000 
-5.000000 
-5.000000 
-5.000000 
-5.000000 
-5.000000 
-5.000000 
-5.000000 
-5.000000 
-5.000000 
-5.000000 
-5.000000 
-5.000000 
-5.000000 
-5.000000 
-5.000000 
-5.000000 
-5.000000 
-5.000000 
-5.000000 
-5.000000 
-5.000000 
-5.000000 
-5.000000 
-5.000000 
-5.000000 
-5.000000 
-5.000000 
-5.000000 
-5.000000 
-5.000000 
-5.000000 
-5.000000 
-5.000000 
-5.000000 
-5.000000 
-5.000000 
-5.000000 
-5.000000 
-5.000000 
-5.000000 
0.010048 
0.019778 
0.028865 
0.036974 
0.043756 
0.048839 
0.051830 
0.052305 
0.049812 
0.043867 
0.033953 
0.019523 
0.000000 
-5.000000 
-5.000000 
-5.000000 
-5.000000 
-5.000000 
-5.000000 
-5.000000 
-5.000000 
-5.000000 
-5.000000 
-5.000000 
-5.000000 
-5.000000 
-5.000000 
-5.000000 
-5.000000 
-5.000000 
-5.000000 
-5.000000 
-5.000000 
-5.000000 
-5.000000 
-5.000000 
-5.000000 
-5.000000 
-5.000000 
-5.000000 
-5.000000 
-5.000000 
-5.000000 
-5.000000 
-5.000000 
-5.000000 
-5.000000 
-5.000000 
-5.000000 
-5.000000 
-5.000000 
-5.000000 
-5.000000 
-5.000000 
-5.000000 
-5.000000 
-5.000000 
-5.000000 
-5.000000 
-5.000000 
0.007727 
0.015164 
0.022014 
0.027972 
0.032717 
0.035907 
0.037178 
0.036139 
0.032370 
0.025418 
0.014799 
0.000000 
-5.000000 
-5.000000 
-5.000000 
-5.000000 
-5.000000 
-5.000000 
-5.000000 
-5.000000 
-5.000000 
-5.000000 
-5.000000 
-5.000000 
-5.000000 
-5.000000 
-5.000000 
-5.000000 
-5.000000 
-5.000000 
-5.000000 
-5.000000 
-5.000000 
-5.000000 
-5.000000 
-5.000000 
-5.000000 
-5.000000 
-5.000000 
-5.000000 
-5.000000 
-5.000000 
-5.000000 
-5.000000 
-5.000000 
-5.000000 
-5.000000 
-5.000000 
-5.000000 
-5.000000 
-5.000000 
-5.000000 
-5.000000 
-5.000000 
-5.000000 
-5.000000 
-5.000000 
-5.000000 
-5.000000 
-5.000000 
0.005822 
0.011380 
0.016406 
0.020620 
0.023730 
0.025425 
0.025369 
0.023202 
0.018536 
0.010952 
0.000000 
-5.000000 
-5.000000 
-5.000000 
-5.000000 
-5.000000 
-5.000000 
-5.000000 
-5.000000 
-5.000000 
-5.000000 
-5.000000 
-5.000000 
-5.000000 
-5.000000 
-5.000000 
-5.000000 
-5.000000 
-5.000000 
-5.000000 
-5.000000 
-5.000000 
-5.000000 
-5.000000 
-5.000000 
-5.000000 
-5.000000 
-5.000000 
-5.000000 
-5.000000 
-5.000000 
-5.000000 
-5.000000 
-5.000000 
-5.000000 
-5.000000 
-5.000000 
-5.000000 
-5.000000 
-5.000000 
-5.000000 
-5.000000 
-5.000000 
-5.000000 
-5.000000 
-5.000000 
-5.000000 
-5.000000 
-5.000000 
-5.000000 
0.004281 
0.008323 
0.011885 
0.014714 
0.016545 
0.017095 
0.016058 
0.013105 
0.007881 
0.000000 
-5.000000 
-5.000000 
-5.000000 
-5.000000 
-5.000000 
-5.000000 
-5.000000 
-5.000000 
-5.000000 
-5.000000 
-5.000000 
-5.000000 
-5.000000 
-5.000000 
-5.000000 
-5.000000 
-5.000000 
-5.000000 
-5.000000 
-5.000000 
-5.000000 
-5.000000 
-5.000000 
-5.000000 
-5.000000 
-5.000000 
-5.000000 
-5.000000 
-5.000000 
-5.000000 
-5.000000 
-5.000000 
-5.000000 
-5.000000 
-5.000000 
-5.000000 
-5.000000 
-5.000000 
-5.000000 
-5.000000 
-5.000000 
-5.000000 
-5.000000 
-5.000000 
-5.000000 
-5.000000 
-5.000000 
-5.000000 
-5.000000 
-5.000000 
0.003056 
0.005898 
0.008310 
0.010066 
0.010927 
0.010637 
0.008922 
0.005484 
0.000000 
-5.000000 
-5.000000 
-5.000000 
-5.000000 
-5.000000 
-5.000000 
-5.000000 
-5.000000 
-5.000000 
-5.000000 
-5.000000 
-5.000000 
-5.000000 
-5.000000 
-5.000000 
-5.000000 
-5.000000 
-5.000000 
-5.000000 
-5.000000 
-5.000000 
-5.000000 
-5.000000 
-5.000000 
-5.000000 
-5.000000 
-5.000000 
-5.000000 
-5.000000 
-5.000000 
-5.000000 
-5.000000 
-5.000000 
-5.000000 
-5.000000 
-5.000000 
-5.000000 
-5.000000 
-5.000000 
-5.000000 
-5.000000 
-5.000000 
-5.000000 
-5.000000 
-5.000000 
-5.000000 
-5.000000 
-5.000000 
-5.000000 
-5.000000 
-5.000000 
0.002102 
0.004016 
0.005548 
0.006499 
0.006656 
0.005792 
0.003662 
0.000000 
-5.000000 
-5.000000 
-5.000000 
-5.000000 
-5.000000 
-5.000000 
-5.000000 
-5.000000 
-5.000000 
-5.000000 
-5.000000 
-5.000000 
-5.000000 
-5.000000 
-5.000000 
-5.000000 
-5.000000 
-5.000000 
-5.000000 
-5.000000 
-5.000000 
-5.000000 
-5.000000 
-5.000000 
-5.000000 
-5.000000 
-5.000000 
-5.000000 
-5.000000 
-5.000000 
-5.000000 
-5.000000 
-5.000000 
-5.000000 
-5.000000 
-5.000000 
-5.000000 
-5.000000 
-5.000000 
-5.000000 
-5.000000 
-5.000000 
-5.000000 
-5.000000 
-5.000000 
-5.000000 
-5.000000 
-5.000000 
-5.000000 
-5.000000 
-5.000000 
-5.000000 
0.001379 
0.002594 
0.003476 
0.003851 
0.003532 
0.002320 
0.000000 
-5.000000 
-5.000000 
-5.000000 
-5.000000 
-5.000000 
-5.000000 
-5.000000 
-5.000000 
-5.000000 
-5.000000 
-5.000000 
-5.000000 
-5.000000 
-5.000000 
-5.000000 
-5.000000 
-5.000000 
-5.000000 
-5.000000 
-5.000000 
-5.000000 
-5.000000 
-5.000000 
-5.000000 
-5.000000 
-5.000000 
-5.000000 
-5.000000 
-5.000000 
-5.000000 
-5.000000 
-5.000000 
-5.000000 
-5.000000 
-5.000000 
-5.000000 
-5.000000 
-5.000000 
-5.000000 
-5.000000 
-5.000000 
-5.000000 
-5.000000 
-5.000000 
-5.000000 
-5.000000 
-5.000000 
-5.000000 
-5.000000 
-5.000000 
-5.000000 
-5.000000 
-5.000000 
0.000850 
0.001559 
0.001984 
0.001974 
0.001369 
0.000000 
-5.000000 
-5.000000 
-5.000000 
-5.000000 
-5.000000 
-5.000000 
-5.000000 
-5.000000 
-5.000000 
-5.000000 
-5.000000 
-5.000000 
-5.000000 
-5.000000 
-5.000000 
-5.000000 
-5.000000 
-5.000000 
-5.000000 
-5.000000 
-5.000000 
-5.000000 
-5.000000 
-5.000000 
-5.000000 
-5.000000 
-5.000000 
-5.000000 
-5.000000 
-5.000000 
-5.000000 
-5.000000 
-5.000000 
-5.000000 
-5.000000 
-5.000000 
-5.000000 
-5.000000 
-5.000000 
-5.000000 
-5.000000 
-5.000000 
-5.000000 
-5.000000 
-5.000000 
-5.000000 
-5.000000 
-5.000000 
-5.000000 
-5.000000 
-5.000000 
-5.000000 
-5.000000 
-5.000000 
0.000480 
0.000842 
0.000968 
0.000732 
0.000000 
-5.000000 
-5.000000 
-5.000000 
-5.000000 
-5.000000 
-5.000000 
-5.000000 
-5.000000 
-5.000000 
-5.000000 
-5.000000 
-5.000000 
-5.000000 
-5.000000 
-5.000000 
-5.000000 
-5.000000 
-5.000000 
-5.000000 
-5.000000 
-5.000000 
-5.000000 
-5.000000 
-5.000000 
-5.000000 
-5.000000 
-5.000000 
-5.000000 
-5.000000 
-5.000000 
-5.000000 
-5.000000 
-5.000000 
-5.000000 
-5.000000 
-5.000000 
-5.000000 
-5.000000 
-5.000000 
-5.000000 
-5.000000 
-5.000000 
-5.000000 
-5.000000 
-5.000000 
-5.000000 
-5.000000 
-5.000000 
-5.000000 
-5.000000 
-5.000000 
-5.000000 
-5.000000 
-5.000000 
-5.000000 
0.000237 
0.000381 
0.000335 
0.000000 
-5.000000 
-5.000000 
-5.000000 
-5.000000 
-5.000000 
-5.000000 
-5.000000 
-5.000000 
-5.000000 
-5.000000 
-5.000000 
-5.000000 
-5.000000 
-5.000000 
-5.000000 
-5.000000 
-5.000000 
-5.000000 
-5.000000 
-5.000000 
-5.000000 
-5.000000 
-5.000000 
-5.000000 
-5.000000 
-5.000000 
-5.000000 
-5.000000 
-5.000000 
-5.000000 
-5.000000 
-5.000000 
-5.000000 
-5.000000 
-5.000000 
-5.000000 
-5.000000 
-5.000000 
-5.000000 
-5.000000 
-5.000000 
-5.000000 
-5.000000 
-5.000000 
-5.000000 
-5.000000 
-5.000000 
-5.000000 
-5.000000 
-5.000000 
-5.000000 
-5.000000 
-5.000000 
-5.000000 
-5.000000 
-5.000000 
0.000094 
0.000118 
0.000000 
-5.000000 
-5.000000 
-5.000000 
-5.000000 
-5.000000 
-5.000000 
-5.000000 
-5.000000 
-5.000000 
-5.000000 
-5.000000 
-5.000000 
-5.000000 
-5.000000 
-5.000000 
-5.000000 
-5.000000 
-5.000000 
-5.000000 
-5.000000 
-5.000000 
-5.000000 
-5.000000 
-5.000000 
-5.000000 
-5.000000 
-5.000000 
-5.000000 
-5.000000 
-5.000000 
-5.000000 
-5.000000 
-5.000000 
-5.000000 
-5.000000 
-5.000000 
-5.000000 
-5.000000 
-5.000000 
-5.000000 
-5.000000 
-5.000000 
-5.000000 
-5.000000 
-5.000000 
-5.000000 
-5.000000 
-5.000000 
-5.000000 
-5.000000 
-5.000000 
-5.000000 
-5.000000 
-5.000000 
-5.000000 
-5.000000 
-5.000000 
0.000023 
0.000000 
-5.000000 
-5.000000 
-5.000000 
-5.000000 
-5.000000 
-5.000000 
-5.000000 
-5.000000 
-5.000000 
-5.000000 
-5.000000 
-5.000000 
-5.000000 
-5.000000 
-5.000000 
-5.000000 
-5.000000 
-5.000000 
-5.000000 
-5.000000 
-5.000000 
-5.000000 
-5.000000 
-5.000000 
-5.000000 
-5.000000 
-5.000000 
-5.000000 
-5.000000 
-5.000000 
-5.000000 
-5.000000 
-5.000000 
-5.000000 
-5.000000 
-5.000000 
-5.000000 
-5.000000 
-5.000000 
-5.000000 
-5.000000 
-5.000000 
-5.000000 
-5.000000 
-5.000000 
-5.000000 
-5.000000 
-5.000000 
-5.000000 
-5.000000 
-5.000000 
-5.000000 
-5.000000 
-5.000000 
-5.000000 
-5.000000 
-5.000000 
-5.000000 
0.000000 
-5.000000 
-5.000000 
-5.000000 
-5.000000 
-5.000000 
-5.000000 
-5.000000 
-5.000000 
-5.000000 
-5.000000 
-5.000000 
-5.000000 
-5.000000 
-5.000000 
-5.000000 
-5.000000 
-5.000000 
-5.000000 
-5.000000 
-5.000000 
-5.000000 
-5.000000 
-5.000000 
-5.000000 
-5.000000 
-5.000000 
-5.000000 
-5.000000 
-5.000000 
-5.000000 
-5.000000 
-5.000000 
-5.000000 
-5.000000 
-5.000000 
-5.000000 
-5.000000 
-5.000000 
-5.000000 
-5.000000 
-5.000000 
-5.000000 
-5.000000 
-5.000000 
-5.000000 
-5.000000 
-5.000000 
-5.000000 
-5.000000 
-5.000000 
-5.000000 
-5.000000 
-5.000000 
-5.000000 
-5.000000 
-5.000000 
-5.000000 
-5.000000 
-5.000000 
-5.000000 
-5.000000 
-5.000000 
-5.000000 
-5.000000 
-5.000000 
-5.000000 
-5.000000 
-5.000000 
-5.000000 
-5.000000 
-5.000000 
-5.000000 
-5.000000 
-5.000000 
-5.000000 
-5.000000 
-5.000000 
-5.000000 
-5.000000 
-5.000000 
-5.000000 
-5.000000 
-5.000000 
-5.000000 
-5.000000 
-5.000000 
-5.000000 
-5.000000 
-5.000000 
-5.000000 
-5.000000 
-5.000000 
-5.000000 
-5.000000 
-5.000000 
-5.000000 
-5.000000 
-5.000000 
-5.000000 
-5.000000 
-5.000000 
-5.000000 
-5.000000 
-5.000000 
-5.000000 
-5.000000 
-5.000000 
-5.000000 
-5.000000 
-5.000000 
-5.000000 
-5.000000 
-5.000000 
-5.000000 
-5.000000 
-5.000000 
-5.000000 
-5.000000 
-5.000000 
