# z = ,(t = 4)
0.081125 
0.162152 
0.242943 
0.323286 
0.402858 
0.481215 
0.557772 
0.631810 
0.702491 
0.768881 
0.829986 
0.884796 
0.932331 
0.971691 
1.002101 
1.022958 
1.033860 
1.034640 
1.025377 
1.006398 
0.978276 
0.941804 
0.897968 
0.847911 
0.792885 
0.734206 
0.673205 
0.611180 
0.549351 
0.488828 
0.430576 
0.375400 
0.323928 
0.276612 
0.233730 
0.195404 
0.161613 
0.132215 
0.106975 
0.085585 
0.067691 
0.052913 
0.040863 
0.031162 
0.023452 
0.017403 
0.012719 
0.009140 
0.006445 
0.004444 
0.002984 
0.001939 
0.001207 
0.000709 
0.000384 
0.000184 
0.000071 
0.000017 
0.000000 
-5.000000 
0.160827 
0.321460 
0.481626 
0.640902 
0.798653 
0.953992 
1.105764 
1.252542 
1.392665 
1.524281 
1.645420 
1.754080 
1.848318 
1.926348 
1.986635 
2.027982 
2.049595 
2.051142 
2.032776 
1.995151 
1.939398 
1.867091 
1.780186 
1.680946 
1.571856 
1.455525 
1.334589 
1.211620 
1.089042 
0.969051 
0.853564 
0.744172 
0.642124 
0.548313 
0.463295 
0.387307 
0.320309 
0.262021 
0.211975 
0.169563 
0.134082 
0.104778 
0.080883 
0.061647 
0.046359 
0.034365 
0.025078 
0.017984 
0.012643 
0.008682 
0.005794 
0.003729 
0.002288 
0.001313 
0.000681 
0.000298 
0.000090 
0.000000 
-5.000000 
-5.000000 
0.237725 
0.475164 
0.711912 
0.947345 
1.180523 
1.410138 
1.634479 
1.851440 
2.058564 
2.253112 
2.432175 
2.592791 
2.732089 
2.847430 
2.936544 
2.997661 
3.029608 
3.031892 
3.004743 
2.949125 
2.866710 
2.759825 
2.631361 
2.484663 
2.323405 
2.151440 
1.972669 
1.790892 
1.609690 
1.432312 
1.261590 
1.099877 
0.949016 
0.810332 
0.684642 
0.572301 
0.473246 
0.387066 
0.313071 
0.250359 
0.197894 
0.154561 
0.119226 
0.090780 
0.068173 
0.050437 
0.036708 
0.026226 
0.018337 
0.012493 
0.008241 
0.005210 
0.003106 
0.001695 
0.000796 
0.000267 
0.000000 
-5.000000 
-5.000000 
-5.000000 
0.310519 
0.620663 
0.929907 
1.237432 
1.542013 
1.841940 
2.134978 
2.418378 
2.688927 
2.943051 
3.176948 
3.386749 
3.568704 
3.719365 
3.835768 
3.915599 
3.957327 
3.960309 
3.924843 
3.852188 
3.744529 
3.604905 
3.437091 
3.245460 
3.034806 
2.810166 
2.576632 
2.339170 
2.102456 
1.870734 
1.647703 
1.436438 
1.239346 
1.058156 
0.893939 
0.747155 
0.617727 
0.505115 
0.408419 
0.326464 
0.257895 
0.201258 
0.155073 
0.117891 
0.088341 
0.065163 
0.047226 
0.033538 
0.023248 
0.015638 
0.010116 
0.006200 
0.003503 
0.001721 
0.000615 
0.000000 
-5.000000 
-5.000000 
-5.000000 
-5.000000 
0.378024 
0.755592 
1.132065 
1.506445 
1.877243 
2.242375 
2.599122 
2.944135 
3.273504 
3.582878 
3.867628 
4.123044 
4.344559 
4.527975 
4.669685 
4.766871 
4.817668 
4.821293 
4.778110 
4.689650 
4.558574 
4.388579 
4.184265 
3.950950 
3.694473 
3.420965 
3.136625 
2.847499 
2.559279 
2.277132 
2.005560 
1.748307 
1.508304 
1.287656 
1.087668 
0.908900 
0.751259 
0.614090 
0.496298 
0.396454 
0.312910 
0.243899 
0.187619 
0.142308 
0.106301 
0.078063 
0.056219 
0.039563 
0.027060 
0.017836 
0.011172 
0.006480 
0.003288 
0.001225 
0.000000 
-5.000000 
-5.000000 
-5.000000 
-5.000000 
-5.000000 
0.439204 
0.877878 
1.315281 
1.750253 
2.181063 
2.605293 
3.019781 
3.420636 
3.803318 
4.162769 
4.493609 
4.790368 
5.047738 
5.260843 
5.425489 
5.538402 
5.597417 
5.601622 
5.551438 
5.448646 
5.296336 
5.098804 
4.861391 
4.590279 
4.292250 
3.974426 
3.644010 
3.308026 
2.973087 
2.645194 
2.329581 
2.030597 
1.751647 
1.495178 
1.262706 
1.054886 
0.871607 
0.712115 
0.575136 
0.459015 
0.361838 
0.281555 
0.216076 
0.163358 
0.121467 
0.088624 
0.063232 
0.043894 
0.029406 
0.018757 
0.011109 
0.005780 
0.002222 
0.000000 
-5.000000 
-5.000000 
-5.000000 
-5.000000 
-5.000000 
-5.000000 
0.493193 
0.985792 
1.476963 
1.965407 
2.449178 
2.925561 
3.391006 
3.841144 
4.270875 
4.674520 
5.046038 
5.379283 
5.668298 
5.907602 
6.092490 
6.219281 
6.285544 
6.290254 
6.233885 
6.118434 
5.947370 
5.725518 
5.458874 
5.154380 
4.819649 
4.462680 
4.091559 
3.714174 
3.337949 
2.969625 
2.615077 
2.279189 
1.965787 
1.677618 
1.416387 
1.182831 
0.976829 
0.797536 
0.643527 
0.512945 
0.403647 
0.313335 
0.239666 
0.180351 
0.133222 
0.096286 
0.067753 
0.046057 
0.029850 
0.017996 
0.009556 
0.003763 
0.000000 
-5.000000 
-5.000000 
-5.000000 
-5.000000 
-5.000000 
-5.000000 
-5.000000 
0.539315 
1.077981 
1.615087 
2.149211 
2.678228 
3.199167 
3.708147 
4.200391 
4.670319 
5.111722 
5.517994 
5.882413 
6.198463 
6.460151 
6.662329 
6.800974 
6.873424 
6.878558 
6.816892 
6.690611 
6.503506 
6.260851 
5.969204 
5.636152 
5.270022 
4.879557 
4.473600 
4.060774 
3.649199 
3.246243 
2.858331 
2.490806 
2.147850 
1.832471 
1.546536 
1.290852 
1.065293 
0.868939 
0.700236 
0.557160 
0.437375 
0.338374 
0.257603 
0.192563 
0.140893 
0.100417 
0.069187 
0.045490 
0.027859 
0.015053 
0.006047 
0.000000 
-5.000000 
-5.000000 
-5.000000 
-5.000000 
-5.000000 
-5.000000 
-5.000000 
-5.000000 
0.577093 
1.153493 
1.728223 
2.299765 
2.865844 
3.423282 
3.967924 
4.494659 
4.997517 
5.469852 
5.904594 
6.294551 
6.632748 
6.912772 
7.129111 
7.277460 
7.354970 
7.360439 
7.294419 
7.159243 
6.958970 
6.699240 
6.387067 
6.030570 
5.638655 
5.220678 
4.786097 
4.344139 
3.903491 
3.472036 
3.056650 
2.663050 
2.295713 
1.957860 
1.651491 
1.377477 
1.135687 
0.925144 
0.744194 
0.590681 
0.462113 
0.355818 
0.269074 
0.199218 
0.143730 
0.100293 
0.066829 
0.041515 
0.022783 
0.009310 
0.000000 
-5.000000 
-5.000000 
-5.000000 
-5.000000 
-5.000000 
-5.000000 
-5.000000 
-5.000000 
-5.000000 
0.606253 
1.211778 
1.815551 
2.415976 
3.010665 
3.596277 
4.168450 
4.721813 
5.250093 
5.746309 
6.203031 
6.612704 
6.967997 
7.262173 
7.489441 
7.645273 
7.726677 
7.732388 
7.662982 
7.520910 
7.310431 
7.037468 
6.709388 
6.334716 
5.922805 
5.483481 
5.026677 
4.562084 
4.098824 
3.645181 
3.208375 
2.794413 
2.408002 
2.052527 
1.730096 
1.441631 
1.187004 
0.965197 
0.774484 
0.612615 
0.476985 
0.364801 
0.273218 
0.199454 
0.140876 
0.095063 
0.059843 
0.033309 
0.013823 
0.000000 
-5.000000 
-5.000000 
-5.000000 
-5.000000 
-5.000000 
-5.000000 
-5.000000 
-5.000000 
-5.000000 
-5.000000 
0.626720 
1.252689 
1.876847 
2.497548 
3.112320 
3.717712 
4.309213 
4.881272 
5.427402 
5.940385 
6.412541 
6.836056 
7.203351 
7.507459 
7.742391 
7.903466 
7.987586 
7.993439 
7.921622 
7.774662 
7.556959 
7.274632 
6.935292 
6.547748 
6.121664 
5.667193 
5.194600 
4.713898 
4.234516 
3.765013 
3.312855 
2.884251 
2.484070 
2.115818 
1.781681 
1.482621 
1.218519 
0.988338 
0.790310 
0.622127 
0.481116 
0.364411 
0.269092 
0.192302 
0.131341 
0.083722 
0.047219 
0.019872 
0.000000 
-5.000000 
-5.000000 
-5.000000 
-5.000000 
-5.000000 
-5.000000 
-5.000000 
-5.000000 
-5.000000 
-5.000000 
-5.000000 
0.638612 
1.276459 
1.912463 
2.544945 
3.171390 
3.788279 
4.391017 
4.973945 
5.530454 
6.053187 
6.534316 
6.965878 
7.340147 
7.650022 
7.889398 
8.053500 
8.139170 
8.145067 
8.071793 
7.921920 
7.699926 
7.412040 
7.066012 
6.670811 
6.236277 
5.772752 
5.290687 
4.800281 
4.311136 
3.831972 
3.370395 
2.932734 
2.523955 
2.147637 
1.806018 
1.500093 
1.229757 
0.993975 
0.790969 
0.618411 
0.473608 
0.353665 
0.255639 
0.176646 
0.113961 
0.065079 
0.027750 
0.000000 
-5.000000 
-5.000000 
-5.000000 
-5.000000 
-5.000000 
-5.000000 
-5.000000 
-5.000000 
-5.000000 
-5.000000 
-5.000000 
-5.000000 
0.642223 
1.283677 
1.923281 
2.559345 
3.189340 
3.809728 
4.415888 
5.002128 
5.561801 
6.087506 
6.571370 
7.005381 
7.381768 
7.693387 
7.934093 
8.099081 
8.185171 
8.191009 
8.117194 
7.966306 
7.742841 
7.453056 
7.104735 
6.706890 
6.269408 
5.802677 
5.317202 
4.823230 
4.330412 
3.847513 
3.382180 
2.940781 
2.528314 
2.148390 
1.803275 
1.493987 
1.220446 
0.981639 
0.775809 
0.600652 
0.453497 
0.331473 
0.231657 
0.151193 
0.087376 
0.037722 
0.000000 
-5.000000 
-5.000000 
-5.000000 
-5.000000 
-5.000000 
-5.000000 
-5.000000 
-5.000000 
-5.000000 
-5.000000 
-5.000000 
-5.000000 
-5.000000 
0.638009 
1.275255 
1.910665 
2.542561 
3.168431 
3.784761 
4.386958 
4.969367 
5.525385 
6.047657 
6.528357 
6.959527 
7.333441 
7.642998 
7.882089 
8.045937 
8.131373 
8.137047 
8.063547 
7.913426 
7.691141 
7.402897 
7.056415 
6.660634 
6.225365 
5.760916 
5.277708 
4.785912 
4.295108 
3.813996 
3.350171 
2.909963 
2.498346 
2.118918 
1.773952 
1.464487 
1.190473 
0.950943 
0.744197 
0.567993 
0.419727 
0.296604 
0.195774 
0.114450 
0.050000 
0.000000 
-5.000000 
-5.000000 
-5.000000 
-5.000000 
-5.000000 
-5.000000 
-5.000000 
-5.000000 
-5.000000 
-5.000000 
-5.000000 
-5.000000 
-5.000000 
-5.000000 
0.626565 
1.252383 
1.876399 
2.496968 
3.111621 
3.716908 
4.308319 
4.880299 
5.426360 
5.939279 
6.411368 
6.834806 
7.202003 
7.505979 
7.740731 
7.901558 
7.985343 
7.990749 
7.918342 
7.770620 
7.551944 
7.268395 
6.927538 
6.538136 
6.109805 
5.652651 
5.176894 
4.692505 
4.208882 
3.734562 
3.277000 
2.842416 
2.435705 
2.060421 
1.718820 
1.411959 
1.139833 
0.901543 
0.695478 
0.519500 
0.371123 
0.247671 
0.146419 
0.064701 
0.000000 
-5.000000 
-5.000000 
-5.000000 
-5.000000 
-5.000000 
-5.000000 
-5.000000 
-5.000000 
-5.000000 
-5.000000 
-5.000000 
-5.000000 
-5.000000 
-5.000000 
-5.000000 
0.608605 
1.216486 
1.822619 
2.425405 
3.022449 
3.610398 
4.184872 
4.740473 
5.270898 
5.769127 
6.227690 
6.638985 
6.995636 
7.290857 
7.518808 
7.674915 
7.756139 
7.761171 
7.690546 
7.546674 
7.333774 
7.057733 
6.725877 
6.346695 
5.929506 
5.484101 
5.020385 
4.548026 
4.076135 
3.612995 
3.165843 
2.740726 
2.342413 
1.974378 
1.638850 
1.336902 
1.068586 
0.833097 
0.628948 
0.454147 
0.306369 
0.183110 
0.081818 
0.000000 
-5.000000 
-5.000000 
-5.000000 
-5.000000 
-5.000000 
-5.000000 
-5.000000 
-5.000000 
-5.000000 
-5.000000 
-5.000000 
-5.000000 
-5.000000 
-5.000000 
-5.000000 
-5.000000 
0.584935 
1.169174 
1.751735 
2.331083 
2.904915 
3.470009 
4.022154 
4.556161 
5.065970 
5.544830 
5.985558 
6.380844 
6.723590 
7.007268 
7.226254 
7.376143 
7.454000 
7.458550 
7.390292 
7.251519 
7.046264 
6.780158 
6.460215 
6.094564 
5.692129 
5.262292 
4.814543 
4.358149 
3.901845 
3.453577 
3.020300 
2.607828 
2.220762 
1.862477 
1.535158 
1.239897 
0.976821 
0.745243 
0.543836 
0.370795 
0.224006 
0.101183 
0.000000 
-5.000000 
-5.000000 
-5.000000 
-5.000000 
-5.000000 
-5.000000 
-5.000000 
-5.000000 
-5.000000 
-5.000000 
-5.000000 
-5.000000 
-5.000000 
-5.000000 
-5.000000 
-5.000000 
-5.000000 
0.556425 
1.112191 
1.666362 
2.217479 
2.763352 
3.300916 
3.826164 
4.334157 
4.819129 
5.274655 
5.693896 
6.069891 
6.395882 
6.665649 
6.873831 
7.016222 
7.090014 
7.093976 
7.028557 
6.895912 
6.699849 
6.445688 
6.140067 
5.790679 
5.405974 
4.994837 
4.566257 
4.129016 
3.691398 
3.260945 
2.844263 
2.446893 
2.073235 
1.726539 
1.408944 
1.121567 
0.864625 
0.637580 
0.439298 
0.268207 
0.122445 
0.000000 
-5.000000 
-5.000000 
-5.000000 
-5.000000 
-5.000000 
-5.000000 
-5.000000 
-5.000000 
-5.000000 
-5.000000 
-5.000000 
-5.000000 
-5.000000 
-5.000000 
-5.000000 
-5.000000 
-5.000000 
-5.000000 
0.523992 
1.047363 
1.569234 
2.088233 
2.602296 
3.108537 
3.603180 
4.081574 
4.538284 
4.967256 
5.362043 
5.716083 
6.023002 
6.276930 
6.472804 
6.606648 
6.675794 
6.679057 
6.616832 
6.491115 
6.305451 
6.064809 
5.775393 
5.444396 
5.079727 
4.689700 
4.282734 
3.867056 
3.450433 
3.039944 
2.641802 
2.261235 
1.902417 
1.568459 
1.261452 
0.982547 
0.732073 
0.509669 
0.314431 
0.145060 
0.000000 
-5.000000 
-5.000000 
-5.000000 
-5.000000 
-5.000000 
-5.000000 
-5.000000 
-5.000000 
-5.000000 
-5.000000 
-5.000000 
-5.000000 
-5.000000 
-5.000000 
-5.000000 
-5.000000 
-5.000000 
-5.000000 
-5.000000 
0.488561 
0.976545 
1.463133 
1.947045 
2.426357 
2.898379 
3.359586 
3.805641 
4.231472 
4.631429 
4.999493 
5.329538 
5.615609 
5.852217 
6.034626 
6.159104 
6.223139 
6.225594 
6.166799 
6.048574 
5.874174 
5.648179 
5.376313 
5.065222 
4.722212 
4.354975 
3.971297 
3.578797 
3.184672 
2.795494 
2.417046 
2.054214 
1.710927 
1.390153 
1.093935 
0.823474 
0.579230 
0.361050 
0.168301 
0.000000 
-5.000000 
-5.000000 
-5.000000 
-5.000000 
-5.000000 
-5.000000 
-5.000000 
-5.000000 
-5.000000 
-5.000000 
-5.000000 
-5.000000 
-5.000000 
-5.000000 
-5.000000 
-5.000000 
-5.000000 
-5.000000 
-5.000000 
-5.000000 
0.451053 
0.901575 
1.350809 
1.797574 
2.240096 
2.675887 
3.101694 
3.513508 
3.906642 
4.275873 
4.615637 
4.920265 
5.184247 
5.402498 
5.570622 
5.685147 
5.743721 
5.745256 
5.690010 
5.579609 
5.416999 
5.206338 
4.952839 
4.662558 
4.342161 
3.998667 
3.639192 
3.270698 
2.899779 
2.532465 
2.174083 
1.829159 
1.501365 
1.193525 
0.907643 
0.644985 
0.406169 
0.191283 
0.000000 
-5.000000 
-5.000000 
-5.000000 
-5.000000 
-5.000000 
-5.000000 
-5.000000 
-5.000000 
-5.000000 
-5.000000 
-5.000000 
-5.000000 
-5.000000 
-5.000000 
-5.000000 
-5.000000 
-5.000000 
-5.000000 
-5.000000 
-5.000000 
-5.000000 
0.412352 
0.824218 
1.234909 
1.643345 
2.047903 
2.446308 
2.835584 
3.212061 
3.571449 
3.908967 
4.219516 
4.497903 
4.739072 
4.938352 
5.091699 
5.195906 
5.248782 
5.249284 
5.197591 
5.095125 
4.944502 
4.749442 
4.514617 
4.245468 
3.947988 
3.628497 
3.293404 
2.948994 
2.601225 
2.255567 
1.916874 
1.589301 
1.276264 
0.980443 
0.703820 
0.447743 
0.213016 
0.000000 
-5.000000 
-5.000000 
-5.000000 
-5.000000 
-5.000000 
-5.000000 
-5.000000 
-5.000000 
-5.000000 
-5.000000 
-5.000000 
-5.000000 
-5.000000 
-5.000000 
-5.000000 
-5.000000 
-5.000000 
-5.000000 
-5.000000 
-5.000000 
-5.000000 
-5.000000 
0.373285 
0.746131 
1.117915 
1.487659 
1.853893 
2.214556 
2.566951 
2.907752 
3.233069 
3.538562 
3.819608 
4.071486 
4.289600 
4.469697 
4.608082 
4.701813 
4.748858 
4.748214 
4.699975 
4.605345 
4.466604 
4.287014 
4.070696 
3.822454 
3.547595 
3.251716 
2.940507 
2.619555 
2.294172 
1.969255 
1.649179 
1.337729 
1.038066 
0.752740 
0.483722 
0.232469 
0.000000 
-5.000000 
-5.000000 
-5.000000 
-5.000000 
-5.000000 
-5.000000 
-5.000000 
-5.000000 
-5.000000 
-5.000000 
-5.000000 
-5.000000 
-5.000000 
-5.000000 
-5.000000 
-5.000000 
-5.000000 
-5.000000 
-5.000000 
-5.000000 
-5.000000 
-5.000000 
-5.000000 
0.334608 
0.668823 
1.002087 
1.333524 
1.661814 
1.985108 
2.300985 
2.606459 
2.898033 
3.171810 
3.423628 
3.649239 
3.844498 
4.005562 
4.129082 
4.212370 
4.253549 
4.251647 
4.206665 
4.119588 
3.992345 
3.827741 
3.629331 
3.401283 
3.148203 
2.874963 
2.586527 
2.287778 
1.983381 
1.677660 
1.374513 
1.077358 
0.789116 
0.512219 
0.248651 
0.000000 
-5.000000 
-5.000000 
-5.000000 
-5.000000 
-5.000000 
-5.000000 
-5.000000 
-5.000000 
-5.000000 
-5.000000 
-5.000000 
-5.000000 
-5.000000 
-5.000000 
-5.000000 
-5.000000 
-5.000000 
-5.000000 
-5.000000 
-5.000000 
-5.000000 
-5.000000 
-5.000000 
-5.000000 
0.296986 
0.593624 
0.889418 
1.183590 
1.474968 
1.761909 
2.042258 
2.313359 
2.572102 
2.815012 
3.038380 
3.238415 
3.411408 
3.553912 
3.662909 
3.735957 
3.771319 
3.768049 
3.726050 
3.646077 
3.529713 
3.379299 
3.197829 
2.988831 
2.756219 
2.504142 
2.236840 
1.958501 
1.673148 
1.384540 
1.096109 
0.810921 
0.531669 
0.260690 
0.000000 
-5.000000 
-5.000000 
-5.000000 
-5.000000 
-5.000000 
-5.000000 
-5.000000 
-5.000000 
-5.000000 
-5.000000 
-5.000000 
-5.000000 
-5.000000 
-5.000000 
-5.000000 
-5.000000 
-5.000000 
-5.000000 
-5.000000 
-5.000000 
-5.000000 
-5.000000 
-5.000000 
-5.000000 
-5.000000 
0.260983 
0.521660 
0.781596 
1.040106 
1.296159 
1.548306 
1.794651 
2.032851 
2.260163 
2.473519 
2.669642 
2.845171 
2.996817 
3.121508 
3.216536 
3.279691 
3.309361 
3.304619 
3.265260 
3.191812 
3.085509 
2.948233 
2.782427 
2.590987 
2.377145 
2.144342 
1.896106 
1.635947 
1.367259 
1.093254 
0.816914 
0.540971 
0.267913 
0.000000 
-5.000000 
-5.000000 
-5.000000 
-5.000000 
-5.000000 
-5.000000 
-5.000000 
-5.000000 
-5.000000 
-5.000000 
-5.000000 
-5.000000 
-5.000000 
-5.000000 
-5.000000 
-5.000000 
-5.000000 
-5.000000 
-5.000000 
-5.000000 
-5.000000 
-5.000000 
-5.000000 
-5.000000 
-5.000000 
-5.000000 
0.227056 
0.453847 
0.679992 
0.904895 
1.127656 
1.347012 
1.561307 
1.768494 
1.966175 
2.151665 
2.322088 
2.474494 
2.605981 
2.713827 
2.795615 
2.849341 
2.873510 
2.867198 
2.830090 
2.762484 
2.665272 
2.539886 
2.388230 
2.212586 
2.015521 
1.799789 
1.568232 
1.323697 
1.068977 
0.806757 
0.539593 
0.269906 
0.000000 
-5.000000 
-5.000000 
-5.000000 
-5.000000 
-5.000000 
-5.000000 
-5.000000 
-5.000000 
-5.000000 
-5.000000 
-5.000000 
-5.000000 
-5.000000 
-5.000000 
-5.000000 
-5.000000 
-5.000000 
-5.000000 
-5.000000 
-5.000000 
-5.000000 
-5.000000 
-5.000000 
-5.000000 
-5.000000 
-5.000000 
-5.000000 
0.195553 
0.390877 
0.585643 
0.779337 
0.971182 
1.160084 
1.344612 
1.522992 
1.693145 
1.852740 
1.999275 
2.130175 
2.242896 
2.335037 
2.404444 
2.449302 
2.468211 
2.460242 
2.424963 
2.362448 
2.273252 
2.158372 
2.019188 
1.857393 
1.674915 
1.473845 
1.256367 
1.024698 
0.781053 
0.527621 
0.266558 
0.000000 
-5.000000 
-5.000000 
-5.000000 
-5.000000 
-5.000000 
-5.000000 
-5.000000 
-5.000000 
-5.000000 
-5.000000 
-5.000000 
-5.000000 
-5.000000 
-5.000000 
-5.000000 
-5.000000 
-5.000000 
-5.000000 
-5.000000 
-5.000000 
-5.000000 
-5.000000 
-5.000000 
-5.000000 
-5.000000 
-5.000000 
-5.000000 
-5.000000 
0.166712 
0.333227 
0.499266 
0.664387 
0.827924 
0.988941 
1.146210 
1.298207 
1.443144 
1.579012 
1.703651 
1.814825 
1.910316 
1.988012 
2.045994 
2.082611 
2.096542 
2.086843 
2.052963 
1.994751 
1.912438 
1.806603 
1.678125 
1.528132 
1.357947 
1.169028 
0.962934 
0.741286 
0.505756 
0.258065 
0.000000 
-5.000000 
-5.000000 
-5.000000 
-5.000000 
-5.000000 
-5.000000 
-5.000000 
-5.000000 
-5.000000 
-5.000000 
-5.000000 
-5.000000 
-5.000000 
-5.000000 
-5.000000 
-5.000000 
-5.000000 
-5.000000 
-5.000000 
-5.000000 
-5.000000 
-5.000000 
-5.000000 
-5.000000 
-5.000000 
-5.000000 
-5.000000 
-5.000000 
-5.000000 
0.140669 
0.281171 
0.421269 
0.560587 
0.698561 
0.834394 
0.967040 
1.095204 
1.217358 
1.331782 
1.436621 
1.529946 
1.609827 
1.674409 
1.721979 
1.751027 
1.760295 
1.748810 
1.715903 
1.661202 
1.584627 
1.486358 
1.366801 
1.226549 
1.066350 
0.887071 
0.689681 
0.475242 
0.244919 
0.000000 
-5.000000 
-5.000000 
-5.000000 
-5.000000 
-5.000000 
-5.000000 
-5.000000 
-5.000000 
-5.000000 
-5.000000 
-5.000000 
-5.000000 
-5.000000 
-5.000000 
-5.000000 
-5.000000 
-5.000000 
-5.000000 
-5.000000 
-5.000000 
-5.000000 
-5.000000 
-5.000000 
-5.000000 
-5.000000 
-5.000000 
-5.000000 
-5.000000 
-5.000000 
-5.000000 
0.117468 
0.234795 
0.351781 
0.468111 
0.583308 
0.696700 
0.807404 
0.914325 
1.016166 
1.111467 
1.198639 
1.276023 
1.341945 
1.394772 
1.432969 
1.455143 
1.460083 
1.446780 
1.414440 
1.362484 
1.290533 
1.198390 
1.086015 
0.953503 
0.801062 
0.629006 
0.437757 
0.227856 
0.000000 
-5.000000 
-5.000000 
-5.000000 
-5.000000 
-5.000000 
-5.000000 
-5.000000 
-5.000000 
-5.000000 
-5.000000 
-5.000000 
-5.000000 
-5.000000 
-5.000000 
-5.000000 
-5.000000 
-5.000000 
-5.000000 
-5.000000 
-5.000000 
-5.000000 
-5.000000 
-5.000000 
-5.000000 
-5.000000 
-5.000000 
-5.000000 
-5.000000 
-5.000000 
-5.000000 
-5.000000 
0.097070 
0.194023 
0.290690 
0.386807 
0.481976 
0.575634 
0.667041 
0.755275 
0.839245 
0.917712 
0.989324 
1.052656 
1.106252 
1.148673 
1.178533 
1.194534 
1.195495 
1.180365 
1.148227 
1.098301 
1.029927 
0.942555 
0.835731 
0.709083 
0.562324 
0.395256 
0.207793 
0.000000 
-5.000000 
-5.000000 
-5.000000 
-5.000000 
-5.000000 
-5.000000 
-5.000000 
-5.000000 
-5.000000 
-5.000000 
-5.000000 
-5.000000 
-5.000000 
-5.000000 
-5.000000 
-5.000000 
-5.000000 
-5.000000 
-5.000000 
-5.000000 
-5.000000 
-5.000000 
-5.000000 
-5.000000 
-5.000000 
-5.000000 
-5.000000 
-5.000000 
-5.000000 
-5.000000 
-5.000000 
-5.000000 
0.079371 
0.158643 
0.237677 
0.316253 
0.394040 
0.470570 
0.545224 
0.617234 
0.685681 
0.749522 
0.807605 
0.858705 
0.901555 
0.934877 
0.957407 
0.967925 
0.965266 
0.948328 
0.916077 
0.867539 
0.801794 
0.717965 
0.615214 
0.492744 
0.349810 
0.185744 
0.000000 
-5.000000 
-5.000000 
-5.000000 
-5.000000 
-5.000000 
-5.000000 
-5.000000 
-5.000000 
-5.000000 
-5.000000 
-5.000000 
-5.000000 
-5.000000 
-5.000000 
-5.000000 
-5.000000 
-5.000000 
-5.000000 
-5.000000 
-5.000000 
-5.000000 
-5.000000 
-5.000000 
-5.000000 
-5.000000 
-5.000000 
-5.000000 
-5.000000 
-5.000000 
-5.000000 
-5.000000 
-5.000000 
-5.000000 
0.064209 
0.128336 
0.192265 
0.255814 
0.318708 
0.380561 
0.440859 
0.498961 
0.554100 
0.605392 
0.651861 
0.692449 
0.726046 
0.751507 
0.767671 
0.773373 
0.767454 
0.748759 
0.716139 
0.668441 
0.604502 
0.523146 
0.423186 
0.303437 
0.162739 
0.000000 
-5.000000 
-5.000000 
-5.000000 
-5.000000 
-5.000000 
-5.000000 
-5.000000 
-5.000000 
-5.000000 
-5.000000 
-5.000000 
-5.000000 
-5.000000 
-5.000000 
-5.000000 
-5.000000 
-5.000000 
-5.000000 
-5.000000 
-5.000000 
-5.000000 
-5.000000 
-5.000000 
-5.000000 
-5.000000 
-5.000000 
-5.000000 
-5.000000 
-5.000000 
-5.000000 
-5.000000 
-5.000000 
-5.000000 
-5.000000 
0.051387 
0.102705 
0.153859 
0.204697 
0.254995 
0.304432 
0.352583 
0.398915 
0.442786 
0.483451 
0.520074 
0.551740 
0.577469 
0.596224 
0.606923 
0.608446 
0.599627 
0.579258 
0.546081 
0.498777 
0.435963 
0.356193 
0.257965 
0.139744 
0.000000 
-5.000000 
-5.000000 
-5.000000 
-5.000000 
-5.000000 
-5.000000 
-5.000000 
-5.000000 
-5.000000 
-5.000000 
-5.000000 
-5.000000 
-5.000000 
-5.000000 
-5.000000 
-5.000000 
-5.000000 
-5.000000 
-5.000000 
-5.000000 
-5.000000 
-5.000000 
-5.000000 
-5.000000 
-5.000000 
-5.000000 
-5.000000 
-5.000000 
-5.000000 
-5.000000 
-5.000000 
-5.000000 
-5.000000 
-5.000000 
-5.000000 
0.040680 
0.081302 
0.121788 
0.162012 
0.201789 
0.240855 
0.278859 
0.315356 
0.349808 
0.381584 
0.409967 
0.434157 
0.453278 
0.466383 
0.472452 
0.470392 
0.459031 
0.437105 
0.403254 
0.356011 
0.293795 
0.214918 
0.117601 
0.000000 
-5.000000 
-5.000000 
-5.000000 
-5.000000 
-5.000000 
-5.000000 
-5.000000 
-5.000000 
-5.000000 
-5.000000 
-5.000000 
-5.000000 
-5.000000 
-5.000000 
-5.000000 
-5.000000 
-5.000000 
-5.000000 
-5.000000 
-5.000000 
-5.000000 
-5.000000 
-5.000000 
-5.000000 
-5.000000 
-5.000000 
-5.000000 
-5.000000 
-5.000000 
-5.000000 
-5.000000 
-5.000000 
-5.000000 
-5.000000 
-5.000000 
-5.000000 
0.031852 
0.063656 
0.095345 
0.126816 
0.157917 
0.188429 
0.218062 
0.246444 
0.273122 
0.297559 
0.319132 
0.337135 
0.350780 
0.359187 
0.361385 
0.356302 
0.342749 
0.319415 
0.284847 
0.237445 
0.175456 
0.096982 
0.000000 
-5.000000 
-5.000000 
-5.000000 
-5.000000 
-5.000000 
-5.000000 
-5.000000 
-5.000000 
-5.000000 
-5.000000 
-5.000000 
-5.000000 
-5.000000 
-5.000000 
-5.000000 
-5.000000 
-5.000000 
-5.000000 
-5.000000 
-5.000000 
-5.000000 
-5.000000 
-5.000000 
-5.000000 
-5.000000 
-5.000000 
-5.000000 
-5.000000 
-5.000000 
-5.000000 
-5.000000 
-5.000000 
-5.000000 
-5.000000 
-5.000000 
-5.000000 
-5.000000 
0.024664 
0.049287 
0.073814 
0.098159 
0.122194 
0.145740 
0.168554 
0.190325 
0.210668 
0.229121 
0.245139 
0.258092 
0.267258 
0.271814 
0.270825 
0.263232 
0.247834 
0.223271 
0.188013 
0.140344 
0.078366 
0.000000 
-5.000000 
-5.000000 
-5.000000 
-5.000000 
-5.000000 
-5.000000 
-5.000000 
-5.000000 
-5.000000 
-5.000000 
-5.000000 
-5.000000 
-5.000000 
-5.000000 
-5.000000 
-5.000000 
-5.000000 
-5.000000 
-5.000000 
-5.000000 
-5.000000 
-5.000000 
-5.000000 
-5.000000 
-5.000000 
-5.000000 
-5.000000 
-5.000000 
-5.000000 
-5.000000 
-5.000000 
-5.000000 
-5.000000 
-5.000000 
-5.000000 
-5.000000 
-5.000000 
-5.000000 
0.018885 
0.037735 
0.056502 
0.075116 
0.093470 
0.111414 
0.128743 
0.145196 
0.160443 
0.174081 
0.185627 
0.194513 
0.200069 
0.201518 
0.197952 
0.188323 
0.171415 
0.145832 
0.109976 
0.062039 
0.000000 
-5.000000 
-5.000000 
-5.000000 
-5.000000 
-5.000000 
-5.000000 
-5.000000 
-5.000000 
-5.000000 
-5.000000 
-5.000000 
-5.000000 
-5.000000 
-5.000000 
-5.000000 
-5.000000 
-5.000000 
-5.000000 
-5.000000 
-5.000000 
-5.000000 
-5.000000 
-5.000000 
-5.000000 
-5.000000 
-5.000000 
-5.000000 
-5.000000 
-5.000000 
-5.000000 
-5.000000 
-5.000000 
-5.000000 
-5.000000 
-5.000000 
-5.000000 
-5.000000 
-5.000000 
-5.000000 
0.014296 
0.028562 
0.042757 
0.056820 
0.070662 
0.084157 
0.097132 
0.109362 
0.120562 
0.130376 
0.138374 
0.144032 
0.146726 
0.145712 
0.140109 
0.128874 
0.110785 
0.084413 
0.048112 
0.000000 
-5.000000 
-5.000000 
-5.000000 
-5.000000 
-5.000000 
-5.000000 
-5.000000 
-5.000000 
-5.000000 
-5.000000 
-5.000000 
-5.000000 
-5.000000 
-5.000000 
-5.000000 
-5.000000 
-5.000000 
-5.000000 
-5.000000 
-5.000000 
-5.000000 
-5.000000 
-5.000000 
-5.000000 
-5.000000 
-5.000000 
-5.000000 
-5.000000 
-5.000000 
-5.000000 
-5.000000 
-5.000000 
-5.000000 
-5.000000 
-5.000000 
-5.000000 
-5.000000 
-5.000000 
-5.000000 
-5.000000 
0.010698 
0.021369 
0.031978 
0.042473 
0.052777 
0.062784 
0.072345 
0.081266 
0.089295 
0.096117 
0.101339 
0.104478 
0.104944 
0.102024 
0.094856 
0.082408 
0.063452 
0.036544 
0.000000 
-5.000000 
-5.000000 
-5.000000 
-5.000000 
-5.000000 
-5.000000 
-5.000000 
-5.000000 
-5.000000 
-5.000000 
-5.000000 
-5.000000 
-5.000000 
-5.000000 
-5.000000 
-5.000000 
-5.000000 
-5.000000 
-5.000000 
-5.000000 
-5.000000 
-5.000000 
-5.000000 
-5.000000 
-5.000000 
-5.000000 
-5.000000 
-5.000000 
-5.000000 
-5.000000 
-5.000000 
-5.000000 
-5.000000 
-5.000000 
-5.000000 
-5.000000 
-5.000000 
-5.000000 
-5.000000 
-5.000000 
-5.000000 
0.007912 
0.015799 
0.023631 
0.031363 
0.038929 
0.046236 
0.053156 
0.059518 
0.065099 
0.069613 
0.072699 
0.073908 
0.072680 
0.068326 
0.060005 
0.046698 
0.027180 
0.000000 
-5.000000 
-5.000000 
-5.000000 
-5.000000 
-5.000000 
-5.000000 
-5.000000 
-5.000000 
-5.000000 
-5.000000 
-5.000000 
-5.000000 
-5.000000 
-5.000000 
-5.000000 
-5.000000 
-5.000000 
-5.000000 
-5.000000 
-5.000000 
-5.000000 
-5.000000 
-5.000000 
-5.000000 
-5.000000 
-5.000000 
-5.000000 
-5.000000 
-5.000000 
-5.000000 
-5.000000 
-5.000000 
-5.000000 
-5.000000 
-5.000000 
-5.000000 
-5.000000 
-5.000000 
-5.000000 
-5.000000 
-5.000000 
-5.000000 
0.005781 
0.011539 
0.017248 
0.022868 
0.028340 
0.033585 
0.038489 
0.042901 
0.046618 
0.049382 
0.050858 
0.050622 
0.048142 
0.042754 
0.033638 
0.019790 
0.000000 
-5.000000 
-5.000000 
-5.000000 
-5.000000 
-5.000000 
-5.000000 
-5.000000 
-5.000000 
-5.000000 
-5.000000 
-5.000000 
-5.000000 
-5.000000 
-5.000000 
-5.000000 
-5.000000 
-5.000000 
-5.000000 
-5.000000 
-5.000000 
-5.000000 
-5.000000 
-5.000000 
-5.000000 
-5.000000 
-5.000000 
-5.000000 
-5.000000 
-5.000000 
-5.000000 
-5.000000 
-5.000000 
-5.000000 
-5.000000 
-5.000000 
-5.000000 
-5.000000 
-5.000000 
-5.000000 
-5.000000 
-5.000000 
-5.000000 
-5.000000 
0.004171 
0.008322 
0.012428 
0.016453 
0.020348 
0.024038 
0.027425 
0.030372 
0.032696 
0.034157 
0.034445 
0.033160 
0.029793 
0.023706 
0.014101 
0.000000 
-5.000000 
-5.000000 
-5.000000 
-5.000000 
-5.000000 
-5.000000 
-5.000000 
-5.000000 
-5.000000 
-5.000000 
-5.000000 
-5.000000 
-5.000000 
-5.000000 
-5.000000 
-5.000000 
-5.000000 
-5.000000 
-5.000000 
-5.000000 
-5.000000 
-5.000000 
-5.000000 
-5.000000 
-5.000000 
-5.000000 
-5.000000 
-5.000000 
-5.000000 
-5.000000 
-5.000000 
-5.000000 
-5.000000 
-5.000000 
-5.000000 
-5.000000 
-5.000000 
-5.000000 
-5.000000 
-5.000000 
-5.000000 
-5.000000 
-5.000000 
-5.000000 
0.002971 
0.005924 
0.008835 
0.011672 
0.014392 
0.016928 
0.019190 
0.021055 
0.022356 
0.022870 
0.022308 
0.020291 
0.016336 
0.009828 
0.000000 
-5.000000 
-5.000000 
-5.000000 
-5.000000 
-5.000000 
-5.000000 
-5.000000 
-5.000000 
-5.000000 
-5.000000 
-5.000000 
-5.000000 
-5.000000 
-5.000000 
-5.000000 
-5.000000 
-5.000000 
-5.000000 
-5.000000 
-5.000000 
-5.000000 
-5.000000 
-5.000000 
-5.000000 
-5.000000 
-5.000000 
-5.000000 
-5.000000 
-5.000000 
-5.000000 
-5.000000 
-5.000000 
-5.000000 
-5.000000 
-5.000000 
-5.000000 
-5.000000 
-5.000000 
-5.000000 
-5.000000 
-5.000000 
-5.000000 
-5.000000 
-5.000000 
-5.000000 
0.002088 
0.004158 
0.006190 
0.008155 
0.010012 
0.011703 
0.013146 
0.014227 
0.014794 
0.014640 
0.013494 
0.010999 
0.006697 
0.000000 
-5.000000 
-5.000000 
-5.000000 
-5.000000 
-5.000000 
-5.000000 
-5.000000 
-5.000000 
-5.000000 
-5.000000 
-5.000000 
-5.000000 
-5.000000 
-5.000000 
-5.000000 
-5.000000 
-5.000000 
-5.000000 
-5.000000 
-5.000000 
-5.000000 
-5.000000 
-5.000000 
-5.000000 
-5.000000 
-5.000000 
-5.000000 
-5.000000 
-5.000000 
-5.000000 
-5.000000 
-5.000000 
-5.000000 
-5.000000 
-5.000000 
-5.000000 
-5.000000 
-5.000000 
-5.000000 
-5.000000 
-5.000000 
-5.000000 
-5.000000 
-5.000000 
-5.000000 
-5.000000 
0.001445 
0.002875 
0.004269 
0.005602 
0.006835 
0.007918 
0.008774 
0.009301 
0.009357 
0.008751 
0.007229 
0.004456 
0.000000 
-5.000000 
-5.000000 
-5.000000 
-5.000000 
-5.000000 
-5.000000 
-5.000000 
-5.000000 
-5.000000 
-5.000000 
-5.000000 
-5.000000 
-5.000000 
-5.000000 
-5.000000 
-5.000000 
-5.000000 
-5.000000 
-5.000000 
-5.000000 
-5.000000 
-5.000000 
-5.000000 
-5.000000 
-5.000000 
-5.000000 
-5.000000 
-5.000000 
-5.000000 
-5.000000 
-5.000000 
-5.000000 
-5.000000 
-5.000000 
-5.000000 
-5.000000 
-5.000000 
-5.000000 
-5.000000 
-5.000000 
-5.000000 
-5.000000 
-5.000000 
-5.000000 
-5.000000 
-5.000000 
-5.000000 
0.000985 
0.001955 
0.002893 
0.003774 
0.004565 
0.005217 
0.005664 
0.005809 
0.005524 
0.004631 
0.002893 
0.000000 
-5.000000 
-5.000000 
-5.000000 
-5.000000 
-5.000000 
-5.000000 
-5.000000 
-5.000000 
-5.000000 
-5.000000 
-5.000000 
-5.000000 
-5.000000 
-5.000000 
-5.000000 
-5.000000 
-5.000000 
-5.000000 
-5.000000 
-5.000000 
-5.000000 
-5.000000 
-5.000000 
-5.000000 
-5.000000 
-5.000000 
-5.000000 
-5.000000 
-5.000000 
-5.000000 
-5.000000 
-5.000000 
-5.000000 
-5.000000 
-5.000000 
-5.000000 
-5.000000 
-5.000000 
-5.000000 
-5.000000 
-5.000000 
-5.000000 
-5.000000 
-5.000000 
-5.000000 
-5.000000 
-5.000000 
-5.000000 
0.000659 
0.001305 
0.001920 
0.002485 
0.002966 
0.003322 
0.003490 
0.003384 
0.002885 
0.001830 
0.000000 
-5.000000 
-5.000000 
-5.000000 
-5.000000 
-5.000000 
-5.000000 
-5.000000 
-5.000000 
-5.000000 
-5.000000 
-5.000000 
-5.000000 
-5.000000 
-5.000000 
-5.000000 
-5.000000 
-5.000000 
-5.000000 
-5.000000 
-5.000000 
-5.000000 
-5.000000 
-5.000000 
-5.000000 
-5.000000 
-5.000000 
-5.000000 
-5.000000 
-5.000000 
-5.000000 
-5.000000 
-5.000000 
-5.000000 
-5.000000 
-5.000000 
-5.000000 
-5.000000 
-5.000000 
-5.000000 
-5.000000 
-5.000000 
-5.000000 
-5.000000 
-5.000000 
-5.000000 
-5.000000 
-5.000000 
-5.000000 
-5.000000 
0.000432 
0.000852 
0.001244 
0.001590 
0.001861 
0.002018 
0.002005 
0.001743 
0.001124 
0.000000 
-5.000000 
-5.000000 
-5.000000 
-5.000000 
-5.000000 
-5.000000 
-5.000000 
-5.000000 
-5.000000 
-5.000000 
-5.000000 
-5.000000 
-5.000000 
-5.000000 
-5.000000 
-5.000000 
-5.000000 
-5.000000 
-5.000000 
-5.000000 
-5.000000 
-5.000000 
-5.000000 
-5.000000 
-5.000000 
-5.000000 
-5.000000 
-5.000000 
-5.000000 
-5.000000 
-5.000000 
-5.000000 
-5.000000 
-5.000000 
-5.000000 
-5.000000 
-5.000000 
-5.000000 
-5.000000 
-5.000000 
-5.000000 
-5.000000 
-5.000000 
-5.000000 
-5.000000 
-5.000000 
-5.000000 
-5.000000 
-5.000000 
-5.000000 
0.000276 
0.000542 
0.000782 
0.000980 
0.001112 
0.001140 
0.001016 
0.000669 
0.000000 
-5.000000 
-5.000000 
-5.000000 
-5.000000 
-5.000000 
-5.000000 
-5.000000 
-5.000000 
-5.000000 
-5.000000 
-5.000000 
-5.000000 
-5.000000 
-5.000000 
-5.000000 
-5.000000 
-5.000000 
-5.000000 
-5.000000 
-5.000000 
-5.000000 
-5.000000 
-5.000000 
-5.000000 
-5.000000 
-5.000000 
-5.000000 
-5.000000 
-5.000000 
-5.000000 
-5.000000 
-5.000000 
-5.000000 
-5.000000 
-5.000000 
-5.000000 
-5.000000 
-5.000000 
-5.000000 
-5.000000 
-5.000000 
-5.000000 
-5.000000 
-5.000000 
-5.000000 
-5.000000 
-5.000000 
-5.000000 
-5.000000 
-5.000000 
-5.000000 
0.000171 
0.000333 
0.000472 
0.000574 
0.000616 
0.000568 
0.000383 
0.000000 
-5.000000 
-5.000000 
-5.000000 
-5.000000 
-5.000000 
-5.000000 
-5.000000 
-5.000000 
-5.000000 
-5.000000 
-5.000000 
-5.000000 
-5.000000 
-5.000000 
-5.000000 
-5.000000 
-5.000000 
-5.000000 
-5.000000 
-5.000000 
-5.000000 
-5.000000 
-5.000000 
-5.000000 
-5.000000 
-5.000000 
-5.000000 
-5.000000 
-5.000000 
-5.000000 
-5.000000 
-5.000000 
-5.000000 
-5.000000 
-5.000000 
-5.000000 
-5.000000 
-5.000000 
-5.000000 
-5.000000 
-5.000000 
-5.000000 
-5.000000 
-5.000000 
-5.000000 
-5.000000 
-5.000000 
-5.000000 
-5.000000 
-5.000000 
-5.000000 
-5.000000 
0.000102 
0.000196 
0.000270 
0.000311 
0.000300 
0.000209 
0.000000 
-5.000000 
-5.000000 
-5.000000 
-5.000000 
-5.000000 
-5.000000 
-5.000000 
-5.000000 
-5.000000 
-5.000000 
-5.000000 
-5.000000 
-5.000000 
-5.000000 
-5.000000 
-5.000000 
-5.000000 
-5.000000 
-5.000000 
-5.000000 
-5.000000 
-5.000000 
-5.000000 
-5.000000 
-5.000000 
-5.000000 
-5.000000 
-5.000000 
-5.000000 
-5.000000 
-5.000000 
-5.000000 
-5.000000 
-5.000000 
-5.000000 
-5.000000 
-5.000000 
-5.000000 
-5.000000 
-5.000000 
-5.000000 
-5.000000 
-5.000000 
-5.000000 
-5.000000 
-5.000000 
-5.000000 
-5.000000 
-5.000000 
-5.000000 
-5.000000 
-5.000000 
-5.000000 
0.000058 
0.000108 
0.000142 
0.000147 
0.000108 
0.000000 
-5.000000 
-5.000000 
-5.000000 
-5.000000 
-5.000000 
-5.000000 
-5.000000 
-5.000000 
-5.000000 
-5.000000 
-5.000000 
-5.000000 
-5.000000 
-5.000000 
-5.000000 
-5.000000 
-5.000000 
-5.000000 
-5.000000 
-5.000000 
-5.000000 
-5.000000 
-5.000000 
-5.000000 
-5.000000 
-5.000000 
-5.000000 
-5.000000 
-5.000000 
-5.000000 
-5.000000 
-5.000000 
-5.000000 
-5.000000 
-5.000000 
-5.000000 
-5.000000 
-5.000000 
-5.000000 
-5.000000 
-5.000000 
-5.000000 
-5.000000 
-5.000000 
-5.000000 
-5.000000 
-5.000000 
-5.000000 
-5.000000 
-5.000000 
-5.000000 
-5.000000 
-5.000000 
-5.000000 
0.000030 
0.000054 
0.000064 
0.000051 
0.000000 
-5.000000 
-5.000000 
-5.000000 
-5.000000 
-5.000000 
-5.000000 
-5.000000 
-5.000000 
-5.000000 
-5.000000 
-5.000000 
-5.000000 
-5.000000 
-5.000000 
-5.000000 
-5.000000 
-5.000000 
-5.000000 
-5.000000 
-5.000000 
-5.000000 
-5.000000 
-5.000000 
-5.000000 
-5.000000 
-5.000000 
-5.000000 
-5.000000 
-5.000000 
-5.000000 
-5.000000 
-5.000000 
-5.000000 
-5.000000 
-5.000000 
-5.000000 
-5.000000 
-5.000000 
-5.000000 
-5.000000 
-5.000000 
-5.000000 
-5.000000 
-5.000000 
-5.000000 
-5.000000 
-5.000000 
-5.000000 
-5.000000 
-5.000000 
-5.000000 
-5.000000 
-5.000000 
-5.000000 
-5.000000 
0.000014 
0.000023 
0.000021 
0.000000 
-5.000000 
-5.000000 
-5.000000 
-5.000000 
-5.000000 
-5.000000 
-5.000000 
-5.000000 
-5.000000 
-5.000000 
-5.000000 
-5.000000 
-5.000000 
-5.000000 
-5.000000 
-5.000000 
-5.000000 
-5.000000 
-5.000000 
-5.000000 
-5.000000 
-5.000000 
-5.000000 
-5.000000 
-5.000000 
-5.000000 
-5.000000 
-5.000000 
-5.000000 
-5.000000 
-5.000000 
-5.000000 
-5.000000 
-5.000000 
-5.000000 
-5.000000 
-5.000000 
-5.000000 
-5.000000 
-5.000000 
-5.000000 
-5.000000 
-5.000000 
-5.000000 
-5.000000 
-5.000000 
-5.000000 
-5.000000 
-5.000000 
-5.000000 
-5.000000 
-5.000000 
-5.000000 
-5.000000 
-5.000000 
-5.000000 
0.000005 
0.000007 
0.000000 
-5.000000 
-5.000000 
-5.000000 
-5.000000 
-5.000000 
-5.000000 
-5.000000 
-5.000000 
-5.000000 
-5.000000 
-5.000000 
-5.000000 
-5.000000 
-5.000000 
-5.000000 
-5.000000 
-5.000000 
-5.000000 
-5.000000 
-5.000000 
-5.000000 
-5.000000 
-5.000000 
-5.000000 
-5.000000 
-5.000000 
-5.000000 
-5.000000 
-5.000000 
-5.000000 
-5.000000 
-5.000000 
-5.000000 
-5.000000 
-5.000000 
-5.000000 
-5.000000 
-5.000000 
-5.000000 
-5.000000 
-5.000000 
-5.000000 
-5.000000 
-5.000000 
-5.000000 
-5.000000 
-5.000000 
-5.000000 
-5.000000 
-5.000000 
-5.000000 
-5.000000 
-5.000000 
-5.000000 
-5.000000 
-5.000000 
-5.000000 
0.000001 
0.000000 
-5.000000 
-5.000000 
-5.000000 
-5.000000 
-5.000000 
-5.000000 
-5.000000 
-5.000000 
-5.000000 
-5.000000 
-5.000000 
-5.000000 
-5.000000 
-5.000000 
-5.000000 
-5.000000 
-5.000000 
-5.000000 
-5.000000 
-5.000000 
-5.000000 
-5.000000 
-5.000000 
-5.000000 
-5.000000 
-5.000000 
-5.000000 
-5.000000 
-5.000000 
-5.000000 
-5.000000 
-5.000000 
-5.000000 
-5.000000 
-5.000000 
-5.000000 
-5.000000 
-5.000000 
-5.000000 
-5.000000 
-5.000000 
-5.000000 
-5.000000 
-5.000000 
-5.000000 
-5.000000 
-5.000000 
-5.000000 
-5.000000 
-5.000000 
-5.000000 
-5.000000 
-5.000000 
-5.000000 
-5.000000 
-5.000000 
-5.000000 
-5.000000 
0.000000 
-5.000000 
-5.000000 
-5.000000 
-5.000000 
-5.000000 
-5.000000 
-5.000000 
-5.000000 
-5.000000 
-5.000000 
-5.000000 
-5.000000 
-5.000000 
-5.000000 
-5.000000 
-5.000000 
-5.000000 
-5.000000 
-5.000000 
-5.000000 
-5.000000 
-5.000000 
-5.000000 
-5.000000 
-5.000000 
-5.000000 
-5.000000 
-5.000000 
-5.000000 
-5.000000 
-5.000000 
-5.000000 
-5.000000 
-5.000000 
-5.000000 
-5.000000 
-5.000000 
-5.000000 
-5.000000 
-5.000000 
-5.000000 
-5.000000 
-5.000000 
-5.000000 
-5.000000 
-5.000000 
-5.000000 
-5.000000 
-5.000000 
-5.000000 
-5.000000 
-5.000000 
-5.000000 
-5.000000 
-5.000000 
-5.000000 
-5.000000 
-5.000000 
-5.000000 
-5.000000 
-5.000000 
-5.000000 
-5.000000 
-5.000000 
-5.000000 
-5.000000 
-5.000000 
-5.000000 
-5.000000 
-5.000000 
-5.000000 
-5.000000 
-5.000000 
-5.000000 
-5.000000 
-5.000000 
-5.000000 
-5.000000 
-5.000000 
-5.000000 
-5.000000 
-5.000000 
-5.000000 
-5.000000 
-5.000000 
-5.000000 
-5.000000 
-5.000000 
-5.000000 
-5.000000 
-5.000000 
-5.000000 
-5.000000 
-5.000000 
-5.000000 
-5.000000 
-5.000000 
-5.000000 
-5.000000 
-5.000000 
-5.000000 
-5.000000 
-5.000000 
-5.000000 
-5.000000 
-5.000000 
-5.000000 
-5.000000 
-5.000000 
-5.000000 
-5.000000 
-5.000000 
-5.000000 
-5.000000 
-5.000000 
-5.000000 
-5.000000 
-5.000000 
-5.000000 
