# z = , (t = 0.5)
0.016308 
0.044410 
0.099697 
0.203393 
0.381800 
0.661056 
1.057630 
1.567718 
2.161260 
2.785600 
3.379128 
3.889162 
4.285546 
4.564196 
4.740812 
4.839633 
4.882710 
4.882710 
4.839633 
4.740812 
4.564196 
4.285546 
3.889162 
3.379128 
2.785600 
2.161260 
1.567718 
1.057631 
0.661061 
0.381819 
0.203466 
0.099955 
0.045260 
0.018895 
0.007277 
0.002588 
0.000850 
0.000258 
0.000073 
0.000019 
0.000005 
0.000001 
0.000000 
0.000000 
0.000000 
0.000000 
0.000000 
0.000000 
0.000000 
0.000000 
0.000000 
0.000000 
0.000000 
0.000000 
0.000000 
0.000000 
0.000000 
0.000000 
0.000000 
-5.000000 
0.030963 
0.084365 
0.189508 
0.386841 
0.726522 
1.258442 
2.014077 
2.986235 
4.117607 
5.307743 
6.439089 
7.411144 
8.166421 
8.697193 
9.033479 
9.221562 
9.303520 
9.303520 
9.221562 
9.033479 
8.697193 
8.166421 
7.411144 
6.439089 
5.307743 
4.117607 
2.986235 
2.014079 
1.258451 
0.726558 
0.386979 
0.189996 
0.085975 
0.035866 
0.013802 
0.004903 
0.001609 
0.000489 
0.000137 
0.000036 
0.000009 
0.000002 
0.000000 
0.000000 
0.000000 
0.000000 
0.000000 
0.000000 
0.000000 
0.000000 
0.000000 
0.000000 
0.000000 
0.000000 
0.000000 
0.000000 
0.000000 
0.000000 
-5.000000 
-5.000000 
0.042804 
0.116722 
0.262427 
0.536144 
1.007671 
1.746518 
2.796625 
4.148115 
5.721282 
7.376278 
8.949409 
10.300758 
11.350373 
12.087639 
12.554483 
12.815427 
12.929075 
12.929075 
12.815427 
12.554483 
12.087639 
11.350373 
10.300758 
8.949409 
7.376278 
5.721282 
4.148116 
2.796627 
1.746529 
1.007720 
0.536333 
0.263099 
0.118937 
0.049562 
0.019049 
0.006758 
0.002215 
0.000671 
0.000188 
0.000049 
0.000012 
0.000003 
0.000001 
0.000000 
0.000000 
0.000000 
0.000000 
0.000000 
0.000000 
0.000000 
0.000000 
0.000000 
0.000000 
0.000000 
0.000000 
0.000000 
0.000000 
-5.000000 
-5.000000 
-5.000000 
0.051415 
0.140331 
0.315837 
0.645895 
1.214984 
2.107360 
3.376404 
5.010346 
6.912770 
8.914317 
10.816699 
12.450472 
13.718929 
14.609414 
15.172895 
15.487627 
15.624621 
15.624621 
15.487627 
15.172895 
14.609414 
13.718929 
12.450472 
10.816699 
8.914317 
6.912770 
5.010346 
3.376407 
2.107374 
1.215043 
0.646119 
0.316638 
0.142978 
0.059505 
0.022838 
0.008090 
0.002647 
0.000801 
0.000224 
0.000058 
0.000014 
0.000003 
0.000001 
0.000000 
0.000000 
0.000000 
0.000000 
0.000000 
0.000000 
0.000000 
0.000000 
0.000000 
0.000000 
0.000000 
0.000000 
0.000000 
-5.000000 
-5.000000 
-5.000000 
-5.000000 
0.057058 
0.155873 
0.351175 
0.718853 
1.353371 
2.349066 
3.765853 
5.590774 
7.716093 
9.952336 
12.077608 
13.902345 
15.318484 
16.312089 
16.940399 
17.291090 
17.443645 
17.443645 
17.291090 
16.940399 
16.312089 
15.318484 
13.902345 
12.077608 
9.952336 
7.716093 
5.590775 
3.765856 
2.349081 
1.353435 
0.719100 
0.352058 
0.158796 
0.066006 
0.025299 
0.008948 
0.002923 
0.000883 
0.000247 
0.000064 
0.000015 
0.000003 
0.000001 
0.000000 
0.000000 
0.000000 
0.000000 
0.000000 
0.000000 
0.000000 
0.000000 
0.000000 
0.000000 
0.000000 
0.000000 
-5.000000 
-5.000000 
-5.000000 
-5.000000 
-5.000000 
0.060396 
0.165118 
0.372329 
0.762784 
1.437123 
2.495976 
4.003384 
5.945735 
8.208309 
10.589146 
12.851671 
14.793827 
16.300553 
17.357203 
18.024985 
18.397477 
18.559433 
18.559433 
18.397477 
18.024985 
17.357203 
16.300553 
14.793827 
12.851671 
10.589146 
8.208309 
5.945736 
4.003388 
2.495992 
1.437190 
0.763043 
0.373259 
0.168200 
0.069842 
0.026739 
0.009446 
0.003082 
0.000930 
0.000259 
0.000067 
0.000016 
0.000004 
0.000001 
0.000000 
0.000000 
0.000000 
0.000000 
0.000000 
0.000000 
0.000000 
0.000000 
0.000000 
0.000000 
0.000000 
-5.000000 
-5.000000 
-5.000000 
-5.000000 
-5.000000 
-5.000000 
0.062182 
0.170096 
0.383805 
0.786782 
1.483153 
2.577128 
4.135133 
6.143241 
8.482808 
10.944804 
13.284321 
15.292229 
16.849535 
17.941247 
18.630878 
19.015375 
19.182485 
19.182485 
19.015375 
18.630878 
17.941247 
16.849535 
15.292229 
13.284321 
10.944804 
8.482808 
6.143242 
4.135137 
2.577144 
1.483221 
0.787048 
0.384758 
0.173260 
0.071888 
0.027499 
0.009706 
0.003164 
0.000953 
0.000266 
0.000069 
0.000016 
0.000004 
0.000001 
0.000000 
0.000000 
0.000000 
0.000000 
0.000000 
0.000000 
0.000000 
0.000000 
0.000000 
0.000000 
-5.000000 
-5.000000 
-5.000000 
-5.000000 
-5.000000 
-5.000000 
-5.000000 
0.063046 
0.172524 
0.389452 
0.798685 
1.506141 
2.617892 
4.201626 
6.243280 
8.622206 
11.125716 
13.504592 
15.546044 
17.129069 
18.238530 
18.939160 
19.329665 
19.499342 
19.499342 
19.329665 
18.939160 
18.238530 
17.129069 
15.546044 
13.504592 
11.125716 
8.622206 
6.243281 
4.201629 
2.617909 
1.506210 
0.798954 
0.390416 
0.175726 
0.072875 
0.027862 
0.009828 
0.003202 
0.000964 
0.000269 
0.000069 
0.000017 
0.000004 
0.000001 
0.000000 
0.000000 
0.000000 
0.000000 
0.000000 
0.000000 
0.000000 
0.000000 
0.000000 
-5.000000 
-5.000000 
-5.000000 
-5.000000 
-5.000000 
-5.000000 
-5.000000 
-5.000000 
0.063423 
0.173591 
0.391956 
0.804009 
1.516501 
2.636380 
4.231935 
6.289060 
8.686176 
11.208888 
13.605953 
15.662876 
17.257720 
18.375297 
19.080926 
19.474143 
19.644973 
19.644973 
19.474143 
19.080926 
18.375297 
17.257720 
15.662876 
13.605953 
11.208888 
8.686177 
6.289061 
4.231939 
2.636397 
1.516571 
0.804279 
0.392925 
0.176809 
0.073303 
0.028017 
0.009880 
0.003218 
0.000969 
0.000270 
0.000070 
0.000017 
0.000004 
0.000001 
0.000000 
0.000000 
0.000000 
0.000000 
0.000000 
0.000000 
0.000000 
0.000000 
-5.000000 
-5.000000 
-5.000000 
-5.000000 
-5.000000 
-5.000000 
-5.000000 
-5.000000 
-5.000000 
0.063561 
0.173987 
0.392893 
0.806018 
1.520438 
2.643450 
4.243584 
6.306722 
8.710924 
11.241120 
13.645271 
15.708206 
17.307628 
18.428333 
19.135878 
19.530128 
19.701394 
19.701394 
19.530128 
19.135878 
18.428333 
17.307628 
15.708206 
13.645271 
11.241120 
8.710924 
6.306723 
4.243587 
2.643466 
1.520508 
0.806288 
0.393863 
0.177210 
0.073460 
0.028073 
0.009899 
0.003223 
0.000970 
0.000270 
0.000070 
0.000017 
0.000004 
0.000001 
0.000000 
0.000000 
0.000000 
0.000000 
0.000000 
0.000000 
0.000000 
-5.000000 
-5.000000 
-5.000000 
-5.000000 
-5.000000 
-5.000000 
-5.000000 
-5.000000 
-5.000000 
-5.000000 
0.063575 
0.174028 
0.392993 
0.806238 
1.520878 
2.644252 
4.244923 
6.308773 
8.713819 
11.244909 
13.649904 
15.713551 
17.313510 
18.434577 
19.142340 
19.536706 
19.708021 
19.708021 
19.536706 
19.142340 
18.434577 
17.313510 
15.713551 
13.649904 
11.244909 
8.713819 
6.308774 
4.244927 
2.644269 
1.520948 
0.806508 
0.393963 
0.177252 
0.073476 
0.028079 
0.009900 
0.003224 
0.000970 
0.000270 
0.000070 
0.000017 
0.000004 
0.000001 
0.000000 
0.000000 
0.000000 
0.000000 
0.000000 
0.000000 
-5.000000 
-5.000000 
-5.000000 
-5.000000 
-5.000000 
-5.000000 
-5.000000 
-5.000000 
-5.000000 
-5.000000 
-5.000000 
0.063483 
0.173766 
0.392375 
0.804922 
1.518314 
2.639672 
4.237408 
6.297417 
8.697944 
11.224263 
13.624739 
15.684545 
17.281569 
18.400623 
19.107148 
19.500842 
19.671871 
19.671871 
19.500842 
19.107148 
18.400623 
17.281569 
15.684545 
13.624739 
11.224263 
8.697944 
6.297417 
4.237412 
2.639689 
1.518384 
0.805192 
0.393344 
0.176985 
0.073371 
0.028041 
0.009888 
0.003220 
0.000969 
0.000270 
0.000070 
0.000017 
0.000004 
0.000001 
0.000000 
0.000000 
0.000000 
0.000000 
0.000000 
-5.000000 
-5.000000 
-5.000000 
-5.000000 
-5.000000 
-5.000000 
-5.000000 
-5.000000 
-5.000000 
-5.000000 
-5.000000 
-5.000000 
0.063219 
0.173019 
0.390630 
0.801226 
1.511144 
2.626912 
4.216536 
6.265945 
8.654022 
11.167204 
13.555230 
15.604438 
17.193352 
18.306824 
19.009901 
19.401719 
19.571949 
19.571949 
19.401719 
19.009901 
18.306824 
17.193352 
15.604438 
13.555230 
11.167204 
8.654022 
6.265946 
4.216540 
2.626929 
1.511214 
0.801495 
0.391596 
0.176228 
0.073070 
0.027931 
0.009851 
0.003209 
0.000966 
0.000269 
0.000069 
0.000017 
0.000004 
0.000001 
0.000000 
0.000000 
0.000000 
0.000000 
-5.000000 
-5.000000 
-5.000000 
-5.000000 
-5.000000 
-5.000000 
-5.000000 
-5.000000 
-5.000000 
-5.000000 
-5.000000 
-5.000000 
-5.000000 
0.062624 
0.171355 
0.386772 
0.793118 
1.495526 
2.599276 
4.171539 
6.198339 
8.559911 
11.045143 
13.406665 
15.433264 
17.004823 
18.106298 
18.801923 
19.189663 
19.358147 
19.358147 
19.189663 
18.801923 
18.106298 
17.004823 
15.433264 
13.406665 
11.045143 
8.559911 
6.198340 
4.171542 
2.599293 
1.495594 
0.793385 
0.387731 
0.174537 
0.072390 
0.027681 
0.009766 
0.003182 
0.000958 
0.000267 
0.000069 
0.000016 
0.000004 
0.000001 
0.000000 
0.000000 
0.000000 
-5.000000 
-5.000000 
-5.000000 
-5.000000 
-5.000000 
-5.000000 
-5.000000 
-5.000000 
-5.000000 
-5.000000 
-5.000000 
-5.000000 
-5.000000 
-5.000000 
0.061435 
0.168046 
0.379167 
0.777256 
1.465173 
2.545870 
4.084973 
6.068728 
8.379935 
10.812089 
13.123246 
15.106805 
16.645215 
17.723676 
18.404934 
18.784763 
18.949845 
18.949845 
18.784763 
18.404934 
17.723676 
16.645215 
15.106805 
13.123246 
10.812089 
8.379935 
6.068729 
4.084976 
2.545886 
1.465241 
0.777519 
0.380109 
0.171173 
0.071026 
0.027172 
0.009591 
0.003127 
0.000942 
0.000263 
0.000068 
0.000016 
0.000004 
0.000001 
0.000000 
0.000000 
-5.000000 
-5.000000 
-5.000000 
-5.000000 
-5.000000 
-5.000000 
-5.000000 
-5.000000 
-5.000000 
-5.000000 
-5.000000 
-5.000000 
-5.000000 
-5.000000 
-5.000000 
0.059287 
0.162111 
0.365622 
0.749195 
1.411789 
2.452395 
3.934058 
5.843458 
8.067810 
10.408484 
12.632788 
14.541997 
16.022990 
17.061435 
17.717596 
18.083539 
18.242624 
18.242624 
18.083539 
17.717596 
17.061435 
16.022990 
14.541997 
12.632788 
10.408484 
8.067810 
5.843459 
3.934062 
2.452411 
1.411855 
0.749449 
0.366534 
0.165135 
0.068555 
0.026241 
0.009268 
0.003023 
0.000912 
0.000254 
0.000066 
0.000016 
0.000003 
0.000001 
0.000000 
-5.000000 
-5.000000 
-5.000000 
-5.000000 
-5.000000 
-5.000000 
-5.000000 
-5.000000 
-5.000000 
-5.000000 
-5.000000 
-5.000000 
-5.000000 
-5.000000 
-5.000000 
-5.000000 
0.055792 
0.152505 
0.343830 
0.704299 
1.326791 
2.304172 
3.695537 
5.488320 
7.576641 
9.774110 
11.862386 
13.654988 
15.045723 
16.021066 
16.637498 
16.981369 
17.130889 
17.130889 
16.981369 
16.637498 
16.021066 
15.045723 
13.654988 
11.862386 
9.774110 
7.576641 
5.488321 
3.695541 
2.304186 
1.326853 
0.704539 
0.344690 
0.155356 
0.064525 
0.024711 
0.008733 
0.002850 
0.000860 
0.000240 
0.000062 
0.000014 
0.000003 
0.000000 
-5.000000 
-5.000000 
-5.000000 
-5.000000 
-5.000000 
-5.000000 
-5.000000 
-5.000000 
-5.000000 
-5.000000 
-5.000000 
-5.000000 
-5.000000 
-5.000000 
-5.000000 
-5.000000 
-5.000000 
0.050676 
0.138502 
0.312212 
0.639445 
1.204476 
2.091555 
3.354282 
4.981233 
6.876329 
8.870454 
10.765510 
12.392297 
13.654449 
14.539676 
15.099200 
15.411354 
15.547094 
15.547094 
15.411354 
15.099200 
14.539676 
13.654449 
12.392297 
10.765510 
8.870454 
6.876329 
4.981233 
3.354285 
2.091568 
1.204533 
0.639663 
0.312994 
0.141093 
0.058612 
0.022451 
0.007936 
0.002591 
0.000781 
0.000217 
0.000054 
0.000011 
0.000000 
-5.000000 
-5.000000 
-5.000000 
-5.000000 
-5.000000 
-5.000000 
-5.000000 
-5.000000 
-5.000000 
-5.000000 
-5.000000 
-5.000000 
-5.000000 
-5.000000 
-5.000000 
-5.000000 
-5.000000 
-5.000000 
0.043950 
0.120148 
0.270910 
0.554996 
1.045642 
1.816097 
2.912990 
4.326441 
5.972968 
7.705577 
9.352068 
10.765377 
11.861773 
12.630623 
13.116497 
13.387508 
13.505338 
13.505338 
13.387508 
13.116497 
12.630623 
11.861773 
10.765377 
9.352069 
7.705577 
5.972968 
4.326441 
2.912993 
1.816108 
1.045691 
0.555185 
0.271588 
0.122393 
0.050828 
0.019462 
0.006876 
0.002242 
0.000672 
0.000182 
0.000039 
0.000000 
-5.000000 
-5.000000 
-5.000000 
-5.000000 
-5.000000 
-5.000000 
-5.000000 
-5.000000 
-5.000000 
-5.000000 
-5.000000 
-5.000000 
-5.000000 
-5.000000 
-5.000000 
-5.000000 
-5.000000 
-5.000000 
-5.000000 
0.036021 
0.098547 
0.222401 
0.455997 
0.859754 
1.494169 
2.397835 
3.562716 
4.919982 
6.348312 
7.705549 
8.870314 
9.773575 
10.406680 
10.806534 
11.029426 
11.126285 
11.126285 
11.029426 
10.806534 
10.406680 
9.773575 
8.870314 
7.705549 
6.348312 
4.919982 
3.562717 
2.397837 
1.494179 
0.859794 
0.456151 
0.222952 
0.100378 
0.041640 
0.015923 
0.005613 
0.001819 
0.000531 
0.000124 
0.000000 
-5.000000 
-5.000000 
-5.000000 
-5.000000 
-5.000000 
-5.000000 
-5.000000 
-5.000000 
-5.000000 
-5.000000 
-5.000000 
-5.000000 
-5.000000 
-5.000000 
-5.000000 
-5.000000 
-5.000000 
-5.000000 
-5.000000 
-5.000000 
0.027643 
0.075738 
0.171214 
0.351602 
0.663842 
1.155040 
1.855360 
2.758723 
3.811708 
4.919977 
5.972941 
6.876216 
7.576228 
8.066427 
8.375685 
8.547875 
8.622629 
8.622629 
8.547875 
8.375685 
8.066427 
7.576228 
6.876216 
5.972941 
4.919977 
3.811708 
2.758723 
1.855362 
1.155047 
0.663872 
0.351718 
0.171632 
0.077129 
0.031925 
0.012170 
0.004260 
0.001343 
0.000338 
0.000000 
-5.000000 
-5.000000 
-5.000000 
-5.000000 
-5.000000 
-5.000000 
-5.000000 
-5.000000 
-5.000000 
-5.000000 
-5.000000 
-5.000000 
-5.000000 
-5.000000 
-5.000000 
-5.000000 
-5.000000 
-5.000000 
-5.000000 
-5.000000 
-5.000000 
0.019713 
0.054137 
0.122704 
0.252604 
0.477954 
0.833113 
1.340205 
1.994998 
2.758722 
3.562712 
4.326421 
4.981153 
5.488029 
5.842484 
6.065722 
6.189793 
6.243575 
6.243575 
6.189793 
6.065722 
5.842484 
5.488029 
4.981153 
4.326421 
3.562712 
2.758722 
1.994998 
1.340206 
0.833117 
0.477974 
0.252683 
0.122993 
0.055106 
0.022718 
0.008591 
0.002923 
0.000793 
0.000000 
-5.000000 
-5.000000 
-5.000000 
-5.000000 
-5.000000 
-5.000000 
-5.000000 
-5.000000 
-5.000000 
-5.000000 
-5.000000 
-5.000000 
-5.000000 
-5.000000 
-5.000000 
-5.000000 
-5.000000 
-5.000000 
-5.000000 
-5.000000 
-5.000000 
-5.000000 
0.012988 
0.035783 
0.081403 
0.168154 
0.319120 
0.557654 
0.898913 
1.340206 
1.855361 
2.397834 
2.912979 
3.354233 
3.695353 
3.933430 
4.083018 
4.165946 
4.201818 
4.201818 
4.165946 
4.083018 
3.933430 
3.695353 
3.354233 
2.912979 
2.397834 
1.855361 
1.340206 
0.898914 
0.557657 
0.319131 
0.168199 
0.081573 
0.036374 
0.014862 
0.005459 
0.001599 
0.000000 
-5.000000 
-5.000000 
-5.000000 
-5.000000 
-5.000000 
-5.000000 
-5.000000 
-5.000000 
-5.000000 
-5.000000 
-5.000000 
-5.000000 
-5.000000 
-5.000000 
-5.000000 
-5.000000 
-5.000000 
-5.000000 
-5.000000 
-5.000000 
-5.000000 
-5.000000 
-5.000000 
0.007872 
0.021780 
0.049785 
0.103300 
0.196805 
0.345037 
0.557657 
0.833117 
1.155047 
1.494177 
1.816101 
2.091538 
2.304076 
2.452037 
2.544717 
2.595928 
2.618020 
2.618020 
2.595928 
2.544717 
2.452037 
2.304076 
2.091538 
1.816101 
1.494177 
1.155047 
0.833117 
0.557657 
0.345037 
0.196805 
0.103308 
0.049836 
0.022011 
0.008730 
0.002760 
0.000000 
-5.000000 
-5.000000 
-5.000000 
-5.000000 
-5.000000 
-5.000000 
-5.000000 
-5.000000 
-5.000000 
-5.000000 
-5.000000 
-5.000000 
-5.000000 
-5.000000 
-5.000000 
-5.000000 
-5.000000 
-5.000000 
-5.000000 
-5.000000 
-5.000000 
-5.000000 
-5.000000 
-5.000000 
0.004377 
0.012174 
0.027992 
0.058404 
0.111807 
0.196812 
0.319133 
0.477975 
0.663872 
0.859793 
1.045687 
1.204517 
1.326794 
1.411652 
1.464603 
1.493742 
1.506269 
1.506269 
1.493742 
1.464603 
1.411652 
1.326794 
1.204517 
1.045687 
0.859793 
0.663872 
0.477974 
0.319131 
0.196805 
0.111786 
0.058351 
0.027870 
0.011944 
0.004078 
0.000000 
-5.000000 
-5.000000 
-5.000000 
-5.000000 
-5.000000 
-5.000000 
-5.000000 
-5.000000 
-5.000000 
-5.000000 
-5.000000 
-5.000000 
-5.000000 
-5.000000 
-5.000000 
-5.000000 
-5.000000 
-5.000000 
-5.000000 
-5.000000 
-5.000000 
-5.000000 
-5.000000 
-5.000000 
-5.000000 
0.002229 
0.006238 
0.014447 
0.030341 
0.058418 
0.103330 
0.168206 
0.252685 
0.351718 
0.456151 
0.555183 
0.639656 
0.704510 
0.749349 
0.777201 
0.792452 
0.798983 
0.798983 
0.792452 
0.777201 
0.749349 
0.704510 
0.639656 
0.555183 
0.456151 
0.351718 
0.252683 
0.168199 
0.103308 
0.058351 
0.030153 
0.013973 
0.005155 
0.000000 
-5.000000 
-5.000000 
-5.000000 
-5.000000 
-5.000000 
-5.000000 
-5.000000 
-5.000000 
-5.000000 
-5.000000 
-5.000000 
-5.000000 
-5.000000 
-5.000000 
-5.000000 
-5.000000 
-5.000000 
-5.000000 
-5.000000 
-5.000000 
-5.000000 
-5.000000 
-5.000000 
-5.000000 
-5.000000 
-5.000000 
0.001039 
0.002929 
0.006838 
0.014472 
0.028051 
0.049895 
0.081591 
0.122998 
0.171633 
0.222953 
0.271587 
0.312991 
0.344677 
0.366489 
0.379965 
0.387302 
0.390429 
0.390429 
0.387302 
0.379965 
0.366489 
0.344677 
0.312991 
0.271587 
0.222952 
0.171632 
0.122993 
0.081573 
0.049836 
0.027870 
0.013973 
0.005573 
0.000000 
-5.000000 
-5.000000 
-5.000000 
-5.000000 
-5.000000 
-5.000000 
-5.000000 
-5.000000 
-5.000000 
-5.000000 
-5.000000 
-5.000000 
-5.000000 
-5.000000 
-5.000000 
-5.000000 
-5.000000 
-5.000000 
-5.000000 
-5.000000 
-5.000000 
-5.000000 
-5.000000 
-5.000000 
-5.000000 
-5.000000 
-5.000000 
0.000443 
0.001259 
0.002968 
0.006337 
0.012377 
0.022156 
0.036418 
0.055119 
0.077133 
0.100379 
0.122393 
0.141092 
0.155350 
0.165116 
0.171113 
0.174357 
0.175731 
0.175731 
0.174357 
0.171113 
0.165116 
0.155350 
0.141092 
0.122393 
0.100378 
0.077129 
0.055106 
0.036374 
0.022011 
0.011944 
0.005155 
0.000000 
-5.000000 
-5.000000 
-5.000000 
-5.000000 
-5.000000 
-5.000000 
-5.000000 
-5.000000 
-5.000000 
-5.000000 
-5.000000 
-5.000000 
-5.000000 
-5.000000 
-5.000000 
-5.000000 
-5.000000 
-5.000000 
-5.000000 
-5.000000 
-5.000000 
-5.000000 
-5.000000 
-5.000000 
-5.000000 
-5.000000 
-5.000000 
-5.000000 
0.000173 
0.000496 
0.001182 
0.002548 
0.005020 
0.009050 
0.014962 
0.022747 
0.031933 
0.041642 
0.050828 
0.058612 
0.064523 
0.068548 
0.071003 
0.072321 
0.072876 
0.072876 
0.072321 
0.071003 
0.068548 
0.064523 
0.058612 
0.050828 
0.041640 
0.031925 
0.022718 
0.014862 
0.008730 
0.004078 
0.000000 
-5.000000 
-5.000000 
-5.000000 
-5.000000 
-5.000000 
-5.000000 
-5.000000 
-5.000000 
-5.000000 
-5.000000 
-5.000000 
-5.000000 
-5.000000 
-5.000000 
-5.000000 
-5.000000 
-5.000000 
-5.000000 
-5.000000 
-5.000000 
-5.000000 
-5.000000 
-5.000000 
-5.000000 
-5.000000 
-5.000000 
-5.000000 
-5.000000 
-5.000000 
0.000062 
0.000179 
0.000432 
0.000942 
0.001872 
0.003403 
0.005662 
0.008650 
0.012186 
0.015927 
0.019463 
0.022451 
0.024710 
0.026239 
0.027164 
0.027656 
0.027862 
0.027862 
0.027656 
0.027164 
0.026239 
0.024710 
0.022451 
0.019462 
0.015923 
0.012170 
0.008591 
0.005459 
0.002760 
0.000000 
-5.000000 
-5.000000 
-5.000000 
-5.000000 
-5.000000 
-5.000000 
-5.000000 
-5.000000 
-5.000000 
-5.000000 
-5.000000 
-5.000000 
-5.000000 
-5.000000 
-5.000000 
-5.000000 
-5.000000 
-5.000000 
-5.000000 
-5.000000 
-5.000000 
-5.000000 
-5.000000 
-5.000000 
-5.000000 
-5.000000 
-5.000000 
-5.000000 
-5.000000 
-5.000000 
0.000020 
0.000059 
0.000145 
0.000320 
0.000643 
0.001179 
0.001975 
0.003034 
0.004290 
0.005621 
0.006878 
0.007936 
0.008733 
0.009268 
0.009589 
0.009758 
0.009828 
0.009828 
0.009758 
0.009589 
0.009268 
0.008732 
0.007936 
0.006876 
0.005613 
0.004260 
0.002923 
0.001599 
0.000000 
-5.000000 
-5.000000 
-5.000000 
-5.000000 
-5.000000 
-5.000000 
-5.000000 
-5.000000 
-5.000000 
-5.000000 
-5.000000 
-5.000000 
-5.000000 
-5.000000 
-5.000000 
-5.000000 
-5.000000 
-5.000000 
-5.000000 
-5.000000 
-5.000000 
-5.000000 
-5.000000 
-5.000000 
-5.000000 
-5.000000 
-5.000000 
-5.000000 
-5.000000 
-5.000000 
-5.000000 
0.000006 
0.000018 
0.000045 
0.000100 
0.000203 
0.000376 
0.000636 
0.000982 
0.001395 
0.001832 
0.002245 
0.002591 
0.002850 
0.003023 
0.003126 
0.003180 
0.003202 
0.003202 
0.003180 
0.003126 
0.003023 
0.002850 
0.002591 
0.002242 
0.001819 
0.001343 
0.000793 
0.000000 
-5.000000 
-5.000000 
-5.000000 
-5.000000 
-5.000000 
-5.000000 
-5.000000 
-5.000000 
-5.000000 
-5.000000 
-5.000000 
-5.000000 
-5.000000 
-5.000000 
-5.000000 
-5.000000 
-5.000000 
-5.000000 
-5.000000 
-5.000000 
-5.000000 
-5.000000 
-5.000000 
-5.000000 
-5.000000 
-5.000000 
-5.000000 
-5.000000 
-5.000000 
-5.000000 
-5.000000 
-5.000000 
0.000002 
0.000005 
0.000013 
0.000029 
0.000059 
0.000111 
0.000189 
0.000294 
0.000419 
0.000552 
0.000677 
0.000782 
0.000860 
0.000912 
0.000942 
0.000958 
0.000964 
0.000964 
0.000958 
0.000942 
0.000912 
0.000860 
0.000781 
0.000672 
0.000531 
0.000338 
0.000000 
-5.000000 
-5.000000 
-5.000000 
-5.000000 
-5.000000 
-5.000000 
-5.000000 
-5.000000 
-5.000000 
-5.000000 
-5.000000 
-5.000000 
-5.000000 
-5.000000 
-5.000000 
-5.000000 
-5.000000 
-5.000000 
-5.000000 
-5.000000 
-5.000000 
-5.000000 
-5.000000 
-5.000000 
-5.000000 
-5.000000 
-5.000000 
-5.000000 
-5.000000 
-5.000000 
-5.000000 
-5.000000 
-5.000000 
0.000000 
0.000001 
0.000003 
0.000008 
0.000016 
0.000030 
0.000052 
0.000081 
0.000116 
0.000154 
0.000189 
0.000219 
0.000240 
0.000254 
0.000263 
0.000267 
0.000269 
0.000269 
0.000267 
0.000263 
0.000254 
0.000240 
0.000217 
0.000182 
0.000124 
0.000000 
-5.000000 
-5.000000 
-5.000000 
-5.000000 
-5.000000 
-5.000000 
-5.000000 
-5.000000 
-5.000000 
-5.000000 
-5.000000 
-5.000000 
-5.000000 
-5.000000 
-5.000000 
-5.000000 
-5.000000 
-5.000000 
-5.000000 
-5.000000 
-5.000000 
-5.000000 
-5.000000 
-5.000000 
-5.000000 
-5.000000 
-5.000000 
-5.000000 
-5.000000 
-5.000000 
-5.000000 
-5.000000 
-5.000000 
-5.000000 
0.000000 
0.000000 
0.000001 
0.000002 
0.000004 
0.000008 
0.000013 
0.000021 
0.000030 
0.000040 
0.000049 
0.000057 
0.000062 
0.000066 
0.000068 
0.000069 
0.000069 
0.000069 
0.000069 
0.000068 
0.000066 
0.000062 
0.000054 
0.000039 
0.000000 
-5.000000 
-5.000000 
-5.000000 
-5.000000 
-5.000000 
-5.000000 
-5.000000 
-5.000000 
-5.000000 
-5.000000 
-5.000000 
-5.000000 
-5.000000 
-5.000000 
-5.000000 
-5.000000 
-5.000000 
-5.000000 
-5.000000 
-5.000000 
-5.000000 
-5.000000 
-5.000000 
-5.000000 
-5.000000 
-5.000000 
-5.000000 
-5.000000 
-5.000000 
-5.000000 
-5.000000 
-5.000000 
-5.000000 
-5.000000 
-5.000000 
0.000000 
0.000000 
0.000000 
0.000000 
0.000001 
0.000002 
0.000003 
0.000005 
0.000007 
0.000010 
0.000012 
0.000014 
0.000015 
0.000016 
0.000016 
0.000016 
0.000017 
0.000017 
0.000016 
0.000016 
0.000016 
0.000014 
0.000011 
0.000000 
-5.000000 
-5.000000 
-5.000000 
-5.000000 
-5.000000 
-5.000000 
-5.000000 
-5.000000 
-5.000000 
-5.000000 
-5.000000 
-5.000000 
-5.000000 
-5.000000 
-5.000000 
-5.000000 
-5.000000 
-5.000000 
-5.000000 
-5.000000 
-5.000000 
-5.000000 
-5.000000 
-5.000000 
-5.000000 
-5.000000 
-5.000000 
-5.000000 
-5.000000 
-5.000000 
-5.000000 
-5.000000 
-5.000000 
-5.000000 
-5.000000 
-5.000000 
0.000000 
0.000000 
0.000000 
0.000000 
0.000000 
0.000000 
0.000001 
0.000001 
0.000002 
0.000002 
0.000003 
0.000003 
0.000003 
0.000004 
0.000004 
0.000004 
0.000004 
0.000004 
0.000004 
0.000004 
0.000003 
0.000003 
0.000000 
-5.000000 
-5.000000 
-5.000000 
-5.000000 
-5.000000 
-5.000000 
-5.000000 
-5.000000 
-5.000000 
-5.000000 
-5.000000 
-5.000000 
-5.000000 
-5.000000 
-5.000000 
-5.000000 
-5.000000 
-5.000000 
-5.000000 
-5.000000 
-5.000000 
-5.000000 
-5.000000 
-5.000000 
-5.000000 
-5.000000 
-5.000000 
-5.000000 
-5.000000 
-5.000000 
-5.000000 
-5.000000 
-5.000000 
-5.000000 
-5.000000 
-5.000000 
-5.000000 
0.000000 
0.000000 
0.000000 
0.000000 
0.000000 
0.000000 
0.000000 
0.000000 
0.000000 
0.000000 
0.000001 
0.000001 
0.000001 
0.000001 
0.000001 
0.000001 
0.000001 
0.000001 
0.000001 
0.000001 
0.000001 
0.000000 
-5.000000 
-5.000000 
-5.000000 
-5.000000 
-5.000000 
-5.000000 
-5.000000 
-5.000000 
-5.000000 
-5.000000 
-5.000000 
-5.000000 
-5.000000 
-5.000000 
-5.000000 
-5.000000 
-5.000000 
-5.000000 
-5.000000 
-5.000000 
-5.000000 
-5.000000 
-5.000000 
-5.000000 
-5.000000 
-5.000000 
-5.000000 
-5.000000 
-5.000000 
-5.000000 
-5.000000 
-5.000000 
-5.000000 
-5.000000 
-5.000000 
-5.000000 
-5.000000 
-5.000000 
0.000000 
0.000000 
0.000000 
0.000000 
0.000000 
0.000000 
0.000000 
0.000000 
0.000000 
0.000000 
0.000000 
0.000000 
0.000000 
0.000000 
0.000000 
0.000000 
0.000000 
0.000000 
0.000000 
0.000000 
0.000000 
-5.000000 
-5.000000 
-5.000000 
-5.000000 
-5.000000 
-5.000000 
-5.000000 
-5.000000 
-5.000000 
-5.000000 
-5.000000 
-5.000000 
-5.000000 
-5.000000 
-5.000000 
-5.000000 
-5.000000 
-5.000000 
-5.000000 
-5.000000 
-5.000000 
-5.000000 
-5.000000 
-5.000000 
-5.000000 
-5.000000 
-5.000000 
-5.000000 
-5.000000 
-5.000000 
-5.000000 
-5.000000 
-5.000000 
-5.000000 
-5.000000 
-5.000000 
-5.000000 
-5.000000 
-5.000000 
0.000000 
0.000000 
0.000000 
0.000000 
0.000000 
0.000000 
0.000000 
0.000000 
0.000000 
0.000000 
0.000000 
0.000000 
0.000000 
0.000000 
0.000000 
0.000000 
0.000000 
0.000000 
0.000000 
0.000000 
-5.000000 
-5.000000 
-5.000000 
-5.000000 
-5.000000 
-5.000000 
-5.000000 
-5.000000 
-5.000000 
-5.000000 
-5.000000 
-5.000000 
-5.000000 
-5.000000 
-5.000000 
-5.000000 
-5.000000 
-5.000000 
-5.000000 
-5.000000 
-5.000000 
-5.000000 
-5.000000 
-5.000000 
-5.000000 
-5.000000 
-5.000000 
-5.000000 
-5.000000 
-5.000000 
-5.000000 
-5.000000 
-5.000000 
-5.000000 
-5.000000 
-5.000000 
-5.000000 
-5.000000 
-5.000000 
-5.000000 
0.000000 
0.000000 
0.000000 
0.000000 
0.000000 
0.000000 
0.000000 
0.000000 
0.000000 
0.000000 
0.000000 
0.000000 
0.000000 
0.000000 
0.000000 
0.000000 
0.000000 
0.000000 
0.000000 
-5.000000 
-5.000000 
-5.000000 
-5.000000 
-5.000000 
-5.000000 
-5.000000 
-5.000000 
-5.000000 
-5.000000 
-5.000000 
-5.000000 
-5.000000 
-5.000000 
-5.000000 
-5.000000 
-5.000000 
-5.000000 
-5.000000 
-5.000000 
-5.000000 
-5.000000 
-5.000000 
-5.000000 
-5.000000 
-5.000000 
-5.000000 
-5.000000 
-5.000000 
-5.000000 
-5.000000 
-5.000000 
-5.000000 
-5.000000 
-5.000000 
-5.000000 
-5.000000 
-5.000000 
-5.000000 
-5.000000 
-5.000000 
0.000000 
0.000000 
0.000000 
0.000000 
0.000000 
0.000000 
0.000000 
0.000000 
0.000000 
0.000000 
0.000000 
0.000000 
0.000000 
0.000000 
0.000000 
0.000000 
0.000000 
0.000000 
-5.000000 
-5.000000 
-5.000000 
-5.000000 
-5.000000 
-5.000000 
-5.000000 
-5.000000 
-5.000000 
-5.000000 
-5.000000 
-5.000000 
-5.000000 
-5.000000 
-5.000000 
-5.000000 
-5.000000 
-5.000000 
-5.000000 
-5.000000 
-5.000000 
-5.000000 
-5.000000 
-5.000000 
-5.000000 
-5.000000 
-5.000000 
-5.000000 
-5.000000 
-5.000000 
-5.000000 
-5.000000 
-5.000000 
-5.000000 
-5.000000 
-5.000000 
-5.000000 
-5.000000 
-5.000000 
-5.000000 
-5.000000 
-5.000000 
0.000000 
0.000000 
0.000000 
0.000000 
0.000000 
0.000000 
0.000000 
0.000000 
0.000000 
0.000000 
0.000000 
0.000000 
0.000000 
0.000000 
0.000000 
0.000000 
0.000000 
-5.000000 
-5.000000 
-5.000000 
-5.000000 
-5.000000 
-5.000000 
-5.000000 
-5.000000 
-5.000000 
-5.000000 
-5.000000 
-5.000000 
-5.000000 
-5.000000 
-5.000000 
-5.000000 
-5.000000 
-5.000000 
-5.000000 
-5.000000 
-5.000000 
-5.000000 
-5.000000 
-5.000000 
-5.000000 
-5.000000 
-5.000000 
-5.000000 
-5.000000 
-5.000000 
-5.000000 
-5.000000 
-5.000000 
-5.000000 
-5.000000 
-5.000000 
-5.000000 
-5.000000 
-5.000000 
-5.000000 
-5.000000 
-5.000000 
-5.000000 
0.000000 
0.000000 
0.000000 
0.000000 
0.000000 
0.000000 
0.000000 
0.000000 
0.000000 
0.000000 
0.000000 
0.000000 
0.000000 
0.000000 
0.000000 
0.000000 
-5.000000 
-5.000000 
-5.000000 
-5.000000 
-5.000000 
-5.000000 
-5.000000 
-5.000000 
-5.000000 
-5.000000 
-5.000000 
-5.000000 
-5.000000 
-5.000000 
-5.000000 
-5.000000 
-5.000000 
-5.000000 
-5.000000 
-5.000000 
-5.000000 
-5.000000 
-5.000000 
-5.000000 
-5.000000 
-5.000000 
-5.000000 
-5.000000 
-5.000000 
-5.000000 
-5.000000 
-5.000000 
-5.000000 
-5.000000 
-5.000000 
-5.000000 
-5.000000 
-5.000000 
-5.000000 
-5.000000 
-5.000000 
-5.000000 
-5.000000 
-5.000000 
0.000000 
0.000000 
0.000000 
0.000000 
0.000000 
0.000000 
0.000000 
0.000000 
0.000000 
0.000000 
0.000000 
0.000000 
0.000000 
0.000000 
0.000000 
-5.000000 
-5.000000 
-5.000000 
-5.000000 
-5.000000 
-5.000000 
-5.000000 
-5.000000 
-5.000000 
-5.000000 
-5.000000 
-5.000000 
-5.000000 
-5.000000 
-5.000000 
-5.000000 
-5.000000 
-5.000000 
-5.000000 
-5.000000 
-5.000000 
-5.000000 
-5.000000 
-5.000000 
-5.000000 
-5.000000 
-5.000000 
-5.000000 
-5.000000 
-5.000000 
-5.000000 
-5.000000 
-5.000000 
-5.000000 
-5.000000 
-5.000000 
-5.000000 
-5.000000 
-5.000000 
-5.000000 
-5.000000 
-5.000000 
-5.000000 
-5.000000 
-5.000000 
0.000000 
0.000000 
0.000000 
0.000000 
0.000000 
0.000000 
0.000000 
0.000000 
0.000000 
0.000000 
0.000000 
0.000000 
0.000000 
0.000000 
-5.000000 
-5.000000 
-5.000000 
-5.000000 
-5.000000 
-5.000000 
-5.000000 
-5.000000 
-5.000000 
-5.000000 
-5.000000 
-5.000000 
-5.000000 
-5.000000 
-5.000000 
-5.000000 
-5.000000 
-5.000000 
-5.000000 
-5.000000 
-5.000000 
-5.000000 
-5.000000 
-5.000000 
-5.000000 
-5.000000 
-5.000000 
-5.000000 
-5.000000 
-5.000000 
-5.000000 
-5.000000 
-5.000000 
-5.000000 
-5.000000 
-5.000000 
-5.000000 
-5.000000 
-5.000000 
-5.000000 
-5.000000 
-5.000000 
-5.000000 
-5.000000 
-5.000000 
-5.000000 
0.000000 
0.000000 
0.000000 
0.000000 
0.000000 
0.000000 
0.000000 
0.000000 
0.000000 
0.000000 
0.000000 
0.000000 
0.000000 
-5.000000 
-5.000000 
-5.000000 
-5.000000 
-5.000000 
-5.000000 
-5.000000 
-5.000000 
-5.000000 
-5.000000 
-5.000000 
-5.000000 
-5.000000 
-5.000000 
-5.000000 
-5.000000 
-5.000000 
-5.000000 
-5.000000 
-5.000000 
-5.000000 
-5.000000 
-5.000000 
-5.000000 
-5.000000 
-5.000000 
-5.000000 
-5.000000 
-5.000000 
-5.000000 
-5.000000 
-5.000000 
-5.000000 
-5.000000 
-5.000000 
-5.000000 
-5.000000 
-5.000000 
-5.000000 
-5.000000 
-5.000000 
-5.000000 
-5.000000 
-5.000000 
-5.000000 
-5.000000 
-5.000000 
0.000000 
0.000000 
0.000000 
0.000000 
0.000000 
0.000000 
0.000000 
0.000000 
0.000000 
0.000000 
0.000000 
0.000000 
-5.000000 
-5.000000 
-5.000000 
-5.000000 
-5.000000 
-5.000000 
-5.000000 
-5.000000 
-5.000000 
-5.000000 
-5.000000 
-5.000000 
-5.000000 
-5.000000 
-5.000000 
-5.000000 
-5.000000 
-5.000000 
-5.000000 
-5.000000 
-5.000000 
-5.000000 
-5.000000 
-5.000000 
-5.000000 
-5.000000 
-5.000000 
-5.000000 
-5.000000 
-5.000000 
-5.000000 
-5.000000 
-5.000000 
-5.000000 
-5.000000 
-5.000000 
-5.000000 
-5.000000 
-5.000000 
-5.000000 
-5.000000 
-5.000000 
-5.000000 
-5.000000 
-5.000000 
-5.000000 
-5.000000 
-5.000000 
0.000000 
0.000000 
0.000000 
0.000000 
0.000000 
0.000000 
0.000000 
0.000000 
0.000000 
0.000000 
0.000000 
-5.000000 
-5.000000 
-5.000000 
-5.000000 
-5.000000 
-5.000000 
-5.000000 
-5.000000 
-5.000000 
-5.000000 
-5.000000 
-5.000000 
-5.000000 
-5.000000 
-5.000000 
-5.000000 
-5.000000 
-5.000000 
-5.000000 
-5.000000 
-5.000000 
-5.000000 
-5.000000 
-5.000000 
-5.000000 
-5.000000 
-5.000000 
-5.000000 
-5.000000 
-5.000000 
-5.000000 
-5.000000 
-5.000000 
-5.000000 
-5.000000 
-5.000000 
-5.000000 
-5.000000 
-5.000000 
-5.000000 
-5.000000 
-5.000000 
-5.000000 
-5.000000 
-5.000000 
-5.000000 
-5.000000 
-5.000000 
-5.000000 
0.000000 
0.000000 
0.000000 
0.000000 
0.000000 
0.000000 
0.000000 
0.000000 
0.000000 
0.000000 
-5.000000 
-5.000000 
-5.000000 
-5.000000 
-5.000000 
-5.000000 
-5.000000 
-5.000000 
-5.000000 
-5.000000 
-5.000000 
-5.000000 
-5.000000 
-5.000000 
-5.000000 
-5.000000 
-5.000000 
-5.000000 
-5.000000 
-5.000000 
-5.000000 
-5.000000 
-5.000000 
-5.000000 
-5.000000 
-5.000000 
-5.000000 
-5.000000 
-5.000000 
-5.000000 
-5.000000 
-5.000000 
-5.000000 
-5.000000 
-5.000000 
-5.000000 
-5.000000 
-5.000000 
-5.000000 
-5.000000 
-5.000000 
-5.000000 
-5.000000 
-5.000000 
-5.000000 
-5.000000 
-5.000000 
-5.000000 
-5.000000 
-5.000000 
0.000000 
0.000000 
0.000000 
0.000000 
0.000000 
0.000000 
0.000000 
0.000000 
0.000000 
-5.000000 
-5.000000 
-5.000000 
-5.000000 
-5.000000 
-5.000000 
-5.000000 
-5.000000 
-5.000000 
-5.000000 
-5.000000 
-5.000000 
-5.000000 
-5.000000 
-5.000000 
-5.000000 
-5.000000 
-5.000000 
-5.000000 
-5.000000 
-5.000000 
-5.000000 
-5.000000 
-5.000000 
-5.000000 
-5.000000 
-5.000000 
-5.000000 
-5.000000 
-5.000000 
-5.000000 
-5.000000 
-5.000000 
-5.000000 
-5.000000 
-5.000000 
-5.000000 
-5.000000 
-5.000000 
-5.000000 
-5.000000 
-5.000000 
-5.000000 
-5.000000 
-5.000000 
-5.000000 
-5.000000 
-5.000000 
-5.000000 
-5.000000 
-5.000000 
0.000000 
0.000000 
0.000000 
0.000000 
0.000000 
0.000000 
0.000000 
0.000000 
-5.000000 
-5.000000 
-5.000000 
-5.000000 
-5.000000 
-5.000000 
-5.000000 
-5.000000 
-5.000000 
-5.000000 
-5.000000 
-5.000000 
-5.000000 
-5.000000 
-5.000000 
-5.000000 
-5.000000 
-5.000000 
-5.000000 
-5.000000 
-5.000000 
-5.000000 
-5.000000 
-5.000000 
-5.000000 
-5.000000 
-5.000000 
-5.000000 
-5.000000 
-5.000000 
-5.000000 
-5.000000 
-5.000000 
-5.000000 
-5.000000 
-5.000000 
-5.000000 
-5.000000 
-5.000000 
-5.000000 
-5.000000 
-5.000000 
-5.000000 
-5.000000 
-5.000000 
-5.000000 
-5.000000 
-5.000000 
-5.000000 
-5.000000 
-5.000000 
-5.000000 
0.000000 
0.000000 
0.000000 
0.000000 
0.000000 
0.000000 
0.000000 
-5.000000 
-5.000000 
-5.000000 
-5.000000 
-5.000000 
-5.000000 
-5.000000 
-5.000000 
-5.000000 
-5.000000 
-5.000000 
-5.000000 
-5.000000 
-5.000000 
-5.000000 
-5.000000 
-5.000000 
-5.000000 
-5.000000 
-5.000000 
-5.000000 
-5.000000 
-5.000000 
-5.000000 
-5.000000 
-5.000000 
-5.000000 
-5.000000 
-5.000000 
-5.000000 
-5.000000 
-5.000000 
-5.000000 
-5.000000 
-5.000000 
-5.000000 
-5.000000 
-5.000000 
-5.000000 
-5.000000 
-5.000000 
-5.000000 
-5.000000 
-5.000000 
-5.000000 
-5.000000 
-5.000000 
-5.000000 
-5.000000 
-5.000000 
-5.000000 
-5.000000 
-5.000000 
0.000000 
0.000000 
0.000000 
0.000000 
0.000000 
0.000000 
-5.000000 
-5.000000 
-5.000000 
-5.000000 
-5.000000 
-5.000000 
-5.000000 
-5.000000 
-5.000000 
-5.000000 
-5.000000 
-5.000000 
-5.000000 
-5.000000 
-5.000000 
-5.000000 
-5.000000 
-5.000000 
-5.000000 
-5.000000 
-5.000000 
-5.000000 
-5.000000 
-5.000000 
-5.000000 
-5.000000 
-5.000000 
-5.000000 
-5.000000 
-5.000000 
-5.000000 
-5.000000 
-5.000000 
-5.000000 
-5.000000 
-5.000000 
-5.000000 
-5.000000 
-5.000000 
-5.000000 
-5.000000 
-5.000000 
-5.000000 
-5.000000 
-5.000000 
-5.000000 
-5.000000 
-5.000000 
-5.000000 
-5.000000 
-5.000000 
-5.000000 
-5.000000 
-5.000000 
0.000000 
0.000000 
0.000000 
0.000000 
0.000000 
-5.000000 
-5.000000 
-5.000000 
-5.000000 
-5.000000 
-5.000000 
-5.000000 
-5.000000 
-5.000000 
-5.000000 
-5.000000 
-5.000000 
-5.000000 
-5.000000 
-5.000000 
-5.000000 
-5.000000 
-5.000000 
-5.000000 
-5.000000 
-5.000000 
-5.000000 
-5.000000 
-5.000000 
-5.000000 
-5.000000 
-5.000000 
-5.000000 
-5.000000 
-5.000000 
-5.000000 
-5.000000 
-5.000000 
-5.000000 
-5.000000 
-5.000000 
-5.000000 
-5.000000 
-5.000000 
-5.000000 
-5.000000 
-5.000000 
-5.000000 
-5.000000 
-5.000000 
-5.000000 
-5.000000 
-5.000000 
-5.000000 
-5.000000 
-5.000000 
-5.000000 
-5.000000 
-5.000000 
-5.000000 
0.000000 
0.000000 
0.000000 
0.000000 
-5.000000 
-5.000000 
-5.000000 
-5.000000 
-5.000000 
-5.000000 
-5.000000 
-5.000000 
-5.000000 
-5.000000 
-5.000000 
-5.000000 
-5.000000 
-5.000000 
-5.000000 
-5.000000 
-5.000000 
-5.000000 
-5.000000 
-5.000000 
-5.000000 
-5.000000 
-5.000000 
-5.000000 
-5.000000 
-5.000000 
-5.000000 
-5.000000 
-5.000000 
-5.000000 
-5.000000 
-5.000000 
-5.000000 
-5.000000 
-5.000000 
-5.000000 
-5.000000 
-5.000000 
-5.000000 
-5.000000 
-5.000000 
-5.000000 
-5.000000 
-5.000000 
-5.000000 
-5.000000 
-5.000000 
-5.000000 
-5.000000 
-5.000000 
-5.000000 
-5.000000 
-5.000000 
-5.000000 
-5.000000 
-5.000000 
0.000000 
0.000000 
0.000000 
-5.000000 
-5.000000 
-5.000000 
-5.000000 
-5.000000 
-5.000000 
-5.000000 
-5.000000 
-5.000000 
-5.000000 
-5.000000 
-5.000000 
-5.000000 
-5.000000 
-5.000000 
-5.000000 
-5.000000 
-5.000000 
-5.000000 
-5.000000 
-5.000000 
-5.000000 
-5.000000 
-5.000000 
-5.000000 
-5.000000 
-5.000000 
-5.000000 
-5.000000 
-5.000000 
-5.000000 
-5.000000 
-5.000000 
-5.000000 
-5.000000 
-5.000000 
-5.000000 
-5.000000 
-5.000000 
-5.000000 
-5.000000 
-5.000000 
-5.000000 
-5.000000 
-5.000000 
-5.000000 
-5.000000 
-5.000000 
-5.000000 
-5.000000 
-5.000000 
-5.000000 
-5.000000 
-5.000000 
-5.000000 
-5.000000 
-5.000000 
0.000000 
0.000000 
-5.000000 
-5.000000 
-5.000000 
-5.000000 
-5.000000 
-5.000000 
-5.000000 
-5.000000 
-5.000000 
-5.000000 
-5.000000 
-5.000000 
-5.000000 
-5.000000 
-5.000000 
-5.000000 
-5.000000 
-5.000000 
-5.000000 
-5.000000 
-5.000000 
-5.000000 
-5.000000 
-5.000000 
-5.000000 
-5.000000 
-5.000000 
-5.000000 
-5.000000 
-5.000000 
-5.000000 
-5.000000 
-5.000000 
-5.000000 
-5.000000 
-5.000000 
-5.000000 
-5.000000 
-5.000000 
-5.000000 
-5.000000 
-5.000000 
-5.000000 
-5.000000 
-5.000000 
-5.000000 
-5.000000 
-5.000000 
-5.000000 
-5.000000 
-5.000000 
-5.000000 
-5.000000 
-5.000000 
-5.000000 
-5.000000 
-5.000000 
-5.000000 
0.000000 
-5.000000 
-5.000000 
-5.000000 
-5.000000 
-5.000000 
-5.000000 
-5.000000 
-5.000000 
-5.000000 
-5.000000 
-5.000000 
-5.000000 
-5.000000 
-5.000000 
-5.000000 
-5.000000 
-5.000000 
-5.000000 
-5.000000 
-5.000000 
-5.000000 
-5.000000 
-5.000000 
-5.000000 
-5.000000 
-5.000000 
-5.000000 
-5.000000 
-5.000000 
-5.000000 
-5.000000 
-5.000000 
-5.000000 
-5.000000 
-5.000000 
-5.000000 
-5.000000 
-5.000000 
-5.000000 
-5.000000 
-5.000000 
-5.000000 
-5.000000 
-5.000000 
-5.000000 
-5.000000 
-5.000000 
-5.000000 
-5.000000 
-5.000000 
-5.000000 
-5.000000 
-5.000000 
-5.000000 
-5.000000 
-5.000000 
-5.000000 
-5.000000 
-5.000000 
-5.000000 
-5.000000 
-5.000000 
-5.000000 
-5.000000 
-5.000000 
-5.000000 
-5.000000 
-5.000000 
-5.000000 
-5.000000 
-5.000000 
-5.000000 
-5.000000 
-5.000000 
-5.000000 
-5.000000 
-5.000000 
-5.000000 
-5.000000 
-5.000000 
-5.000000 
-5.000000 
-5.000000 
-5.000000 
-5.000000 
-5.000000 
-5.000000 
-5.000000 
-5.000000 
-5.000000 
-5.000000 
-5.000000 
-5.000000 
-5.000000 
-5.000000 
-5.000000 
-5.000000 
-5.000000 
-5.000000 
-5.000000 
-5.000000 
-5.000000 
-5.000000 
-5.000000 
-5.000000 
-5.000000 
-5.000000 
-5.000000 
-5.000000 
-5.000000 
-5.000000 
-5.000000 
-5.000000 
-5.000000 
-5.000000 
-5.000000 
-5.000000 
-5.000000 
-5.000000 
