# z = ,(t = 16)
0.009241 
0.018419 
0.027469 
0.036329 
0.044940 
0.053242 
0.061182 
0.068707 
0.075768 
0.082324 
0.088334 
0.093764 
0.098587 
0.102779 
0.106323 
0.109207 
0.111426 
0.112981 
0.113877 
0.114126 
0.113746 
0.112760 
0.111194 
0.109082 
0.106459 
0.103365 
0.099844 
0.095941 
0.091705 
0.087186 
0.082434 
0.077500 
0.072436 
0.067292 
0.062118 
0.056961 
0.051867 
0.046878 
0.042035 
0.037372 
0.032924 
0.028717 
0.024777 
0.021122 
0.017768 
0.014725 
0.011997 
0.009587 
0.007489 
0.005696 
0.004196 
0.002970 
0.002000 
0.001261 
0.000726 
0.000365 
0.000147 
0.000037 
0.000000 
-5.000000 
0.018407 
0.036686 
0.054712 
0.072359 
0.089509 
0.106045 
0.121857 
0.136841 
0.150903 
0.163956 
0.175921 
0.186732 
0.196330 
0.204671 
0.211720 
0.217455 
0.221863 
0.224947 
0.226717 
0.227199 
0.226427 
0.224446 
0.221311 
0.217085 
0.211842 
0.205661 
0.198629 
0.190837 
0.182381 
0.173361 
0.163878 
0.154033 
0.143931 
0.133670 
0.123350 
0.113066 
0.102909 
0.092963 
0.083309 
0.074018 
0.065156 
0.056778 
0.048933 
0.041659 
0.034987 
0.028936 
0.023517 
0.018733 
0.014574 
0.011025 
0.008060 
0.005646 
0.003743 
0.002301 
0.001267 
0.000583 
0.000183 
0.000000 
-5.000000 
-5.000000 
0.027422 
0.054653 
0.081506 
0.107796 
0.133342 
0.157972 
0.181523 
0.203839 
0.224780 
0.244213 
0.262025 
0.278114 
0.292396 
0.304801 
0.315279 
0.323795 
0.330334 
0.334896 
0.337500 
0.338181 
0.336992 
0.333999 
0.329285 
0.322946 
0.315089 
0.305835 
0.295311 
0.283656 
0.271011 
0.257527 
0.243354 
0.228645 
0.213554 
0.198230 
0.182821 
0.167469 
0.152310 
0.137472 
0.123073 
0.109221 
0.096012 
0.083532 
0.071853 
0.061031 
0.051112 
0.042126 
0.034089 
0.027002 
0.020856 
0.015623 
0.011267 
0.007738 
0.004973 
0.002902 
0.001444 
0.000508 
0.000000 
-5.000000 
-5.000000 
-5.000000 
0.036213 
0.072175 
0.107635 
0.142350 
0.176082 
0.208602 
0.239692 
0.269150 
0.296787 
0.322431 
0.345928 
0.367146 
0.385972 
0.402315 
0.416108 
0.427305 
0.435886 
0.441851 
0.445226 
0.446058 
0.444414 
0.440386 
0.434081 
0.425626 
0.415165 
0.402857 
0.388871 
0.373391 
0.356605 
0.338711 
0.319911 
0.300406 
0.280399 
0.260091 
0.239677 
0.219346 
0.199278 
0.179642 
0.160595 
0.142281 
0.124828 
0.108349 
0.092939 
0.078675 
0.065615 
0.053801 
0.043252 
0.033972 
0.025945 
0.019137 
0.013499 
0.008962 
0.005445 
0.002853 
0.001078 
0.000000 
-5.000000 
-5.000000 
-5.000000 
-5.000000 
0.044711 
0.089111 
0.132890 
0.175746 
0.217386 
0.257525 
0.295895 
0.332244 
0.366339 
0.397967 
0.426938 
0.453087 
0.476276 
0.496391 
0.513350 
0.527096 
0.537604 
0.544874 
0.548939 
0.549855 
0.547710 
0.542613 
0.534700 
0.524128 
0.511075 
0.495739 
0.478330 
0.459075 
0.438210 
0.415979 
0.392632 
0.368420 
0.343597 
0.318409 
0.293101 
0.267906 
0.243048 
0.218739 
0.195172 
0.172528 
0.150964 
0.130622 
0.111619 
0.094050 
0.077990 
0.063487 
0.050567 
0.039235 
0.029469 
0.021228 
0.014449 
0.009047 
0.004920 
0.001950 
0.000000 
-5.000000 
-5.000000 
-5.000000 
-5.000000 
-5.000000 
0.052849 
0.105328 
0.157072 
0.207722 
0.256928 
0.304355 
0.349686 
0.392619 
0.432880 
0.470215 
0.504400 
0.535239 
0.562567 
0.586252 
0.606194 
0.622326 
0.634619 
0.643074 
0.647728 
0.648650 
0.645943 
0.639738 
0.630197 
0.617506 
0.601877 
0.583544 
0.562760 
0.539793 
0.514924 
0.488444 
0.460650 
0.431843 
0.402322 
0.372383 
0.342315 
0.312399 
0.282900 
0.254070 
0.226141 
0.199327 
0.173816 
0.149776 
0.127348 
0.106645 
0.087754 
0.070735 
0.055618 
0.042406 
0.031076 
0.021575 
0.013829 
0.007737 
0.003175 
0.000000 
-5.000000 
-5.000000 
-5.000000 
-5.000000 
-5.000000 
-5.000000 
0.060564 
0.120703 
0.179996 
0.238031 
0.294405 
0.348733 
0.400648 
0.449807 
0.495890 
0.538608 
0.577703 
0.612948 
0.644155 
0.671171 
0.693881 
0.712209 
0.726121 
0.735619 
0.740745 
0.741581 
0.738243 
0.730885 
0.719691 
0.704878 
0.686691 
0.665400 
0.641296 
0.614690 
0.585906 
0.555281 
0.523158 
0.489884 
0.455806 
0.421266 
0.386599 
0.352128 
0.318162 
0.284990 
0.252883 
0.222087 
0.192821 
0.165278 
0.139622 
0.115983 
0.094463 
0.075129 
0.058017 
0.043129 
0.030437 
0.019881 
0.011372 
0.004793 
0.000000 
-5.000000 
-5.000000 
-5.000000 
-5.000000 
-5.000000 
-5.000000 
-5.000000 
0.067800 
0.135122 
0.201494 
0.266449 
0.329538 
0.390326 
0.448401 
0.503376 
0.554894 
0.602627 
0.646285 
0.685616 
0.720405 
0.750482 
0.775716 
0.796025 
0.811368 
0.821748 
0.827215 
0.827858 
0.823812 
0.815247 
0.802374 
0.785438 
0.764714 
0.740507 
0.713147 
0.682985 
0.650388 
0.615736 
0.579417 
0.541824 
0.503348 
0.464378 
0.425292 
0.386456 
0.348219 
0.310910 
0.274834 
0.240270 
0.207466 
0.176642 
0.147981 
0.121633 
0.097710 
0.076290 
0.057412 
0.041078 
0.027255 
0.015875 
0.006835 
0.000000 
-5.000000 
-5.000000 
-5.000000 
-5.000000 
-5.000000 
-5.000000 
-5.000000 
-5.000000 
0.074506 
0.148484 
0.221411 
0.292775 
0.362077 
0.428837 
0.492602 
0.552942 
0.609463 
0.661804 
0.709644 
0.752704 
0.790748 
0.823586 
0.851077 
0.873127 
0.889693 
0.900779 
0.906439 
0.906774 
0.901932 
0.892104 
0.877523 
0.858460 
0.835223 
0.808149 
0.777605 
0.743979 
0.707681 
0.669133 
0.628766 
0.587017 
0.544321 
0.501110 
0.457806 
0.414815 
0.372525 
0.331304 
0.291491 
0.253395 
0.217296 
0.183435 
0.152017 
0.123208 
0.097134 
0.073881 
0.053490 
0.035965 
0.021266 
0.009316 
0.000000 
-5.000000 
-5.000000 
-5.000000 
-5.000000 
-5.000000 
-5.000000 
-5.000000 
-5.000000 
-5.000000 
0.080636 
0.160698 
0.239615 
0.316831 
0.391802 
0.464007 
0.532950 
0.598166 
0.659223 
0.715731 
0.767339 
0.813742 
0.854685 
0.889961 
0.919417 
0.942950 
0.960514 
0.972113 
0.977809 
0.977710 
0.971980 
0.960827 
0.944506 
0.923315 
0.897590 
0.867701 
0.834050 
0.797062 
0.757186 
0.714885 
0.670631 
0.624903 
0.578180 
0.530935 
0.483629 
0.436711 
0.390607 
0.345718 
0.302419 
0.261049 
0.221915 
0.185282 
0.151375 
0.120377 
0.092425 
0.067612 
0.045984 
0.027542 
0.012243 
0.000000 
-5.000000 
-5.000000 
-5.000000 
-5.000000 
-5.000000 
-5.000000 
-5.000000 
-5.000000 
-5.000000 
-5.000000 
0.086153 
0.171688 
0.255993 
0.338468 
0.418529 
0.495614 
0.569192 
0.638760 
0.703857 
0.764060 
0.818994 
0.868330 
0.911794 
0.949164 
0.980273 
1.005014 
1.023336 
1.035246 
1.040808 
1.040142 
1.033425 
1.020882 
1.002789 
0.979469 
0.951285 
0.918638 
0.881963 
0.841722 
0.798400 
0.752498 
0.704529 
0.655013 
0.604469 
0.553409 
0.502336 
0.451734 
0.402068 
0.353774 
0.307257 
0.262888 
0.220998 
0.181875 
0.145766 
0.112866 
0.083326 
0.057244 
0.034671 
0.015606 
0.000000 
-5.000000 
-5.000000 
-5.000000 
-5.000000 
-5.000000 
-5.000000 
-5.000000 
-5.000000 
-5.000000 
-5.000000 
-5.000000 
0.091026 
0.181394 
0.270452 
0.357563 
0.442104 
0.523479 
0.601119 
0.674493 
0.743106 
0.806511 
0.864307 
0.916145 
0.961733 
1.000833 
1.033272 
1.058932 
1.077761 
1.089767 
1.095020 
1.093649 
1.085841 
1.071841 
1.051943 
1.026493 
0.995881 
0.960538 
0.920929 
0.877549 
0.830919 
0.781579 
0.730078 
0.676974 
0.622826 
0.568184 
0.513588 
0.459560 
0.406599 
0.355174 
0.305722 
0.258641 
0.214288 
0.172974 
0.134962 
0.100463 
0.069639 
0.042594 
0.019382 
0.000000 
-5.000000 
-5.000000 
-5.000000 
-5.000000 
-5.000000 
-5.000000 
-5.000000 
-5.000000 
-5.000000 
-5.000000 
-5.000000 
-5.000000 
0.095230 
0.189767 
0.282923 
0.374023 
0.462413 
0.547464 
0.628575 
0.705185 
0.776775 
0.842869 
0.903047 
0.956941 
1.004240 
1.044698 
1.078128 
1.104410 
1.123487 
1.135369 
1.140131 
1.137911 
1.128909 
1.113382 
1.091646 
1.064068 
1.031062 
0.993086 
0.950636 
0.904238 
0.854448 
0.801838 
0.746995 
0.690513 
0.632987 
0.575005 
0.517142 
0.459955 
0.403976 
0.349706 
0.297612 
0.248119 
0.201607 
0.158409 
0.118805 
0.083021 
0.051227 
0.023535 
0.000000 
-5.000000 
-5.000000 
-5.000000 
-5.000000 
-5.000000 
-5.000000 
-5.000000 
-5.000000 
-5.000000 
-5.000000 
-5.000000 
-5.000000 
-5.000000 
0.098751 
0.196776 
0.293356 
0.387785 
0.479378 
0.567476 
0.651452 
0.730717 
0.804728 
0.872989 
0.935058 
0.990550 
1.039142 
1.080573 
1.114651 
1.141250 
1.160310 
1.171845 
1.175932 
1.172718 
1.162414 
1.145293 
1.121687 
1.091983 
1.056619 
1.016079 
0.970885 
0.921596 
0.868796 
0.813091 
0.755103 
0.695460 
0.634790 
0.573717 
0.512850 
0.452778 
0.394067 
0.337246 
0.282811 
0.231212 
0.182854 
0.138087 
0.097209 
0.060459 
0.028017 
0.000000 
-5.000000 
-5.000000 
-5.000000 
-5.000000 
-5.000000 
-5.000000 
-5.000000 
-5.000000 
-5.000000 
-5.000000 
-5.000000 
-5.000000 
-5.000000 
-5.000000 
0.101579 
0.202403 
0.301726 
0.398814 
0.492956 
0.583465 
0.669692 
0.751024 
0.826896 
0.896793 
0.960256 
1.016885 
1.066344 
1.108364 
1.142743 
1.169351 
1.188129 
1.199090 
1.202317 
1.197964 
1.186253 
1.167470 
1.141963 
1.110139 
1.072457 
1.029424 
0.981589 
0.929537 
0.873883 
0.815264 
0.754332 
0.691748 
0.628173 
0.564263 
0.500660 
0.437985 
0.376830 
0.317758 
0.261287 
0.207894 
0.158004 
0.111988 
0.070158 
0.032766 
0.000000 
-5.000000 
-5.000000 
-5.000000 
-5.000000 
-5.000000 
-5.000000 
-5.000000 
-5.000000 
-5.000000 
-5.000000 
-5.000000 
-5.000000 
-5.000000 
-5.000000 
-5.000000 
0.103712 
0.206646 
0.308030 
0.407106 
0.503140 
0.595425 
0.683288 
0.766097 
0.843270 
0.914273 
0.978633 
1.035938 
1.085840 
1.128062 
1.162396 
1.188708 
1.206939 
1.217102 
1.219286 
1.213652 
1.200431 
1.179921 
1.152486 
1.118550 
1.078592 
1.033140 
0.982768 
0.928087 
0.869738 
0.808387 
0.744716 
0.679415 
0.613178 
0.546690 
0.480621 
0.415624 
0.352319 
0.291295 
0.233097 
0.178222 
0.127118 
0.080171 
0.037711 
0.000000 
-5.000000 
-5.000000 
-5.000000 
-5.000000 
-5.000000 
-5.000000 
-5.000000 
-5.000000 
-5.000000 
-5.000000 
-5.000000 
-5.000000 
-5.000000 
-5.000000 
-5.000000 
-5.000000 
0.105158 
0.209517 
0.312284 
0.412684 
0.509962 
0.603390 
0.692280 
0.775984 
0.853901 
0.925486 
0.990252 
1.047776 
1.097702 
1.139745 
1.173692 
1.199408 
1.216831 
1.225978 
1.226940 
1.219886 
1.205055 
1.182758 
1.153371 
1.117335 
1.075146 
1.027353 
0.974552 
0.917377 
0.856495 
0.792598 
0.726395 
0.658605 
0.589948 
0.521138 
0.452876 
0.385840 
0.320678 
0.258001 
0.198381 
0.142336 
0.090331 
0.042772 
0.000000 
-5.000000 
-5.000000 
-5.000000 
-5.000000 
-5.000000 
-5.000000 
-5.000000 
-5.000000 
-5.000000 
-5.000000 
-5.000000 
-5.000000 
-5.000000 
-5.000000 
-5.000000 
-5.000000 
-5.000000 
0.105928 
0.211040 
0.314529 
0.415600 
0.513483 
0.607437 
0.696757 
0.780782 
0.858900 
0.930553 
0.995244 
1.052541 
1.102082 
1.143574 
1.176803 
1.201629 
1.217992 
1.225910 
1.225479 
1.216872 
1.200339 
1.176198 
1.144841 
1.106720 
1.062350 
1.012298 
0.957178 
0.897647 
0.834395 
0.768138 
0.699610 
0.629556 
0.558723 
0.487850 
0.417665 
0.348869 
0.282138 
0.218107 
0.157366 
0.100457 
0.047861 
0.000000 
-5.000000 
-5.000000 
-5.000000 
-5.000000 
-5.000000 
-5.000000 
-5.000000 
-5.000000 
-5.000000 
-5.000000 
-5.000000 
-5.000000 
-5.000000 
-5.000000 
-5.000000 
-5.000000 
-5.000000 
-5.000000 
0.106042 
0.211256 
0.314820 
0.415928 
0.513798 
0.607677 
0.696848 
0.780641 
0.858431 
0.929654 
0.993805 
1.050444 
1.099203 
1.139787 
1.171977 
1.195633 
1.210694 
1.217181 
1.215194 
1.204911 
1.186588 
1.160556 
1.127215 
1.087031 
1.040533 
0.988305 
0.930980 
0.869234 
0.803776 
0.735346 
0.664701 
0.592608 
0.519839 
0.447158 
0.375315 
0.305038 
0.237022 
0.171926 
0.110361 
0.052886 
0.000000 
-5.000000 
-5.000000 
-5.000000 
-5.000000 
-5.000000 
-5.000000 
-5.000000 
-5.000000 
-5.000000 
-5.000000 
-5.000000 
-5.000000 
-5.000000 
-5.000000 
-5.000000 
-5.000000 
-5.000000 
-5.000000 
-5.000000 
0.105526 
0.210214 
0.313234 
0.413771 
0.511033 
0.604260 
0.692726 
0.775753 
0.852711 
0.923028 
0.986193 
1.041762 
1.089362 
1.128696 
1.159542 
1.181761 
1.195293 
1.200160 
1.196465 
1.184392 
1.164204 
1.136239 
1.100907 
1.058687 
1.010121 
0.955805 
0.896391 
0.832570 
0.765072 
0.694656 
0.622098 
0.548190 
0.473723 
0.399484 
0.326245 
0.254756 
0.185733 
0.119855 
0.057752 
0.000000 
-5.000000 
-5.000000 
-5.000000 
-5.000000 
-5.000000 
-5.000000 
-5.000000 
-5.000000 
-5.000000 
-5.000000 
-5.000000 
-5.000000 
-5.000000 
-5.000000 
-5.000000 
-5.000000 
-5.000000 
-5.000000 
-5.000000 
-5.000000 
0.104410 
0.207976 
0.309863 
0.409250 
0.505340 
0.597366 
0.684600 
0.766357 
0.842003 
0.910962 
0.972720 
1.026829 
1.072914 
1.110677 
1.139896 
1.160430 
1.172220 
1.175292 
1.169751 
1.155787 
1.133668 
1.103739 
1.066418 
1.022196 
0.971624 
0.915313 
0.853927 
0.788175 
0.718803 
0.646586 
0.572321 
0.496816 
0.420884 
0.345333 
0.270953 
0.198514 
0.128753 
0.062366 
0.000000 
-5.000000 
-5.000000 
-5.000000 
-5.000000 
-5.000000 
-5.000000 
-5.000000 
-5.000000 
-5.000000 
-5.000000 
-5.000000 
-5.000000 
-5.000000 
-5.000000 
-5.000000 
-5.000000 
-5.000000 
-5.000000 
-5.000000 
-5.000000 
-5.000000 
0.102730 
0.204614 
0.304814 
0.402507 
0.496894 
0.587206 
0.672713 
0.752726 
0.826612 
0.893791 
0.953748 
1.006034 
1.050275 
1.086170 
1.113498 
1.132118 
1.141975 
1.143094 
1.135586 
1.119643 
1.095538 
1.063624 
1.024326 
0.978142 
0.925634 
0.867425 
0.804190 
0.736651 
0.665570 
0.591736 
0.515964 
0.439079 
0.361911 
0.285285 
0.210012 
0.136877 
0.066635 
0.000000 
-5.000000 
-5.000000 
-5.000000 
-5.000000 
-5.000000 
-5.000000 
-5.000000 
-5.000000 
-5.000000 
-5.000000 
-5.000000 
-5.000000 
-5.000000 
-5.000000 
-5.000000 
-5.000000 
-5.000000 
-5.000000 
-5.000000 
-5.000000 
-5.000000 
-5.000000 
0.100526 
0.200208 
0.298207 
0.393701 
0.485894 
0.574015 
0.657335 
0.735168 
0.806878 
0.871888 
0.929683 
0.979815 
1.021908 
1.055664 
1.080863 
1.097366 
1.105117 
1.104146 
1.094565 
1.076570 
1.050440 
1.016532 
0.975277 
0.927181 
0.872814 
0.812807 
0.747848 
0.678669 
0.606044 
0.530778 
0.453697 
0.375643 
0.297461 
0.219992 
0.144063 
0.070475 
0.000000 
-5.000000 
-5.000000 
-5.000000 
-5.000000 
-5.000000 
-5.000000 
-5.000000 
-5.000000 
-5.000000 
-5.000000 
-5.000000 
-5.000000 
-5.000000 
-5.000000 
-5.000000 
-5.000000 
-5.000000 
-5.000000 
-5.000000 
-5.000000 
-5.000000 
-5.000000 
-5.000000 
0.097843 
0.194845 
0.290172 
0.383007 
0.472554 
0.558049 
0.638765 
0.714018 
0.783176 
0.845664 
0.900969 
0.948645 
0.988320 
1.019696 
1.042554 
1.056759 
1.062256 
1.059077 
1.047338 
1.027237 
0.999057 
0.963158 
0.919979 
0.870029 
0.813886 
0.752190 
0.685635 
0.614964 
0.540962 
0.464444 
0.386249 
0.307233 
0.228253 
0.150164 
0.073808 
0.000000 
-5.000000 
-5.000000 
-5.000000 
-5.000000 
-5.000000 
-5.000000 
-5.000000 
-5.000000 
-5.000000 
-5.000000 
-5.000000 
-5.000000 
-5.000000 
-5.000000 
-5.000000 
-5.000000 
-5.000000 
-5.000000 
-5.000000 
-5.000000 
-5.000000 
-5.000000 
-5.000000 
-5.000000 
0.094727 
0.188619 
0.280850 
0.370608 
0.457105 
0.539582 
0.617318 
0.689633 
0.755902 
0.815554 
0.868078 
0.913034 
0.950052 
0.978836 
0.999172 
1.010925 
1.014045 
1.008564 
0.994601 
0.972358 
0.942118 
0.904248 
0.859188 
0.807453 
0.749626 
0.686353 
0.618335 
0.546323 
0.471110 
0.393520 
0.314404 
0.234627 
0.155058 
0.076565 
0.000000 
-5.000000 
-5.000000 
-5.000000 
-5.000000 
-5.000000 
-5.000000 
-5.000000 
-5.000000 
-5.000000 
-5.000000 
-5.000000 
-5.000000 
-5.000000 
-5.000000 
-5.000000 
-5.000000 
-5.000000 
-5.000000 
-5.000000 
-5.000000 
-5.000000 
-5.000000 
-5.000000 
-5.000000 
-5.000000 
0.091226 
0.181627 
0.270386 
0.356700 
0.439789 
0.518902 
0.593326 
0.662391 
0.725476 
0.782016 
0.831508 
0.873515 
0.907671 
0.933687 
0.951349 
0.960526 
0.961170 
0.953316 
0.937086 
0.912682 
0.880393 
0.840584 
0.793700 
0.740259 
0.680849 
0.616118 
0.546775 
0.473575 
0.397318 
0.318836 
0.238987 
0.158646 
0.078691 
0.000000 
-5.000000 
-5.000000 
-5.000000 
-5.000000 
-5.000000 
-5.000000 
-5.000000 
-5.000000 
-5.000000 
-5.000000 
-5.000000 
-5.000000 
-5.000000 
-5.000000 
-5.000000 
-5.000000 
-5.000000 
-5.000000 
-5.000000 
-5.000000 
-5.000000 
-5.000000 
-5.000000 
-5.000000 
-5.000000 
-5.000000 
0.087393 
0.173972 
0.258933 
0.341483 
0.420853 
0.496305 
0.567134 
0.632678 
0.692327 
0.745523 
0.791771 
0.830638 
0.861766 
0.884868 
0.899736 
0.906241 
0.904340 
0.894068 
0.875549 
0.848989 
0.814675 
0.772977 
0.724340 
0.669285 
0.608400 
0.542340 
0.471813 
0.397581 
0.320448 
0.241252 
0.160858 
0.080144 
0.000000 
-5.000000 
-5.000000 
-5.000000 
-5.000000 
-5.000000 
-5.000000 
-5.000000 
-5.000000 
-5.000000 
-5.000000 
-5.000000 
-5.000000 
-5.000000 
-5.000000 
-5.000000 
-5.000000 
-5.000000 
-5.000000 
-5.000000 
-5.000000 
-5.000000 
-5.000000 
-5.000000 
-5.000000 
-5.000000 
-5.000000 
-5.000000 
0.083278 
0.165756 
0.246643 
0.325160 
0.400553 
0.472093 
0.539089 
0.600891 
0.656897 
0.706559 
0.749389 
0.784966 
0.812934 
0.833013 
0.844999 
0.848768 
0.844278 
0.831569 
0.810764 
0.782071 
0.745779 
0.702256 
0.651952 
0.595385 
0.533146 
0.465890 
0.394329 
0.319225 
0.241387 
0.161655 
0.080897 
0.000000 
-5.000000 
-5.000000 
-5.000000 
-5.000000 
-5.000000 
-5.000000 
-5.000000 
-5.000000 
-5.000000 
-5.000000 
-5.000000 
-5.000000 
-5.000000 
-5.000000 
-5.000000 
-5.000000 
-5.000000 
-5.000000 
-5.000000 
-5.000000 
-5.000000 
-5.000000 
-5.000000 
-5.000000 
-5.000000 
-5.000000 
-5.000000 
-5.000000 
0.078933 
0.157082 
0.233671 
0.307939 
0.379143 
0.446571 
0.509544 
0.567426 
0.619625 
0.665606 
0.704890 
0.737063 
0.761777 
0.778758 
0.787809 
0.788807 
0.781715 
0.766574 
0.743510 
0.712730 
0.674523 
0.629260 
0.577387 
0.519424 
0.455961 
0.387653 
0.315212 
0.239401 
0.161028 
0.080938 
0.000000 
-5.000000 
-5.000000 
-5.000000 
-5.000000 
-5.000000 
-5.000000 
-5.000000 
-5.000000 
-5.000000 
-5.000000 
-5.000000 
-5.000000 
-5.000000 
-5.000000 
-5.000000 
-5.000000 
-5.000000 
-5.000000 
-5.000000 
-5.000000 
-5.000000 
-5.000000 
-5.000000 
-5.000000 
-5.000000 
-5.000000 
-5.000000 
-5.000000 
-5.000000 
0.074410 
0.148053 
0.220172 
0.290021 
0.356876 
0.420039 
0.478847 
0.532677 
0.580952 
0.623148 
0.658796 
0.687491 
0.708894 
0.722739 
0.728831 
0.727056 
0.717376 
0.699836 
0.674562 
0.641762 
0.601727 
0.554823 
0.501496 
0.442266 
0.377720 
0.308512 
0.235351 
0.159002 
0.080270 
0.000000 
-5.000000 
-5.000000 
-5.000000 
-5.000000 
-5.000000 
-5.000000 
-5.000000 
-5.000000 
-5.000000 
-5.000000 
-5.000000 
-5.000000 
-5.000000 
-5.000000 
-5.000000 
-5.000000 
-5.000000 
-5.000000 
-5.000000 
-5.000000 
-5.000000 
-5.000000 
-5.000000 
-5.000000 
-5.000000 
-5.000000 
-5.000000 
-5.000000 
-5.000000 
-5.000000 
0.069758 
0.138770 
0.206295 
0.271607 
0.334000 
0.392793 
0.447340 
0.497033 
0.541309 
0.579656 
0.611619 
0.636801 
0.654874 
0.665577 
0.668723 
0.664200 
0.651975 
0.632094 
0.604685 
0.569956 
0.528195 
0.479768 
0.425118 
0.364762 
0.299286 
0.229338 
0.155627 
0.078913 
0.000000 
-5.000000 
-5.000000 
-5.000000 
-5.000000 
-5.000000 
-5.000000 
-5.000000 
-5.000000 
-5.000000 
-5.000000 
-5.000000 
-5.000000 
-5.000000 
-5.000000 
-5.000000 
-5.000000 
-5.000000 
-5.000000 
-5.000000 
-5.000000 
-5.000000 
-5.000000 
-5.000000 
-5.000000 
-5.000000 
-5.000000 
-5.000000 
-5.000000 
-5.000000 
-5.000000 
-5.000000 
0.065028 
0.129331 
0.192187 
0.252892 
0.310757 
0.365121 
0.415355 
0.460868 
0.501113 
0.535591 
0.563858 
0.585530 
0.600288 
0.607878 
0.608120 
0.600906 
0.586207 
0.564070 
0.534625 
0.498077 
0.454713 
0.404898 
0.349071 
0.287746 
0.221502 
0.150985 
0.076900 
0.000000 
-5.000000 
-5.000000 
-5.000000 
-5.000000 
-5.000000 
-5.000000 
-5.000000 
-5.000000 
-5.000000 
-5.000000 
-5.000000 
-5.000000 
-5.000000 
-5.000000 
-5.000000 
-5.000000 
-5.000000 
-5.000000 
-5.000000 
-5.000000 
-5.000000 
-5.000000 
-5.000000 
-5.000000 
-5.000000 
-5.000000 
-5.000000 
-5.000000 
-5.000000 
-5.000000 
-5.000000 
-5.000000 
0.060266 
0.119828 
0.177988 
0.234060 
0.287377 
0.337297 
0.383211 
0.424545 
0.460766 
0.491392 
0.515992 
0.534193 
0.545685 
0.550224 
0.547635 
0.537816 
0.520740 
0.496458 
0.465096 
0.426862 
0.382039 
0.330988 
0.274145 
0.212018 
0.145182 
0.074277 
0.000000 
-5.000000 
-5.000000 
-5.000000 
-5.000000 
-5.000000 
-5.000000 
-5.000000 
-5.000000 
-5.000000 
-5.000000 
-5.000000 
-5.000000 
-5.000000 
-5.000000 
-5.000000 
-5.000000 
-5.000000 
-5.000000 
-5.000000 
-5.000000 
-5.000000 
-5.000000 
-5.000000 
-5.000000 
-5.000000 
-5.000000 
-5.000000 
-5.000000 
-5.000000 
-5.000000 
-5.000000 
-5.000000 
-5.000000 
0.055517 
0.110352 
0.163830 
0.215287 
0.264079 
0.309584 
0.351210 
0.388403 
0.420649 
0.447478 
0.468474 
0.483278 
0.491587 
0.493168 
0.487851 
0.475540 
0.456211 
0.429916 
0.396781 
0.357013 
0.310892 
0.258775 
0.201092 
0.138346 
0.071104 
0.000000 
-5.000000 
-5.000000 
-5.000000 
-5.000000 
-5.000000 
-5.000000 
-5.000000 
-5.000000 
-5.000000 
-5.000000 
-5.000000 
-5.000000 
-5.000000 
-5.000000 
-5.000000 
-5.000000 
-5.000000 
-5.000000 
-5.000000 
-5.000000 
-5.000000 
-5.000000 
-5.000000 
-5.000000 
-5.000000 
-5.000000 
-5.000000 
-5.000000 
-5.000000 
-5.000000 
-5.000000 
-5.000000 
-5.000000 
-5.000000 
0.050821 
0.100985 
0.149838 
0.196740 
0.241069 
0.282224 
0.319635 
0.352765 
0.381118 
0.404241 
0.421731 
0.433242 
0.438483 
0.437227 
0.429313 
0.414650 
0.393216 
0.365064 
0.330322 
0.289192 
0.241952 
0.188953 
0.130621 
0.067450 
0.000000 
-5.000000 
-5.000000 
-5.000000 
-5.000000 
-5.000000 
-5.000000 
-5.000000 
-5.000000 
-5.000000 
-5.000000 
-5.000000 
-5.000000 
-5.000000 
-5.000000 
-5.000000 
-5.000000 
-5.000000 
-5.000000 
-5.000000 
-5.000000 
-5.000000 
-5.000000 
-5.000000 
-5.000000 
-5.000000 
-5.000000 
-5.000000 
-5.000000 
-5.000000 
-5.000000 
-5.000000 
-5.000000 
-5.000000 
-5.000000 
-5.000000 
0.046219 
0.091803 
0.136126 
0.178571 
0.218536 
0.255445 
0.288747 
0.317926 
0.342503 
0.362043 
0.376157 
0.384510 
0.386824 
0.382882 
0.372528 
0.355676 
0.332308 
0.302477 
0.266311 
0.224010 
0.175846 
0.122167 
0.063390 
0.000000 
-5.000000 
-5.000000 
-5.000000 
-5.000000 
-5.000000 
-5.000000 
-5.000000 
-5.000000 
-5.000000 
-5.000000 
-5.000000 
-5.000000 
-5.000000 
-5.000000 
-5.000000 
-5.000000 
-5.000000 
-5.000000 
-5.000000 
-5.000000 
-5.000000 
-5.000000 
-5.000000 
-5.000000 
-5.000000 
-5.000000 
-5.000000 
-5.000000 
-5.000000 
-5.000000 
-5.000000 
-5.000000 
-5.000000 
-5.000000 
-5.000000 
-5.000000 
0.041743 
0.082878 
0.122800 
0.160917 
0.196653 
0.229452 
0.258785 
0.284157 
0.305106 
0.321214 
0.332109 
0.337468 
0.337025 
0.330570 
0.317956 
0.299101 
0.273991 
0.242680 
0.205293 
0.162027 
0.113152 
0.059006 
0.000000 
-5.000000 
-5.000000 
-5.000000 
-5.000000 
-5.000000 
-5.000000 
-5.000000 
-5.000000 
-5.000000 
-5.000000 
-5.000000 
-5.000000 
-5.000000 
-5.000000 
-5.000000 
-5.000000 
-5.000000 
-5.000000 
-5.000000 
-5.000000 
-5.000000 
-5.000000 
-5.000000 
-5.000000 
-5.000000 
-5.000000 
-5.000000 
-5.000000 
-5.000000 
-5.000000 
-5.000000 
-5.000000 
-5.000000 
-5.000000 
-5.000000 
-5.000000 
-5.000000 
0.037427 
0.074271 
0.109952 
0.143904 
0.175574 
0.204429 
0.229962 
0.251697 
0.269194 
0.282050 
0.289909 
0.292462 
0.289454 
0.280683 
0.266011 
0.245361 
0.218719 
0.186142 
0.147753 
0.103746 
0.054384 
0.000000 
-5.000000 
-5.000000 
-5.000000 
-5.000000 
-5.000000 
-5.000000 
-5.000000 
-5.000000 
-5.000000 
-5.000000 
-5.000000 
-5.000000 
-5.000000 
-5.000000 
-5.000000 
-5.000000 
-5.000000 
-5.000000 
-5.000000 
-5.000000 
-5.000000 
-5.000000 
-5.000000 
-5.000000 
-5.000000 
-5.000000 
-5.000000 
-5.000000 
-5.000000 
-5.000000 
-5.000000 
-5.000000 
-5.000000 
-5.000000 
-5.000000 
-5.000000 
-5.000000 
-5.000000 
0.033297 
0.066037 
0.097666 
0.127642 
0.155435 
0.180538 
0.202465 
0.220762 
0.235006 
0.244813 
0.249842 
0.249798 
0.244437 
0.233568 
0.217059 
0.194836 
0.166891 
0.133280 
0.094123 
0.049611 
0.000000 
-5.000000 
-5.000000 
-5.000000 
-5.000000 
-5.000000 
-5.000000 
-5.000000 
-5.000000 
-5.000000 
-5.000000 
-5.000000 
-5.000000 
-5.000000 
-5.000000 
-5.000000 
-5.000000 
-5.000000 
-5.000000 
-5.000000 
-5.000000 
-5.000000 
-5.000000 
-5.000000 
-5.000000 
-5.000000 
-5.000000 
-5.000000 
-5.000000 
-5.000000 
-5.000000 
-5.000000 
-5.000000 
-5.000000 
-5.000000 
-5.000000 
-5.000000 
-5.000000 
-5.000000 
-5.000000 
0.029378 
0.058224 
0.086012 
0.112223 
0.136354 
0.157919 
0.176457 
0.191533 
0.202744 
0.209725 
0.212149 
0.209737 
0.202254 
0.189521 
0.171410 
0.147856 
0.118850 
0.084448 
0.044770 
0.000000 
-5.000000 
-5.000000 
-5.000000 
-5.000000 
-5.000000 
-5.000000 
-5.000000 
-5.000000 
-5.000000 
-5.000000 
-5.000000 
-5.000000 
-5.000000 
-5.000000 
-5.000000 
-5.000000 
-5.000000 
-5.000000 
-5.000000 
-5.000000 
-5.000000 
-5.000000 
-5.000000 
-5.000000 
-5.000000 
-5.000000 
-5.000000 
-5.000000 
-5.000000 
-5.000000 
-5.000000 
-5.000000 
-5.000000 
-5.000000 
-5.000000 
-5.000000 
-5.000000 
-5.000000 
-5.000000 
-5.000000 
0.025689 
0.050872 
0.075048 
0.097726 
0.118427 
0.136688 
0.152071 
0.164162 
0.172578 
0.176972 
0.177034 
0.172496 
0.163138 
0.148788 
0.129327 
0.104693 
0.074880 
0.039943 
0.000000 
-5.000000 
-5.000000 
-5.000000 
-5.000000 
-5.000000 
-5.000000 
-5.000000 
-5.000000 
-5.000000 
-5.000000 
-5.000000 
-5.000000 
-5.000000 
-5.000000 
-5.000000 
-5.000000 
-5.000000 
-5.000000 
-5.000000 
-5.000000 
-5.000000 
-5.000000 
-5.000000 
-5.000000 
-5.000000 
-5.000000 
-5.000000 
-5.000000 
-5.000000 
-5.000000 
-5.000000 
-5.000000 
-5.000000 
-5.000000 
-5.000000 
-5.000000 
-5.000000 
-5.000000 
-5.000000 
-5.000000 
-5.000000 
0.022245 
0.044011 
0.064823 
0.084215 
0.101732 
0.116937 
0.129414 
0.138771 
0.144644 
0.146704 
0.144657 
0.138251 
0.127274 
0.111567 
0.091016 
0.065564 
0.035207 
0.000000 
-5.000000 
-5.000000 
-5.000000 
-5.000000 
-5.000000 
-5.000000 
-5.000000 
-5.000000 
-5.000000 
-5.000000 
-5.000000 
-5.000000 
-5.000000 
-5.000000 
-5.000000 
-5.000000 
-5.000000 
-5.000000 
-5.000000 
-5.000000 
-5.000000 
-5.000000 
-5.000000 
-5.000000 
-5.000000 
-5.000000 
-5.000000 
-5.000000 
-5.000000 
-5.000000 
-5.000000 
-5.000000 
-5.000000 
-5.000000 
-5.000000 
-5.000000 
-5.000000 
-5.000000 
-5.000000 
-5.000000 
-5.000000 
-5.000000 
0.019059 
0.037666 
0.055371 
0.071735 
0.086328 
0.098737 
0.108568 
0.115451 
0.119043 
0.119032 
0.115141 
0.107130 
0.094802 
0.078004 
0.056632 
0.030631 
0.000000 
-5.000000 
-5.000000 
-5.000000 
-5.000000 
-5.000000 
-5.000000 
-5.000000 
-5.000000 
-5.000000 
-5.000000 
-5.000000 
-5.000000 
-5.000000 
-5.000000 
-5.000000 
-5.000000 
-5.000000 
-5.000000 
-5.000000 
-5.000000 
-5.000000 
-5.000000 
-5.000000 
-5.000000 
-5.000000 
-5.000000 
-5.000000 
-5.000000 
-5.000000 
-5.000000 
-5.000000 
-5.000000 
-5.000000 
-5.000000 
-5.000000 
-5.000000 
-5.000000 
-5.000000 
-5.000000 
-5.000000 
-5.000000 
-5.000000 
-5.000000 
0.016139 
0.031852 
0.046718 
0.060320 
0.072255 
0.082134 
0.089587 
0.094265 
0.095844 
0.094031 
0.088565 
0.079221 
0.065812 
0.048197 
0.026276 
0.000000 
-5.000000 
-5.000000 
-5.000000 
-5.000000 
-5.000000 
-5.000000 
-5.000000 
-5.000000 
-5.000000 
-5.000000 
-5.000000 
-5.000000 
-5.000000 
-5.000000 
-5.000000 
-5.000000 
-5.000000 
-5.000000 
-5.000000 
-5.000000 
-5.000000 
-5.000000 
-5.000000 
-5.000000 
-5.000000 
-5.000000 
-5.000000 
-5.000000 
-5.000000 
-5.000000 
-5.000000 
-5.000000 
-5.000000 
-5.000000 
-5.000000 
-5.000000 
-5.000000 
-5.000000 
-5.000000 
-5.000000 
-5.000000 
-5.000000 
-5.000000 
-5.000000 
0.013489 
0.026580 
0.038875 
0.049986 
0.059534 
0.067155 
0.072500 
0.075244 
0.075082 
0.071740 
0.064972 
0.054568 
0.040353 
0.022194 
0.000000 
-5.000000 
-5.000000 
-5.000000 
-5.000000 
-5.000000 
-5.000000 
-5.000000 
-5.000000 
-5.000000 
-5.000000 
-5.000000 
-5.000000 
-5.000000 
-5.000000 
-5.000000 
-5.000000 
-5.000000 
-5.000000 
-5.000000 
-5.000000 
-5.000000 
-5.000000 
-5.000000 
-5.000000 
-5.000000 
-5.000000 
-5.000000 
-5.000000 
-5.000000 
-5.000000 
-5.000000 
-5.000000 
-5.000000 
-5.000000 
-5.000000 
-5.000000 
-5.000000 
-5.000000 
-5.000000 
-5.000000 
-5.000000 
-5.000000 
-5.000000 
-5.000000 
-5.000000 
0.011111 
0.021849 
0.031845 
0.040736 
0.048169 
0.053802 
0.057312 
0.058394 
0.056763 
0.052164 
0.044367 
0.033176 
0.018429 
0.000000 
-5.000000 
-5.000000 
-5.000000 
-5.000000 
-5.000000 
-5.000000 
-5.000000 
-5.000000 
-5.000000 
-5.000000 
-5.000000 
-5.000000 
-5.000000 
-5.000000 
-5.000000 
-5.000000 
-5.000000 
-5.000000 
-5.000000 
-5.000000 
-5.000000 
-5.000000 
-5.000000 
-5.000000 
-5.000000 
-5.000000 
-5.000000 
-5.000000 
-5.000000 
-5.000000 
-5.000000 
-5.000000 
-5.000000 
-5.000000 
-5.000000 
-5.000000 
-5.000000 
-5.000000 
-5.000000 
-5.000000 
-5.000000 
-5.000000 
-5.000000 
-5.000000 
-5.000000 
-5.000000 
0.009001 
0.017655 
0.025621 
0.032561 
0.038146 
0.042061 
0.044005 
0.043693 
0.040863 
0.035275 
0.026719 
0.015011 
0.000000 
-5.000000 
-5.000000 
-5.000000 
-5.000000 
-5.000000 
-5.000000 
-5.000000 
-5.000000 
-5.000000 
-5.000000 
-5.000000 
-5.000000 
-5.000000 
-5.000000 
-5.000000 
-5.000000 
-5.000000 
-5.000000 
-5.000000 
-5.000000 
-5.000000 
-5.000000 
-5.000000 
-5.000000 
-5.000000 
-5.000000 
-5.000000 
-5.000000 
-5.000000 
-5.000000 
-5.000000 
-5.000000 
-5.000000 
-5.000000 
-5.000000 
-5.000000 
-5.000000 
-5.000000 
-5.000000 
-5.000000 
-5.000000 
-5.000000 
-5.000000 
-5.000000 
-5.000000 
-5.000000 
-5.000000 
0.007153 
0.013987 
0.020185 
0.025436 
0.029438 
0.031897 
0.032536 
0.031094 
0.027327 
0.021015 
0.011962 
0.000000 
-5.000000 
-5.000000 
-5.000000 
-5.000000 
-5.000000 
-5.000000 
-5.000000 
-5.000000 
-5.000000 
-5.000000 
-5.000000 
-5.000000 
-5.000000 
-5.000000 
-5.000000 
-5.000000 
-5.000000 
-5.000000 
-5.000000 
-5.000000 
-5.000000 
-5.000000 
-5.000000 
-5.000000 
-5.000000 
-5.000000 
-5.000000 
-5.000000 
-5.000000 
-5.000000 
-5.000000 
-5.000000 
-5.000000 
-5.000000 
-5.000000 
-5.000000 
-5.000000 
-5.000000 
-5.000000 
-5.000000 
-5.000000 
-5.000000 
-5.000000 
-5.000000 
-5.000000 
-5.000000 
-5.000000 
-5.000000 
0.005560 
0.010827 
0.015512 
0.019328 
0.021999 
0.023257 
0.022846 
0.020527 
0.016078 
0.009295 
0.000000 
-5.000000 
-5.000000 
-5.000000 
-5.000000 
-5.000000 
-5.000000 
-5.000000 
-5.000000 
-5.000000 
-5.000000 
-5.000000 
-5.000000 
-5.000000 
-5.000000 
-5.000000 
-5.000000 
-5.000000 
-5.000000 
-5.000000 
-5.000000 
-5.000000 
-5.000000 
-5.000000 
-5.000000 
-5.000000 
-5.000000 
-5.000000 
-5.000000 
-5.000000 
-5.000000 
-5.000000 
-5.000000 
-5.000000 
-5.000000 
-5.000000 
-5.000000 
-5.000000 
-5.000000 
-5.000000 
-5.000000 
-5.000000 
-5.000000 
-5.000000 
-5.000000 
-5.000000 
-5.000000 
-5.000000 
-5.000000 
-5.000000 
0.004209 
0.008152 
0.011566 
0.014190 
0.015773 
0.016072 
0.014854 
0.011901 
0.007011 
0.000000 
-5.000000 
-5.000000 
-5.000000 
-5.000000 
-5.000000 
-5.000000 
-5.000000 
-5.000000 
-5.000000 
-5.000000 
-5.000000 
-5.000000 
-5.000000 
-5.000000 
-5.000000 
-5.000000 
-5.000000 
-5.000000 
-5.000000 
-5.000000 
-5.000000 
-5.000000 
-5.000000 
-5.000000 
-5.000000 
-5.000000 
-5.000000 
-5.000000 
-5.000000 
-5.000000 
-5.000000 
-5.000000 
-5.000000 
-5.000000 
-5.000000 
-5.000000 
-5.000000 
-5.000000 
-5.000000 
-5.000000 
-5.000000 
-5.000000 
-5.000000 
-5.000000 
-5.000000 
-5.000000 
-5.000000 
-5.000000 
-5.000000 
-5.000000 
0.003087 
0.005935 
0.008305 
0.009966 
0.010690 
0.010258 
0.008461 
0.005102 
0.000000 
-5.000000 
-5.000000 
-5.000000 
-5.000000 
-5.000000 
-5.000000 
-5.000000 
-5.000000 
-5.000000 
-5.000000 
-5.000000 
-5.000000 
-5.000000 
-5.000000 
-5.000000 
-5.000000 
-5.000000 
-5.000000 
-5.000000 
-5.000000 
-5.000000 
-5.000000 
-5.000000 
-5.000000 
-5.000000 
-5.000000 
-5.000000 
-5.000000 
-5.000000 
-5.000000 
-5.000000 
-5.000000 
-5.000000 
-5.000000 
-5.000000 
-5.000000 
-5.000000 
-5.000000 
-5.000000 
-5.000000 
-5.000000 
-5.000000 
-5.000000 
-5.000000 
-5.000000 
-5.000000 
-5.000000 
-5.000000 
-5.000000 
-5.000000 
-5.000000 
0.002177 
0.004141 
0.005682 
0.006591 
0.006668 
0.005717 
0.003552 
0.000000 
-5.000000 
-5.000000 
-5.000000 
-5.000000 
-5.000000 
-5.000000 
-5.000000 
-5.000000 
-5.000000 
-5.000000 
-5.000000 
-5.000000 
-5.000000 
-5.000000 
-5.000000 
-5.000000 
-5.000000 
-5.000000 
-5.000000 
-5.000000 
-5.000000 
-5.000000 
-5.000000 
-5.000000 
-5.000000 
-5.000000 
-5.000000 
-5.000000 
-5.000000 
-5.000000 
-5.000000 
-5.000000 
-5.000000 
-5.000000 
-5.000000 
-5.000000 
-5.000000 
-5.000000 
-5.000000 
-5.000000 
-5.000000 
-5.000000 
-5.000000 
-5.000000 
-5.000000 
-5.000000 
-5.000000 
-5.000000 
-5.000000 
-5.000000 
-5.000000 
-5.000000 
0.001461 
0.002735 
0.003639 
0.003991 
0.003614 
0.002338 
0.000000 
-5.000000 
-5.000000 
-5.000000 
-5.000000 
-5.000000 
-5.000000 
-5.000000 
-5.000000 
-5.000000 
-5.000000 
-5.000000 
-5.000000 
-5.000000 
-5.000000 
-5.000000 
-5.000000 
-5.000000 
-5.000000 
-5.000000 
-5.000000 
-5.000000 
-5.000000 
-5.000000 
-5.000000 
-5.000000 
-5.000000 
-5.000000 
-5.000000 
-5.000000 
-5.000000 
-5.000000 
-5.000000 
-5.000000 
-5.000000 
-5.000000 
-5.000000 
-5.000000 
-5.000000 
-5.000000 
-5.000000 
-5.000000 
-5.000000 
-5.000000 
-5.000000 
-5.000000 
-5.000000 
-5.000000 
-5.000000 
-5.000000 
-5.000000 
-5.000000 
-5.000000 
-5.000000 
0.000918 
0.001677 
0.002117 
0.002085 
0.001428 
0.000000 
-5.000000 
-5.000000 
-5.000000 
-5.000000 
-5.000000 
-5.000000 
-5.000000 
-5.000000 
-5.000000 
-5.000000 
-5.000000 
-5.000000 
-5.000000 
-5.000000 
-5.000000 
-5.000000 
-5.000000 
-5.000000 
-5.000000 
-5.000000 
-5.000000 
-5.000000 
-5.000000 
-5.000000 
-5.000000 
-5.000000 
-5.000000 
-5.000000 
-5.000000 
-5.000000 
-5.000000 
-5.000000 
-5.000000 
-5.000000 
-5.000000 
-5.000000 
-5.000000 
-5.000000 
-5.000000 
-5.000000 
-5.000000 
-5.000000 
-5.000000 
-5.000000 
-5.000000 
-5.000000 
-5.000000 
-5.000000 
-5.000000 
-5.000000 
-5.000000 
-5.000000 
-5.000000 
-5.000000 
0.000527 
0.000921 
0.001051 
0.000786 
0.000000 
-5.000000 
-5.000000 
-5.000000 
-5.000000 
-5.000000 
-5.000000 
-5.000000 
-5.000000 
-5.000000 
-5.000000 
-5.000000 
-5.000000 
-5.000000 
-5.000000 
-5.000000 
-5.000000 
-5.000000 
-5.000000 
-5.000000 
-5.000000 
-5.000000 
-5.000000 
-5.000000 
-5.000000 
-5.000000 
-5.000000 
-5.000000 
-5.000000 
-5.000000 
-5.000000 
-5.000000 
-5.000000 
-5.000000 
-5.000000 
-5.000000 
-5.000000 
-5.000000 
-5.000000 
-5.000000 
-5.000000 
-5.000000 
-5.000000 
-5.000000 
-5.000000 
-5.000000 
-5.000000 
-5.000000 
-5.000000 
-5.000000 
-5.000000 
-5.000000 
-5.000000 
-5.000000 
-5.000000 
-5.000000 
0.000265 
0.000423 
0.000369 
0.000000 
-5.000000 
-5.000000 
-5.000000 
-5.000000 
-5.000000 
-5.000000 
-5.000000 
-5.000000 
-5.000000 
-5.000000 
-5.000000 
-5.000000 
-5.000000 
-5.000000 
-5.000000 
-5.000000 
-5.000000 
-5.000000 
-5.000000 
-5.000000 
-5.000000 
-5.000000 
-5.000000 
-5.000000 
-5.000000 
-5.000000 
-5.000000 
-5.000000 
-5.000000 
-5.000000 
-5.000000 
-5.000000 
-5.000000 
-5.000000 
-5.000000 
-5.000000 
-5.000000 
-5.000000 
-5.000000 
-5.000000 
-5.000000 
-5.000000 
-5.000000 
-5.000000 
-5.000000 
-5.000000 
-5.000000 
-5.000000 
-5.000000 
-5.000000 
-5.000000 
-5.000000 
-5.000000 
-5.000000 
-5.000000 
-5.000000 
0.000106 
0.000132 
0.000000 
-5.000000 
-5.000000 
-5.000000 
-5.000000 
-5.000000 
-5.000000 
-5.000000 
-5.000000 
-5.000000 
-5.000000 
-5.000000 
-5.000000 
-5.000000 
-5.000000 
-5.000000 
-5.000000 
-5.000000 
-5.000000 
-5.000000 
-5.000000 
-5.000000 
-5.000000 
-5.000000 
-5.000000 
-5.000000 
-5.000000 
-5.000000 
-5.000000 
-5.000000 
-5.000000 
-5.000000 
-5.000000 
-5.000000 
-5.000000 
-5.000000 
-5.000000 
-5.000000 
-5.000000 
-5.000000 
-5.000000 
-5.000000 
-5.000000 
-5.000000 
-5.000000 
-5.000000 
-5.000000 
-5.000000 
-5.000000 
-5.000000 
-5.000000 
-5.000000 
-5.000000 
-5.000000 
-5.000000 
-5.000000 
-5.000000 
-5.000000 
0.000027 
0.000000 
-5.000000 
-5.000000 
-5.000000 
-5.000000 
-5.000000 
-5.000000 
-5.000000 
-5.000000 
-5.000000 
-5.000000 
-5.000000 
-5.000000 
-5.000000 
-5.000000 
-5.000000 
-5.000000 
-5.000000 
-5.000000 
-5.000000 
-5.000000 
-5.000000 
-5.000000 
-5.000000 
-5.000000 
-5.000000 
-5.000000 
-5.000000 
-5.000000 
-5.000000 
-5.000000 
-5.000000 
-5.000000 
-5.000000 
-5.000000 
-5.000000 
-5.000000 
-5.000000 
-5.000000 
-5.000000 
-5.000000 
-5.000000 
-5.000000 
-5.000000 
-5.000000 
-5.000000 
-5.000000 
-5.000000 
-5.000000 
-5.000000 
-5.000000 
-5.000000 
-5.000000 
-5.000000 
-5.000000 
-5.000000 
-5.000000 
-5.000000 
-5.000000 
0.000000 
-5.000000 
-5.000000 
-5.000000 
-5.000000 
-5.000000 
-5.000000 
-5.000000 
-5.000000 
-5.000000 
-5.000000 
-5.000000 
-5.000000 
-5.000000 
-5.000000 
-5.000000 
-5.000000 
-5.000000 
-5.000000 
-5.000000 
-5.000000 
-5.000000 
-5.000000 
-5.000000 
-5.000000 
-5.000000 
-5.000000 
-5.000000 
-5.000000 
-5.000000 
-5.000000 
-5.000000 
-5.000000 
-5.000000 
-5.000000 
-5.000000 
-5.000000 
-5.000000 
-5.000000 
-5.000000 
-5.000000 
-5.000000 
-5.000000 
-5.000000 
-5.000000 
-5.000000 
-5.000000 
-5.000000 
-5.000000 
-5.000000 
-5.000000 
-5.000000 
-5.000000 
-5.000000 
-5.000000 
-5.000000 
-5.000000 
-5.000000 
-5.000000 
-5.000000 
-5.000000 
-5.000000 
-5.000000 
-5.000000 
-5.000000 
-5.000000 
-5.000000 
-5.000000 
-5.000000 
-5.000000 
-5.000000 
-5.000000 
-5.000000 
-5.000000 
-5.000000 
-5.000000 
-5.000000 
-5.000000 
-5.000000 
-5.000000 
-5.000000 
-5.000000 
-5.000000 
-5.000000 
-5.000000 
-5.000000 
-5.000000 
-5.000000 
-5.000000 
-5.000000 
-5.000000 
-5.000000 
-5.000000 
-5.000000 
-5.000000 
-5.000000 
-5.000000 
-5.000000 
-5.000000 
-5.000000 
-5.000000 
-5.000000 
-5.000000 
-5.000000 
-5.000000 
-5.000000 
-5.000000 
-5.000000 
-5.000000 
-5.000000 
-5.000000 
-5.000000 
-5.000000 
-5.000000 
-5.000000 
-5.000000 
-5.000000 
-5.000000 
-5.000000 
-5.000000 
