# z = ,(t = 2)
0.102167 
0.207430 
0.318536 
0.437571 
0.565701 
0.703005 
0.848405 
0.999700 
1.153706 
1.306474 
1.453566 
1.590361 
1.712346 
1.815388 
1.895950 
1.951256 
1.979400 
1.979419 
1.951322 
1.896091 
1.815657 
1.712839 
1.591243 
1.455108 
1.309108 
1.158108 
1.006895 
0.859905 
0.720985 
0.593199 
0.478713 
0.378764 
0.293709 
0.223135 
0.166032 
0.120968 
0.086278 
0.060228 
0.041142 
0.027497 
0.017979 
0.011499 
0.007194 
0.004402 
0.002634 
0.001541 
0.000882 
0.000493 
0.000270 
0.000144 
0.000075 
0.000038 
0.000019 
0.000009 
0.000004 
0.000002 
0.000001 
0.000000 
0.000000 
-5.000000 
0.201663 
0.409437 
0.628748 
0.863710 
1.116628 
1.387657 
1.674668 
1.973318 
2.277320 
2.578879 
2.869237 
3.139267 
3.380064 
3.583467 
3.742495 
3.851667 
3.907223 
3.907262 
3.851798 
3.742772 
3.583997 
3.381037 
3.141008 
2.872280 
2.584079 
2.286008 
1.987517 
1.697364 
1.423142 
1.170898 
0.944910 
0.747619 
0.579727 
0.440423 
0.327709 
0.238760 
0.170289 
0.118871 
0.081199 
0.054269 
0.035483 
0.022694 
0.014197 
0.008686 
0.005197 
0.003041 
0.001739 
0.000972 
0.000531 
0.000283 
0.000147 
0.000074 
0.000036 
0.000017 
0.000007 
0.000003 
0.000001 
0.000000 
-5.000000 
-5.000000 
0.295988 
0.600947 
0.922842 
1.267715 
1.638949 
2.036772 
2.458058 
2.896433 
3.342667 
3.785319 
4.211529 
4.607901 
4.961363 
5.259937 
5.493372 
5.653623 
5.735174 
5.735230 
5.653815 
5.493778 
5.260714 
4.962791 
4.610456 
4.215993 
3.792947 
3.355415 
2.917267 
2.491361 
2.088842 
1.718587 
1.386875 
1.097289 
0.850857 
0.646392 
0.480956 
0.350403 
0.249909 
0.174445 
0.119157 
0.079635 
0.052066 
0.033298 
0.020829 
0.012742 
0.007623 
0.004459 
0.002549 
0.001424 
0.000777 
0.000413 
0.000213 
0.000107 
0.000051 
0.000023 
0.000009 
0.000003 
0.000000 
-5.000000 
-5.000000 
-5.000000 
0.382960 
0.777530 
1.194020 
1.640249 
2.120595 
2.635355 
3.180483 
3.747730 
4.325154 
4.897945 
5.449464 
5.962374 
6.419759 
6.806117 
7.108186 
7.315554 
7.421082 
7.421154 
7.315802 
7.108711 
6.807122 
6.421605 
5.965677 
5.455237 
4.907810 
4.341640 
3.774676 
3.223557 
2.702705 
2.223608 
1.794388 
1.419684 
1.100824 
0.836270 
0.622220 
0.453309 
0.323291 
0.225659 
0.154133 
0.103005 
0.067341 
0.043064 
0.026934 
0.016474 
0.009853 
0.005760 
0.003291 
0.001836 
0.000998 
0.000528 
0.000270 
0.000132 
0.000061 
0.000025 
0.000007 
0.000000 
-5.000000 
-5.000000 
-5.000000 
-5.000000 
0.460824 
0.935625 
1.436812 
1.973797 
2.551853 
3.171335 
3.827377 
4.510047 
5.204973 
5.894329 
6.558088 
7.175384 
7.725856 
8.190846 
8.554392 
8.803964 
8.930968 
8.931056 
8.804262 
8.555024 
8.192054 
7.728076 
7.179356 
6.565031 
5.906193 
5.224801 
4.542456 
3.879187 
3.252350 
2.675771 
2.159228 
1.708298 
1.324581 
1.006224 
0.748649 
0.545396 
0.388949 
0.271476 
0.185417 
0.123902 
0.080995 
0.051788 
0.032385 
0.019802 
0.011836 
0.006914 
0.003944 
0.002194 
0.001187 
0.000622 
0.000312 
0.000147 
0.000062 
0.000019 
0.000000 
-5.000000 
-5.000000 
-5.000000 
-5.000000 
-5.000000 
0.528309 
1.072648 
1.647248 
2.262907 
2.925670 
3.635947 
4.388156 
5.170911 
5.967729 
6.758168 
7.519261 
8.227081 
8.858278 
9.391459 
9.808320 
10.094491 
10.240121 
10.240221 
10.094833 
9.809043 
9.392843 
8.860821 
8.231631 
7.527214 
6.771760 
5.990447 
5.208047 
4.447527 
3.728788 
3.067686 
2.475429 
1.958414 
1.518472 
1.153475 
0.858174 
0.625159 
0.445809 
0.311144 
0.212493 
0.141981 
0.092800 
0.059324 
0.037084 
0.022663 
0.013534 
0.007893 
0.004489 
0.002484 
0.001330 
0.000683 
0.000330 
0.000142 
0.000046 
0.000000 
-5.000000 
-5.000000 
-5.000000 
-5.000000 
-5.000000 
-5.000000 
0.584624 
1.186995 
1.822866 
2.504192 
3.237665 
4.023742 
4.856243 
5.722565 
6.604463 
7.479309 
8.321683 
9.105097 
9.803707 
10.393833 
10.855216 
11.171951 
11.333134 
11.333245 
11.172329 
10.856015 
10.395363 
9.806518 
9.110127 
8.330477 
7.494341 
6.629587 
5.763636 
4.921910 
4.126435 
3.394761 
2.739292 
2.167107 
1.680232 
1.276306 
0.949519 
0.691667 
0.493207 
0.344197 
0.235042 
0.157024 
0.102609 
0.065572 
0.040967 
0.025011 
0.014912 
0.008670 
0.004904 
0.002686 
0.001411 
0.000696 
0.000307 
0.000102 
0.000000 
-5.000000 
-5.000000 
-5.000000 
-5.000000 
-5.000000 
-5.000000 
-5.000000 
0.629420 
1.277954 
1.962570 
2.696144 
3.485885 
4.332286 
5.228692 
6.161532 
7.111155 
8.053195 
8.960274 
9.803868 
10.556146 
11.191607 
11.688434 
12.029502 
12.203068 
12.203187 
12.029908 
11.689294 
11.193252 
10.559170 
9.809280 
8.969734 
8.069366 
7.138187 
6.205724 
5.299354 
4.442797 
3.654951 
2.949172 
2.333081 
1.808857 
1.373956 
1.022118 
0.744506 
0.530843 
0.370423 
0.252912 
0.168923 
0.110344 
0.070472 
0.043983 
0.026806 
0.015932 
0.009211 
0.005156 
0.002768 
0.001396 
0.000629 
0.000214 
0.000000 
-5.000000 
-5.000000 
-5.000000 
-5.000000 
-5.000000 
-5.000000 
-5.000000 
-5.000000 
0.662707 
1.345546 
2.066390 
2.838802 
3.670375 
4.561630 
5.505559 
6.487868 
7.487864 
8.479883 
9.435092 
10.323453 
11.115652 
11.784837 
12.308030 
12.667198 
12.849975 
12.850100 
12.667625 
12.308934 
11.786567 
11.118832 
10.329145 
9.445045 
8.496897 
7.516306 
6.534369 
5.579917 
4.677930 
3.848307 
3.105115 
2.456375 
1.904380 
1.446448 
1.075985 
0.783683 
0.558717 
0.389812 
0.266086 
0.177653 
0.115973 
0.073988 
0.046092 
0.028000 
0.016545 
0.009464 
0.005191 
0.002675 
0.001232 
0.000429 
0.000000 
-5.000000 
-5.000000 
-5.000000 
-5.000000 
-5.000000 
-5.000000 
-5.000000 
-5.000000 
-5.000000 
0.684765 
1.390340 
2.135200 
2.933363 
3.792679 
4.713686 
5.689145 
6.704280 
7.737704 
8.762893 
9.750048 
10.668121 
11.486819 
12.178389 
12.719084 
13.090266 
13.279157 
13.279285 
13.090707 
12.720016 
12.180174 
11.490102 
10.673997 
9.760322 
8.780458 
7.767070 
6.752295 
5.765931 
4.833793 
3.976447 
3.208427 
2.538022 
1.967600 
1.494386 
1.111563 
0.809509 
0.577036 
0.402491 
0.274629 
0.183235 
0.119483 
0.076079 
0.047236 
0.028523 
0.016670 
0.009340 
0.004915 
0.002312 
0.000822 
0.000000 
-5.000000 
-5.000000 
-5.000000 
-5.000000 
-5.000000 
-5.000000 
-5.000000 
-5.000000 
-5.000000 
-5.000000 
0.696059 
1.413277 
2.170441 
2.981804 
3.855349 
4.791624 
5.783269 
6.815262 
7.865859 
8.908092 
9.911663 
10.845007 
11.677324 
12.380399 
12.930089 
13.307446 
13.499479 
13.499610 
13.307893 
12.931035 
12.382211 
11.680656 
10.850972 
9.922094 
8.925928 
7.895682 
6.864030 
5.861264 
4.913631 
4.042038 
3.261259 
2.579720 
1.999825 
1.518751 
1.129564 
0.822482 
0.586131 
0.408661 
0.278644 
0.185693 
0.120841 
0.076674 
0.047309 
0.028247 
0.016163 
0.008684 
0.004168 
0.001512 
0.000000 
-5.000000 
-5.000000 
-5.000000 
-5.000000 
-5.000000 
-5.000000 
-5.000000 
-5.000000 
-5.000000 
-5.000000 
-5.000000 
0.697162 
1.415523 
2.173904 
2.986585 
3.861565 
4.799394 
5.792698 
6.826429 
7.878805 
8.922810 
9.928091 
10.863028 
11.696768 
12.401044 
12.951674 
13.329677 
13.522038 
13.522169 
13.330124 
12.952620 
12.402856 
11.700099 
10.868992 
9.938523 
8.940649 
7.908637 
6.875218 
5.870736 
4.921482 
4.048396 
3.266279 
2.583566 
2.002663 
1.520741 
1.130852 
0.823195 
0.586378 
0.408531 
0.278209 
0.185011 
0.119956 
0.075624 
0.046124 
0.026951 
0.014781 
0.007238 
0.002678 
0.000000 
-5.000000 
-5.000000 
-5.000000 
-5.000000 
-5.000000 
-5.000000 
-5.000000 
-5.000000 
-5.000000 
-5.000000 
-5.000000 
-5.000000 
0.688721 
1.398389 
2.147602 
2.950472 
3.814902 
4.741437 
5.722791 
6.744097 
7.783831 
8.815301 
9.808516 
10.732234 
11.555970 
12.251797 
12.795820 
13.169288 
13.359341 
13.359469 
13.169728 
12.796752 
12.253580 
11.559251 
10.738111 
9.818797 
8.832886 
7.813245 
6.792210 
5.799762 
4.861875 
3.999235 
3.226463 
2.551889 
1.977889 
1.501664 
1.116347 
0.812257 
0.578138 
0.402267 
0.273337 
0.181080 
0.116629 
0.072656 
0.043349 
0.024264 
0.012118 
0.004570 
0.000000 
-5.000000 
-5.000000 
-5.000000 
-5.000000 
-5.000000 
-5.000000 
-5.000000 
-5.000000 
-5.000000 
-5.000000 
-5.000000 
-5.000000 
-5.000000 
0.671437 
1.363301 
2.093726 
2.876474 
3.719253 
4.622593 
5.579392 
6.575153 
7.588889 
8.594573 
9.562962 
10.463594 
11.266744 
11.945181 
12.475609 
12.839743 
13.025046 
13.025170 
12.840169 
12.476512 
11.946911 
11.269928 
10.469299 
9.572946 
8.611656 
7.617473 
6.621924 
5.654237 
4.739734 
3.898581 
3.145029 
2.487196 
1.927393 
1.462890 
1.086990 
0.790255 
0.561712 
0.389937 
0.263915 
0.173642 
0.110482 
0.067301 
0.038443 
0.019581 
0.007526 
0.000000 
-5.000000 
-5.000000 
-5.000000 
-5.000000 
-5.000000 
-5.000000 
-5.000000 
-5.000000 
-5.000000 
-5.000000 
-5.000000 
-5.000000 
-5.000000 
-5.000000 
0.646082 
1.311824 
2.014681 
2.767898 
3.578894 
4.448180 
5.368922 
6.327168 
7.302719 
8.270527 
9.202449 
10.069167 
10.842076 
11.494968 
12.005423 
12.355846 
12.534171 
12.534289 
12.356252 
12.006283 
11.496617 
10.845114 
10.074616 
9.211992 
8.286866 
7.330073 
6.371951 
5.440621 
4.560448 
3.750830 
3.025476 
2.392190 
1.853193 
1.405852 
1.043722 
0.757722 
0.537300 
0.371471 
0.249647 
0.162216 
0.100884 
0.058804 
0.030546 
0.011964 
0.000000 
-5.000000 
-5.000000 
-5.000000 
-5.000000 
-5.000000 
-5.000000 
-5.000000 
-5.000000 
-5.000000 
-5.000000 
-5.000000 
-5.000000 
-5.000000 
-5.000000 
-5.000000 
0.613521 
1.245717 
1.913167 
2.628455 
3.398626 
4.224168 
5.098590 
6.008639 
6.935132 
7.854279 
8.739348 
9.562493 
10.296546 
10.916617 
11.401412 
11.734218 
11.903577 
11.903687 
11.734596 
11.402214 
10.918159 
10.299391 
9.567601 
8.748304 
7.869632 
6.960864 
6.050806 
5.166157 
4.330046 
3.560889 
2.871691 
2.269856 
1.757483 
1.332067 
0.987487 
0.715122 
0.504962 
0.346591 
0.229975 
0.146010 
0.086846 
0.046007 
0.018363 
0.000000 
-5.000000 
-5.000000 
-5.000000 
-5.000000 
-5.000000 
-5.000000 
-5.000000 
-5.000000 
-5.000000 
-5.000000 
-5.000000 
-5.000000 
-5.000000 
-5.000000 
-5.000000 
-5.000000 
0.574743 
1.166987 
1.792270 
2.462384 
3.183932 
3.957372 
4.776623 
5.629266 
6.497327 
7.358511 
8.187772 
8.959018 
9.646789 
10.227765 
10.681994 
10.993816 
11.152496 
11.152596 
10.994159 
10.682723 
10.229170 
9.649388 
8.963695 
8.195994 
7.372634 
6.521040 
5.668189 
4.839086 
4.055384 
3.334320 
2.688062 
2.123531 
1.642681 
1.243158 
0.919225 
0.662816 
0.464568 
0.314750 
0.203994 
0.123812 
0.066891 
0.027208 
0.000000 
-5.000000 
-5.000000 
-5.000000 
-5.000000 
-5.000000 
-5.000000 
-5.000000 
-5.000000 
-5.000000 
-5.000000 
-5.000000 
-5.000000 
-5.000000 
-5.000000 
-5.000000 
-5.000000 
-5.000000 
0.530878 
1.077929 
1.655512 
2.274524 
2.941070 
3.655572 
4.412412 
5.200117 
6.002077 
6.797693 
7.563823 
8.276357 
8.911774 
9.448525 
9.868176 
10.156261 
10.302858 
10.302945 
10.156559 
9.868814 
9.449760 
8.914069 
8.280508 
7.571150 
6.810327 
6.023361 
5.235157 
4.468794 
3.744252 
3.077428 
2.479537 
1.956947 
1.511444 
1.140843 
0.839846 
0.601012 
0.415722 
0.275029 
0.170334 
0.093856 
0.038910 
0.000000 
-5.000000 
-5.000000 
-5.000000 
-5.000000 
-5.000000 
-5.000000 
-5.000000 
-5.000000 
-5.000000 
-5.000000 
-5.000000 
-5.000000 
-5.000000 
-5.000000 
-5.000000 
-5.000000 
-5.000000 
-5.000000 
0.483194 
0.981117 
1.506847 
2.070308 
2.677062 
3.327494 
4.016489 
4.733601 
5.463704 
6.188044 
6.885545 
7.534256 
8.112759 
8.601434 
8.983497 
9.245776 
9.379239 
9.379309 
9.246020 
8.984022 
8.602461 
8.114686 
7.537772 
6.891801 
6.198906 
5.482118 
4.764082 
4.065774 
3.405346 
2.797228 
2.251588 
1.774187 
1.366620 
1.026882 
0.750153 
0.529683 
0.357670 
0.226035 
0.127033 
0.053682 
0.000000 
-5.000000 
-5.000000 
-5.000000 
-5.000000 
-5.000000 
-5.000000 
-5.000000 
-5.000000 
-5.000000 
-5.000000 
-5.000000 
-5.000000 
-5.000000 
-5.000000 
-5.000000 
-5.000000 
-5.000000 
-5.000000 
-5.000000 
0.433069 
0.879349 
1.350572 
1.855639 
2.399539 
2.982621 
3.600298 
4.243201 
4.897769 
5.547181 
6.172538 
6.754157 
7.272832 
7.710968 
8.053518 
8.288669 
8.408322 
8.408371 
8.288844 
8.053904 
7.711740 
7.274312 
6.756910 
6.177517 
5.555949 
4.912817 
4.268380 
3.641391 
3.048062 
2.501269 
2.010063 
1.579553 
1.211126 
0.902964 
0.650749 
0.448465 
0.289189 
0.165778 
0.071419 
0.000000 
-5.000000 
-5.000000 
-5.000000 
-5.000000 
-5.000000 
-5.000000 
-5.000000 
-5.000000 
-5.000000 
-5.000000 
-5.000000 
-5.000000 
-5.000000 
-5.000000 
-5.000000 
-5.000000 
-5.000000 
-5.000000 
-5.000000 
-5.000000 
0.381941 
0.775545 
1.191168 
1.636671 
2.116457 
2.630836 
3.175761 
3.742965 
4.320478 
4.893455 
5.445219 
5.958396 
6.416037 
6.802618 
7.104858 
7.312334 
7.417896 
7.417920 
7.312424 
7.105072 
6.803077 
6.416974 
5.960229 
5.448674 
4.899751 
4.331588 
3.761992 
3.207430 
2.682116 
2.197315 
1.760920 
1.377354 
1.047781 
0.770564 
0.541902 
0.356544 
0.208486 
0.091578 
0.000000 
-5.000000 
-5.000000 
-5.000000 
-5.000000 
-5.000000 
-5.000000 
-5.000000 
-5.000000 
-5.000000 
-5.000000 
-5.000000 
-5.000000 
-5.000000 
-5.000000 
-5.000000 
-5.000000 
-5.000000 
-5.000000 
-5.000000 
-5.000000 
-5.000000 
0.331235 
0.672596 
1.033077 
1.419502 
1.835697 
2.281933 
2.754696 
3.246812 
3.747893 
4.245052 
4.723813 
5.169099 
5.566199 
5.901638 
6.163892 
6.343912 
6.435494 
6.435486 
6.343896 
6.163892 
5.901713 
5.566474 
5.169822 
4.725447 
4.248416 
3.754379 
3.258686 
2.775507 
2.317046 
1.892936 
1.509894 
1.171637 
0.879085 
0.630774 
0.423423 
0.252558 
0.113122 
0.000000 
-5.000000 
-5.000000 
-5.000000 
-5.000000 
-5.000000 
-5.000000 
-5.000000 
-5.000000 
-5.000000 
-5.000000 
-5.000000 
-5.000000 
-5.000000 
-5.000000 
-5.000000 
-5.000000 
-5.000000 
-5.000000 
-5.000000 
-5.000000 
-5.000000 
-5.000000 
0.282283 
0.573209 
0.880452 
1.209838 
1.564633 
1.945069 
2.348151 
2.767759 
3.195030 
3.618971 
4.027234 
4.406956 
4.745589 
5.031640 
5.255276 
5.408780 
5.486854 
5.486807 
5.408631 
5.255010 
5.031240 
4.745055 
4.406334 
4.026679 
3.618847 
3.196064 
2.771276 
2.356399 
1.961651 
1.595052 
1.262135 
0.965903 
0.707015 
0.484164 
0.294574 
0.134550 
0.000000 
-5.000000 
-5.000000 
-5.000000 
-5.000000 
-5.000000 
-5.000000 
-5.000000 
-5.000000 
-5.000000 
-5.000000 
-5.000000 
-5.000000 
-5.000000 
-5.000000 
-5.000000 
-5.000000 
-5.000000 
-5.000000 
-5.000000 
-5.000000 
-5.000000 
-5.000000 
-5.000000 
0.236248 
0.479742 
0.736915 
1.012653 
1.309694 
1.628234 
1.965765 
2.317160 
2.674991 
3.030049 
3.371984 
3.690021 
3.973644 
4.213226 
4.400526 
4.529078 
4.594438 
4.594340 
4.528763 
4.399932 
4.212242 
3.972119 
3.687764 
3.368793 
3.025758 
2.669572 
2.310875 
1.959410 
1.623474 
1.309509 
1.021882 
0.762875 
0.532869 
0.330687 
0.154039 
0.000000 
-5.000000 
-5.000000 
-5.000000 
-5.000000 
-5.000000 
-5.000000 
-5.000000 
-5.000000 
-5.000000 
-5.000000 
-5.000000 
-5.000000 
-5.000000 
-5.000000 
-5.000000 
-5.000000 
-5.000000 
-5.000000 
-5.000000 
-5.000000 
-5.000000 
-5.000000 
-5.000000 
-5.000000 
0.194059 
0.394081 
0.605362 
0.831923 
1.076019 
1.337813 
1.615244 
1.904093 
2.198251 
2.490143 
2.771256 
3.032725 
3.265903 
3.462869 
3.616846 
3.722510 
3.776201 
3.776041 
3.721992 
3.615846 
3.461170 
3.263170 
3.028489 
2.764893 
2.480878 
2.185185 
1.886284 
1.591862 
1.308381 
1.040762 
0.792231 
0.564347 
0.357190 
0.169685 
0.000000 
-5.000000 
-5.000000 
-5.000000 
-5.000000 
-5.000000 
-5.000000 
-5.000000 
-5.000000 
-5.000000 
-5.000000 
-5.000000 
-5.000000 
-5.000000 
-5.000000 
-5.000000 
-5.000000 
-5.000000 
-5.000000 
-5.000000 
-5.000000 
-5.000000 
-5.000000 
-5.000000 
-5.000000 
-5.000000 
0.156368 
0.317552 
0.487828 
0.670446 
0.867226 
1.078303 
1.302012 
1.534950 
1.772187 
2.007609 
2.234345 
2.445240 
2.633317 
2.792180 
2.916360 
3.001556 
3.044801 
3.044565 
3.000786 
2.914865 
2.789610 
2.629122 
2.438622 
2.224187 
1.992426 
1.750082 
1.503613 
1.258784 
1.020325 
0.791702 
0.575033 
0.371151 
0.179809 
0.000000 
-5.000000 
-5.000000 
-5.000000 
-5.000000 
-5.000000 
-5.000000 
-5.000000 
-5.000000 
-5.000000 
-5.000000 
-5.000000 
-5.000000 
-5.000000 
-5.000000 
-5.000000 
-5.000000 
-5.000000 
-5.000000 
-5.000000 
-5.000000 
-5.000000 
-5.000000 
-5.000000 
-5.000000 
-5.000000 
-5.000000 
0.123539 
0.250892 
0.385447 
0.529778 
0.685328 
0.852205 
1.029092 
1.213296 
1.400915 
1.587109 
1.766439 
1.933245 
2.082000 
2.207643 
2.305841 
2.373183 
2.407308 
2.406980 
2.372111 
2.303750 
2.204027 
2.076058 
1.923788 
1.751782 
1.564943 
1.368200 
1.166168 
0.962832 
0.761302 
0.563661 
0.370945 
0.183257 
0.000000 
-5.000000 
-5.000000 
-5.000000 
-5.000000 
-5.000000 
-5.000000 
-5.000000 
-5.000000 
-5.000000 
-5.000000 
-5.000000 
-5.000000 
-5.000000 
-5.000000 
-5.000000 
-5.000000 
-5.000000 
-5.000000 
-5.000000 
-5.000000 
-5.000000 
-5.000000 
-5.000000 
-5.000000 
-5.000000 
-5.000000 
-5.000000 
0.095656 
0.194274 
0.298486 
0.410288 
0.530803 
0.660116 
0.797206 
0.939984 
1.085422 
1.229764 
1.368791 
1.498109 
1.613430 
1.710826 
1.786928 
1.839080 
1.865433 
1.864995 
1.837649 
1.784130 
1.705975 
1.605430 
1.485321 
1.348868 
1.199459 
1.040389 
0.874599 
0.704443 
0.531515 
0.356579 
0.179618 
0.000000 
-5.000000 
-5.000000 
-5.000000 
-5.000000 
-5.000000 
-5.000000 
-5.000000 
-5.000000 
-5.000000 
-5.000000 
-5.000000 
-5.000000 
-5.000000 
-5.000000 
-5.000000 
-5.000000 
-5.000000 
-5.000000 
-5.000000 
-5.000000 
-5.000000 
-5.000000 
-5.000000 
-5.000000 
-5.000000 
-5.000000 
-5.000000 
-5.000000 
0.072563 
0.147380 
0.226453 
0.311303 
0.402785 
0.500963 
0.605063 
0.713496 
0.823959 
0.933599 
1.039205 
1.137436 
1.225030 
1.298998 
1.356770 
1.396313 
1.416199 
1.415635 
1.394465 
1.353152 
1.292714 
1.214647 
1.120802 
1.013221 
0.893951 
0.764831 
0.627291 
0.482182 
0.329685 
0.169308 
0.000000 
-5.000000 
-5.000000 
-5.000000 
-5.000000 
-5.000000 
-5.000000 
-5.000000 
-5.000000 
-5.000000 
-5.000000 
-5.000000 
-5.000000 
-5.000000 
-5.000000 
-5.000000 
-5.000000 
-5.000000 
-5.000000 
-5.000000 
-5.000000 
-5.000000 
-5.000000 
-5.000000 
-5.000000 
-5.000000 
-5.000000 
-5.000000 
-5.000000 
-5.000000 
0.053909 
0.109498 
0.168261 
0.231330 
0.299345 
0.372353 
0.449779 
0.530439 
0.612618 
0.694189 
0.772763 
0.845848 
0.911013 
0.966026 
1.008963 
1.038295 
1.052926 
1.052216 
1.035972 
1.004412 
0.958115 
0.897930 
0.824863 
0.739934 
0.644013 
0.537643 
0.420885 
0.293215 
0.153486 
0.000000 
-5.000000 
-5.000000 
-5.000000 
-5.000000 
-5.000000 
-5.000000 
-5.000000 
-5.000000 
-5.000000 
-5.000000 
-5.000000 
-5.000000 
-5.000000 
-5.000000 
-5.000000 
-5.000000 
-5.000000 
-5.000000 
-5.000000 
-5.000000 
-5.000000 
-5.000000 
-5.000000 
-5.000000 
-5.000000 
-5.000000 
-5.000000 
-5.000000 
-5.000000 
-5.000000 
0.039213 
0.079653 
0.122409 
0.168311 
0.217824 
0.270984 
0.327372 
0.386124 
0.445990 
0.505417 
0.562661 
0.615904 
0.663368 
0.703420 
0.734644 
0.755903 
0.766360 
0.765489 
0.753051 
0.729057 
0.693705 
0.647292 
0.590101 
0.522266 
0.443621 
0.353555 
0.250894 
0.133841 
0.000000 
-5.000000 
-5.000000 
-5.000000 
-5.000000 
-5.000000 
-5.000000 
-5.000000 
-5.000000 
-5.000000 
-5.000000 
-5.000000 
-5.000000 
-5.000000 
-5.000000 
-5.000000 
-5.000000 
-5.000000 
-5.000000 
-5.000000 
-5.000000 
-5.000000 
-5.000000 
-5.000000 
-5.000000 
-5.000000 
-5.000000 
-5.000000 
-5.000000 
-5.000000 
-5.000000 
-5.000000 
0.027919 
0.056716 
0.087169 
0.119871 
0.155155 
0.193048 
0.233249 
0.275143 
0.317835 
0.360218 
0.401044 
0.439012 
0.472849 
0.501379 
0.523578 
0.538605 
0.545821 
0.544775 
0.535180 
0.516867 
0.489709 
0.453532 
0.408000 
0.352477 
0.285886 
0.206588 
0.112285 
0.000000 
-5.000000 
-5.000000 
-5.000000 
-5.000000 
-5.000000 
-5.000000 
-5.000000 
-5.000000 
-5.000000 
-5.000000 
-5.000000 
-5.000000 
-5.000000 
-5.000000 
-5.000000 
-5.000000 
-5.000000 
-5.000000 
-5.000000 
-5.000000 
-5.000000 
-5.000000 
-5.000000 
-5.000000 
-5.000000 
-5.000000 
-5.000000 
-5.000000 
-5.000000 
-5.000000 
-5.000000 
-5.000000 
0.019454 
0.039522 
0.060749 
0.083550 
0.108158 
0.134593 
0.162645 
0.191882 
0.221681 
0.251265 
0.279761 
0.306257 
0.329856 
0.349729 
0.365139 
0.375470 
0.380220 
0.378988 
0.371439 
0.357241 
0.335994 
0.307121 
0.269753 
0.222584 
0.163739 
0.090652 
0.000000 
-5.000000 
-5.000000 
-5.000000 
-5.000000 
-5.000000 
-5.000000 
-5.000000 
-5.000000 
-5.000000 
-5.000000 
-5.000000 
-5.000000 
-5.000000 
-5.000000 
-5.000000 
-5.000000 
-5.000000 
-5.000000 
-5.000000 
-5.000000 
-5.000000 
-5.000000 
-5.000000 
-5.000000 
-5.000000 
-5.000000 
-5.000000 
-5.000000 
-5.000000 
-5.000000 
-5.000000 
-5.000000 
-5.000000 
0.013263 
0.026947 
0.041424 
0.056980 
0.073775 
0.091821 
0.110975 
0.130942 
0.151295 
0.171501 
0.190962 
0.209050 
0.225146 
0.238669 
0.249095 
0.255966 
0.258878 
0.257457 
0.251313 
0.239978 
0.222813 
0.198901 
0.166911 
0.124955 
0.070449 
0.000000 
-5.000000 
-5.000000 
-5.000000 
-5.000000 
-5.000000 
-5.000000 
-5.000000 
-5.000000 
-5.000000 
-5.000000 
-5.000000 
-5.000000 
-5.000000 
-5.000000 
-5.000000 
-5.000000 
-5.000000 
-5.000000 
-5.000000 
-5.000000 
-5.000000 
-5.000000 
-5.000000 
-5.000000 
-5.000000 
-5.000000 
-5.000000 
-5.000000 
-5.000000 
-5.000000 
-5.000000 
-5.000000 
-5.000000 
-5.000000 
0.008846 
0.017974 
0.027635 
0.038018 
0.049232 
0.061285 
0.074081 
0.087423 
0.101023 
0.114526 
0.127526 
0.139601 
0.150329 
0.159306 
0.166160 
0.170540 
0.172107 
0.170495 
0.165265 
0.155825 
0.141335 
0.120583 
0.091842 
0.052718 
0.000000 
-5.000000 
-5.000000 
-5.000000 
-5.000000 
-5.000000 
-5.000000 
-5.000000 
-5.000000 
-5.000000 
-5.000000 
-5.000000 
-5.000000 
-5.000000 
-5.000000 
-5.000000 
-5.000000 
-5.000000 
-5.000000 
-5.000000 
-5.000000 
-5.000000 
-5.000000 
-5.000000 
-5.000000 
-5.000000 
-5.000000 
-5.000000 
-5.000000 
-5.000000 
-5.000000 
-5.000000 
-5.000000 
-5.000000 
-5.000000 
-5.000000 
0.005772 
0.011728 
0.018034 
0.024813 
0.032138 
0.040013 
0.048376 
0.057097 
0.065987 
0.074812 
0.083305 
0.091183 
0.098163 
0.103964 
0.108315 
0.110941 
0.111540 
0.109745 
0.105066 
0.096804 
0.083948 
0.065035 
0.037998 
0.000000 
-5.000000 
-5.000000 
-5.000000 
-5.000000 
-5.000000 
-5.000000 
-5.000000 
-5.000000 
-5.000000 
-5.000000 
-5.000000 
-5.000000 
-5.000000 
-5.000000 
-5.000000 
-5.000000 
-5.000000 
-5.000000 
-5.000000 
-5.000000 
-5.000000 
-5.000000 
-5.000000 
-5.000000 
-5.000000 
-5.000000 
-5.000000 
-5.000000 
-5.000000 
-5.000000 
-5.000000 
-5.000000 
-5.000000 
-5.000000 
-5.000000 
-5.000000 
0.003683 
0.007485 
0.011510 
0.015841 
0.020520 
0.025553 
0.030899 
0.036475 
0.042159 
0.047799 
0.053222 
0.058242 
0.062666 
0.066300 
0.068940 
0.070355 
0.070268 
0.068302 
0.063920 
0.056332 
0.044379 
0.026387 
0.000000 
-5.000000 
-5.000000 
-5.000000 
-5.000000 
-5.000000 
-5.000000 
-5.000000 
-5.000000 
-5.000000 
-5.000000 
-5.000000 
-5.000000 
-5.000000 
-5.000000 
-5.000000 
-5.000000 
-5.000000 
-5.000000 
-5.000000 
-5.000000 
-5.000000 
-5.000000 
-5.000000 
-5.000000 
-5.000000 
-5.000000 
-5.000000 
-5.000000 
-5.000000 
-5.000000 
-5.000000 
-5.000000 
-5.000000 
-5.000000 
-5.000000 
-5.000000 
-5.000000 
0.002299 
0.004672 
0.007185 
0.009890 
0.012815 
0.015961 
0.019303 
0.022790 
0.026343 
0.029866 
0.033248 
0.036367 
0.039092 
0.041282 
0.042776 
0.043375 
0.042810 
0.040691 
0.036440 
0.029189 
0.017660 
0.000000 
-5.000000 
-5.000000 
-5.000000 
-5.000000 
-5.000000 
-5.000000 
-5.000000 
-5.000000 
-5.000000 
-5.000000 
-5.000000 
-5.000000 
-5.000000 
-5.000000 
-5.000000 
-5.000000 
-5.000000 
-5.000000 
-5.000000 
-5.000000 
-5.000000 
-5.000000 
-5.000000 
-5.000000 
-5.000000 
-5.000000 
-5.000000 
-5.000000 
-5.000000 
-5.000000 
-5.000000 
-5.000000 
-5.000000 
-5.000000 
-5.000000 
-5.000000 
-5.000000 
-5.000000 
0.001403 
0.002852 
0.004387 
0.006039 
0.007826 
0.009749 
0.011793 
0.013925 
0.016096 
0.018247 
0.020305 
0.022189 
0.023810 
0.025060 
0.025806 
0.025866 
0.024972 
0.022724 
0.018507 
0.011392 
0.000000 
-5.000000 
-5.000000 
-5.000000 
-5.000000 
-5.000000 
-5.000000 
-5.000000 
-5.000000 
-5.000000 
-5.000000 
-5.000000 
-5.000000 
-5.000000 
-5.000000 
-5.000000 
-5.000000 
-5.000000 
-5.000000 
-5.000000 
-5.000000 
-5.000000 
-5.000000 
-5.000000 
-5.000000 
-5.000000 
-5.000000 
-5.000000 
-5.000000 
-5.000000 
-5.000000 
-5.000000 
-5.000000 
-5.000000 
-5.000000 
-5.000000 
-5.000000 
-5.000000 
-5.000000 
-5.000000 
0.000837 
0.001702 
0.002619 
0.003606 
0.004674 
0.005824 
0.007046 
0.008320 
0.009616 
0.010897 
0.012116 
0.013219 
0.014140 
0.014793 
0.015061 
0.014773 
0.013661 
0.011312 
0.007084 
0.000000 
-5.000000 
-5.000000 
-5.000000 
-5.000000 
-5.000000 
-5.000000 
-5.000000 
-5.000000 
-5.000000 
-5.000000 
-5.000000 
-5.000000 
-5.000000 
-5.000000 
-5.000000 
-5.000000 
-5.000000 
-5.000000 
-5.000000 
-5.000000 
-5.000000 
-5.000000 
-5.000000 
-5.000000 
-5.000000 
-5.000000 
-5.000000 
-5.000000 
-5.000000 
-5.000000 
-5.000000 
-5.000000 
-5.000000 
-5.000000 
-5.000000 
-5.000000 
-5.000000 
-5.000000 
-5.000000 
-5.000000 
0.000489 
0.000994 
0.001529 
0.002106 
0.002730 
0.003402 
0.004116 
0.004860 
0.005616 
0.006359 
0.007060 
0.007679 
0.008166 
0.008449 
0.008422 
0.007916 
0.006665 
0.004247 
0.000000 
-5.000000 
-5.000000 
-5.000000 
-5.000000 
-5.000000 
-5.000000 
-5.000000 
-5.000000 
-5.000000 
-5.000000 
-5.000000 
-5.000000 
-5.000000 
-5.000000 
-5.000000 
-5.000000 
-5.000000 
-5.000000 
-5.000000 
-5.000000 
-5.000000 
-5.000000 
-5.000000 
-5.000000 
-5.000000 
-5.000000 
-5.000000 
-5.000000 
-5.000000 
-5.000000 
-5.000000 
-5.000000 
-5.000000 
-5.000000 
-5.000000 
-5.000000 
-5.000000 
-5.000000 
-5.000000 
-5.000000 
-5.000000 
0.000279 
0.000567 
0.000873 
0.001202 
0.001559 
0.001943 
0.002351 
0.002775 
0.003205 
0.003624 
0.004011 
0.004339 
0.004564 
0.004625 
0.004420 
0.003785 
0.002454 
0.000000 
-5.000000 
-5.000000 
-5.000000 
-5.000000 
-5.000000 
-5.000000 
-5.000000 
-5.000000 
-5.000000 
-5.000000 
-5.000000 
-5.000000 
-5.000000 
-5.000000 
-5.000000 
-5.000000 
-5.000000 
-5.000000 
-5.000000 
-5.000000 
-5.000000 
-5.000000 
-5.000000 
-5.000000 
-5.000000 
-5.000000 
-5.000000 
-5.000000 
-5.000000 
-5.000000 
-5.000000 
-5.000000 
-5.000000 
-5.000000 
-5.000000 
-5.000000 
-5.000000 
-5.000000 
-5.000000 
-5.000000 
-5.000000 
-5.000000 
0.000156 
0.000317 
0.000487 
0.000671 
0.000871 
0.001085 
0.001313 
0.001549 
0.001786 
0.002014 
0.002217 
0.002373 
0.002445 
0.002377 
0.002071 
0.001366 
0.000000 
-5.000000 
-5.000000 
-5.000000 
-5.000000 
-5.000000 
-5.000000 
-5.000000 
-5.000000 
-5.000000 
-5.000000 
-5.000000 
-5.000000 
-5.000000 
-5.000000 
-5.000000 
-5.000000 
-5.000000 
-5.000000 
-5.000000 
-5.000000 
-5.000000 
-5.000000 
-5.000000 
-5.000000 
-5.000000 
-5.000000 
-5.000000 
-5.000000 
-5.000000 
-5.000000 
-5.000000 
-5.000000 
-5.000000 
-5.000000 
-5.000000 
-5.000000 
-5.000000 
-5.000000 
-5.000000 
-5.000000 
-5.000000 
-5.000000 
-5.000000 
0.000085 
0.000173 
0.000266 
0.000366 
0.000475 
0.000592 
0.000716 
0.000844 
0.000971 
0.001089 
0.001186 
0.001244 
0.001231 
0.001091 
0.000733 
0.000000 
-5.000000 
-5.000000 
-5.000000 
-5.000000 
-5.000000 
-5.000000 
-5.000000 
-5.000000 
-5.000000 
-5.000000 
-5.000000 
-5.000000 
-5.000000 
-5.000000 
-5.000000 
-5.000000 
-5.000000 
-5.000000 
-5.000000 
-5.000000 
-5.000000 
-5.000000 
-5.000000 
-5.000000 
-5.000000 
-5.000000 
-5.000000 
-5.000000 
-5.000000 
-5.000000 
-5.000000 
-5.000000 
-5.000000 
-5.000000 
-5.000000 
-5.000000 
-5.000000 
-5.000000 
-5.000000 
-5.000000 
-5.000000 
-5.000000 
-5.000000 
-5.000000 
0.000045 
0.000092 
0.000142 
0.000196 
0.000254 
0.000316 
0.000382 
0.000449 
0.000513 
0.000570 
0.000609 
0.000613 
0.000553 
0.000379 
0.000000 
-5.000000 
-5.000000 
-5.000000 
-5.000000 
-5.000000 
-5.000000 
-5.000000 
-5.000000 
-5.000000 
-5.000000 
-5.000000 
-5.000000 
-5.000000 
-5.000000 
-5.000000 
-5.000000 
-5.000000 
-5.000000 
-5.000000 
-5.000000 
-5.000000 
-5.000000 
-5.000000 
-5.000000 
-5.000000 
-5.000000 
-5.000000 
-5.000000 
-5.000000 
-5.000000 
-5.000000 
-5.000000 
-5.000000 
-5.000000 
-5.000000 
-5.000000 
-5.000000 
-5.000000 
-5.000000 
-5.000000 
-5.000000 
-5.000000 
-5.000000 
-5.000000 
-5.000000 
0.000024 
0.000048 
0.000074 
0.000102 
0.000132 
0.000165 
0.000198 
0.000232 
0.000263 
0.000286 
0.000294 
0.000270 
0.000188 
0.000000 
-5.000000 
-5.000000 
-5.000000 
-5.000000 
-5.000000 
-5.000000 
-5.000000 
-5.000000 
-5.000000 
-5.000000 
-5.000000 
-5.000000 
-5.000000 
-5.000000 
-5.000000 
-5.000000 
-5.000000 
-5.000000 
-5.000000 
-5.000000 
-5.000000 
-5.000000 
-5.000000 
-5.000000 
-5.000000 
-5.000000 
-5.000000 
-5.000000 
-5.000000 
-5.000000 
-5.000000 
-5.000000 
-5.000000 
-5.000000 
-5.000000 
-5.000000 
-5.000000 
-5.000000 
-5.000000 
-5.000000 
-5.000000 
-5.000000 
-5.000000 
-5.000000 
-5.000000 
-5.000000 
0.000012 
0.000025 
0.000038 
0.000052 
0.000067 
0.000084 
0.000100 
0.000116 
0.000129 
0.000135 
0.000127 
0.000090 
0.000000 
-5.000000 
-5.000000 
-5.000000 
-5.000000 
-5.000000 
-5.000000 
-5.000000 
-5.000000 
-5.000000 
-5.000000 
-5.000000 
-5.000000 
-5.000000 
-5.000000 
-5.000000 
-5.000000 
-5.000000 
-5.000000 
-5.000000 
-5.000000 
-5.000000 
-5.000000 
-5.000000 
-5.000000 
-5.000000 
-5.000000 
-5.000000 
-5.000000 
-5.000000 
-5.000000 
-5.000000 
-5.000000 
-5.000000 
-5.000000 
-5.000000 
-5.000000 
-5.000000 
-5.000000 
-5.000000 
-5.000000 
-5.000000 
-5.000000 
-5.000000 
-5.000000 
-5.000000 
-5.000000 
-5.000000 
0.000006 
0.000012 
0.000019 
0.000026 
0.000033 
0.000041 
0.000049 
0.000056 
0.000060 
0.000057 
0.000041 
0.000000 
-5.000000 
-5.000000 
-5.000000 
-5.000000 
-5.000000 
-5.000000 
-5.000000 
-5.000000 
-5.000000 
-5.000000 
-5.000000 
-5.000000 
-5.000000 
-5.000000 
-5.000000 
-5.000000 
-5.000000 
-5.000000 
-5.000000 
-5.000000 
-5.000000 
-5.000000 
-5.000000 
-5.000000 
-5.000000 
-5.000000 
-5.000000 
-5.000000 
-5.000000 
-5.000000 
-5.000000 
-5.000000 
-5.000000 
-5.000000 
-5.000000 
-5.000000 
-5.000000 
-5.000000 
-5.000000 
-5.000000 
-5.000000 
-5.000000 
-5.000000 
-5.000000 
-5.000000 
-5.000000 
-5.000000 
-5.000000 
0.000003 
0.000006 
0.000009 
0.000013 
0.000016 
0.000020 
0.000023 
0.000025 
0.000025 
0.000018 
0.000000 
-5.000000 
-5.000000 
-5.000000 
-5.000000 
-5.000000 
-5.000000 
-5.000000 
-5.000000 
-5.000000 
-5.000000 
-5.000000 
-5.000000 
-5.000000 
-5.000000 
-5.000000 
-5.000000 
-5.000000 
-5.000000 
-5.000000 
-5.000000 
-5.000000 
-5.000000 
-5.000000 
-5.000000 
-5.000000 
-5.000000 
-5.000000 
-5.000000 
-5.000000 
-5.000000 
-5.000000 
-5.000000 
-5.000000 
-5.000000 
-5.000000 
-5.000000 
-5.000000 
-5.000000 
-5.000000 
-5.000000 
-5.000000 
-5.000000 
-5.000000 
-5.000000 
-5.000000 
-5.000000 
-5.000000 
-5.000000 
-5.000000 
0.000001 
0.000003 
0.000004 
0.000006 
0.000008 
0.000009 
0.000010 
0.000010 
0.000008 
0.000000 
-5.000000 
-5.000000 
-5.000000 
-5.000000 
-5.000000 
-5.000000 
-5.000000 
-5.000000 
-5.000000 
-5.000000 
-5.000000 
-5.000000 
-5.000000 
-5.000000 
-5.000000 
-5.000000 
-5.000000 
-5.000000 
-5.000000 
-5.000000 
-5.000000 
-5.000000 
-5.000000 
-5.000000 
-5.000000 
-5.000000 
-5.000000 
-5.000000 
-5.000000 
-5.000000 
-5.000000 
-5.000000 
-5.000000 
-5.000000 
-5.000000 
-5.000000 
-5.000000 
-5.000000 
-5.000000 
-5.000000 
-5.000000 
-5.000000 
-5.000000 
-5.000000 
-5.000000 
-5.000000 
-5.000000 
-5.000000 
-5.000000 
-5.000000 
0.000001 
0.000001 
0.000002 
0.000003 
0.000003 
0.000004 
0.000004 
0.000003 
0.000000 
-5.000000 
-5.000000 
-5.000000 
-5.000000 
-5.000000 
-5.000000 
-5.000000 
-5.000000 
-5.000000 
-5.000000 
-5.000000 
-5.000000 
-5.000000 
-5.000000 
-5.000000 
-5.000000 
-5.000000 
-5.000000 
-5.000000 
-5.000000 
-5.000000 
-5.000000 
-5.000000 
-5.000000 
-5.000000 
-5.000000 
-5.000000 
-5.000000 
-5.000000 
-5.000000 
-5.000000 
-5.000000 
-5.000000 
-5.000000 
-5.000000 
-5.000000 
-5.000000 
-5.000000 
-5.000000 
-5.000000 
-5.000000 
-5.000000 
-5.000000 
-5.000000 
-5.000000 
-5.000000 
-5.000000 
-5.000000 
-5.000000 
-5.000000 
-5.000000 
0.000000 
0.000001 
0.000001 
0.000001 
0.000001 
0.000002 
0.000001 
0.000000 
-5.000000 
-5.000000 
-5.000000 
-5.000000 
-5.000000 
-5.000000 
-5.000000 
-5.000000 
-5.000000 
-5.000000 
-5.000000 
-5.000000 
-5.000000 
-5.000000 
-5.000000 
-5.000000 
-5.000000 
-5.000000 
-5.000000 
-5.000000 
-5.000000 
-5.000000 
-5.000000 
-5.000000 
-5.000000 
-5.000000 
-5.000000 
-5.000000 
-5.000000 
-5.000000 
-5.000000 
-5.000000 
-5.000000 
-5.000000 
-5.000000 
-5.000000 
-5.000000 
-5.000000 
-5.000000 
-5.000000 
-5.000000 
-5.000000 
-5.000000 
-5.000000 
-5.000000 
-5.000000 
-5.000000 
-5.000000 
-5.000000 
-5.000000 
-5.000000 
-5.000000 
0.000000 
0.000000 
0.000000 
0.000000 
0.000001 
0.000000 
0.000000 
-5.000000 
-5.000000 
-5.000000 
-5.000000 
-5.000000 
-5.000000 
-5.000000 
-5.000000 
-5.000000 
-5.000000 
-5.000000 
-5.000000 
-5.000000 
-5.000000 
-5.000000 
-5.000000 
-5.000000 
-5.000000 
-5.000000 
-5.000000 
-5.000000 
-5.000000 
-5.000000 
-5.000000 
-5.000000 
-5.000000 
-5.000000 
-5.000000 
-5.000000 
-5.000000 
-5.000000 
-5.000000 
-5.000000 
-5.000000 
-5.000000 
-5.000000 
-5.000000 
-5.000000 
-5.000000 
-5.000000 
-5.000000 
-5.000000 
-5.000000 
-5.000000 
-5.000000 
-5.000000 
-5.000000 
-5.000000 
-5.000000 
-5.000000 
-5.000000 
-5.000000 
-5.000000 
0.000000 
0.000000 
0.000000 
0.000000 
0.000000 
0.000000 
-5.000000 
-5.000000 
-5.000000 
-5.000000 
-5.000000 
-5.000000 
-5.000000 
-5.000000 
-5.000000 
-5.000000 
-5.000000 
-5.000000 
-5.000000 
-5.000000 
-5.000000 
-5.000000 
-5.000000 
-5.000000 
-5.000000 
-5.000000 
-5.000000 
-5.000000 
-5.000000 
-5.000000 
-5.000000 
-5.000000 
-5.000000 
-5.000000 
-5.000000 
-5.000000 
-5.000000 
-5.000000 
-5.000000 
-5.000000 
-5.000000 
-5.000000 
-5.000000 
-5.000000 
-5.000000 
-5.000000 
-5.000000 
-5.000000 
-5.000000 
-5.000000 
-5.000000 
-5.000000 
-5.000000 
-5.000000 
-5.000000 
-5.000000 
-5.000000 
-5.000000 
-5.000000 
-5.000000 
0.000000 
0.000000 
0.000000 
0.000000 
0.000000 
-5.000000 
-5.000000 
-5.000000 
-5.000000 
-5.000000 
-5.000000 
-5.000000 
-5.000000 
-5.000000 
-5.000000 
-5.000000 
-5.000000 
-5.000000 
-5.000000 
-5.000000 
-5.000000 
-5.000000 
-5.000000 
-5.000000 
-5.000000 
-5.000000 
-5.000000 
-5.000000 
-5.000000 
-5.000000 
-5.000000 
-5.000000 
-5.000000 
-5.000000 
-5.000000 
-5.000000 
-5.000000 
-5.000000 
-5.000000 
-5.000000 
-5.000000 
-5.000000 
-5.000000 
-5.000000 
-5.000000 
-5.000000 
-5.000000 
-5.000000 
-5.000000 
-5.000000 
-5.000000 
-5.000000 
-5.000000 
-5.000000 
-5.000000 
-5.000000 
-5.000000 
-5.000000 
-5.000000 
-5.000000 
0.000000 
0.000000 
0.000000 
0.000000 
-5.000000 
-5.000000 
-5.000000 
-5.000000 
-5.000000 
-5.000000 
-5.000000 
-5.000000 
-5.000000 
-5.000000 
-5.000000 
-5.000000 
-5.000000 
-5.000000 
-5.000000 
-5.000000 
-5.000000 
-5.000000 
-5.000000 
-5.000000 
-5.000000 
-5.000000 
-5.000000 
-5.000000 
-5.000000 
-5.000000 
-5.000000 
-5.000000 
-5.000000 
-5.000000 
-5.000000 
-5.000000 
-5.000000 
-5.000000 
-5.000000 
-5.000000 
-5.000000 
-5.000000 
-5.000000 
-5.000000 
-5.000000 
-5.000000 
-5.000000 
-5.000000 
-5.000000 
-5.000000 
-5.000000 
-5.000000 
-5.000000 
-5.000000 
-5.000000 
-5.000000 
-5.000000 
-5.000000 
-5.000000 
-5.000000 
0.000000 
0.000000 
0.000000 
-5.000000 
-5.000000 
-5.000000 
-5.000000 
-5.000000 
-5.000000 
-5.000000 
-5.000000 
-5.000000 
-5.000000 
-5.000000 
-5.000000 
-5.000000 
-5.000000 
-5.000000 
-5.000000 
-5.000000 
-5.000000 
-5.000000 
-5.000000 
-5.000000 
-5.000000 
-5.000000 
-5.000000 
-5.000000 
-5.000000 
-5.000000 
-5.000000 
-5.000000 
-5.000000 
-5.000000 
-5.000000 
-5.000000 
-5.000000 
-5.000000 
-5.000000 
-5.000000 
-5.000000 
-5.000000 
-5.000000 
-5.000000 
-5.000000 
-5.000000 
-5.000000 
-5.000000 
-5.000000 
-5.000000 
-5.000000 
-5.000000 
-5.000000 
-5.000000 
-5.000000 
-5.000000 
-5.000000 
-5.000000 
-5.000000 
-5.000000 
0.000000 
0.000000 
-5.000000 
-5.000000 
-5.000000 
-5.000000 
-5.000000 
-5.000000 
-5.000000 
-5.000000 
-5.000000 
-5.000000 
-5.000000 
-5.000000 
-5.000000 
-5.000000 
-5.000000 
-5.000000 
-5.000000 
-5.000000 
-5.000000 
-5.000000 
-5.000000 
-5.000000 
-5.000000 
-5.000000 
-5.000000 
-5.000000 
-5.000000 
-5.000000 
-5.000000 
-5.000000 
-5.000000 
-5.000000 
-5.000000 
-5.000000 
-5.000000 
-5.000000 
-5.000000 
-5.000000 
-5.000000 
-5.000000 
-5.000000 
-5.000000 
-5.000000 
-5.000000 
-5.000000 
-5.000000 
-5.000000 
-5.000000 
-5.000000 
-5.000000 
-5.000000 
-5.000000 
-5.000000 
-5.000000 
-5.000000 
-5.000000 
-5.000000 
-5.000000 
0.000000 
-5.000000 
-5.000000 
-5.000000 
-5.000000 
-5.000000 
-5.000000 
-5.000000 
-5.000000 
-5.000000 
-5.000000 
-5.000000 
-5.000000 
-5.000000 
-5.000000 
-5.000000 
-5.000000 
-5.000000 
-5.000000 
-5.000000 
-5.000000 
-5.000000 
-5.000000 
-5.000000 
-5.000000 
-5.000000 
-5.000000 
-5.000000 
-5.000000 
-5.000000 
-5.000000 
-5.000000 
-5.000000 
-5.000000 
-5.000000 
-5.000000 
-5.000000 
-5.000000 
-5.000000 
-5.000000 
-5.000000 
-5.000000 
-5.000000 
-5.000000 
-5.000000 
-5.000000 
-5.000000 
-5.000000 
-5.000000 
-5.000000 
-5.000000 
-5.000000 
-5.000000 
-5.000000 
-5.000000 
-5.000000 
-5.000000 
-5.000000 
-5.000000 
-5.000000 
-5.000000 
-5.000000 
-5.000000 
-5.000000 
-5.000000 
-5.000000 
-5.000000 
-5.000000 
-5.000000 
-5.000000 
-5.000000 
-5.000000 
-5.000000 
-5.000000 
-5.000000 
-5.000000 
-5.000000 
-5.000000 
-5.000000 
-5.000000 
-5.000000 
-5.000000 
-5.000000 
-5.000000 
-5.000000 
-5.000000 
-5.000000 
-5.000000 
-5.000000 
-5.000000 
-5.000000 
-5.000000 
-5.000000 
-5.000000 
-5.000000 
-5.000000 
-5.000000 
-5.000000 
-5.000000 
-5.000000 
-5.000000 
-5.000000 
-5.000000 
-5.000000 
-5.000000 
-5.000000 
-5.000000 
-5.000000 
-5.000000 
-5.000000 
-5.000000 
-5.000000 
-5.000000 
-5.000000 
-5.000000 
-5.000000 
-5.000000 
-5.000000 
-5.000000 
-5.000000 
