# z = ,(t = 1)
0.067827 
0.147020 
0.248308 
0.380971 
0.551799 
0.763928 
1.015862 
1.301042 
1.608241 
1.922880 
2.229022 
2.511584 
2.758204 
2.960300 
3.113120 
3.214916 
3.265634 
3.265634 
3.214916 
3.113120 
2.960301 
2.758206 
2.511588 
2.229033 
1.922909 
1.608317 
1.301230 
1.016312 
0.764955 
0.554050 
0.385699 
0.257821 
0.165361 
0.101707 
0.059964 
0.033880 
0.018341 
0.009513 
0.004728 
0.002251 
0.001027 
0.000449 
0.000188 
0.000076 
0.000029 
0.000011 
0.000004 
0.000001 
0.000000 
0.000000 
0.000000 
0.000000 
0.000000 
0.000000 
0.000000 
0.000000 
0.000000 
0.000000 
0.000000 
-5.000000 
0.132298 
0.286777 
0.484377 
0.743212 
1.076536 
1.490472 
1.982107 
2.538635 
3.138146 
3.752182 
4.349633 
4.901059 
5.382333 
5.776708 
6.074916 
6.273552 
6.372517 
6.372517 
6.273552 
6.074917 
5.776709 
5.382336 
4.901066 
4.349654 
3.752239 
3.138294 
2.539002 
1.982982 
1.492473 
1.080922 
0.752426 
0.502920 
0.322534 
0.198358 
0.116934 
0.066059 
0.035757 
0.018544 
0.009214 
0.004387 
0.002001 
0.000875 
0.000367 
0.000148 
0.000057 
0.000021 
0.000007 
0.000003 
0.000001 
0.000000 
0.000000 
0.000000 
0.000000 
0.000000 
0.000000 
0.000000 
0.000000 
0.000000 
-5.000000 
-5.000000 
0.190547 
0.413068 
0.697751 
1.070714 
1.551070 
2.147656 
2.856277 
3.658474 
4.522655 
5.407783 
6.269000 
7.063855 
7.757567 
8.325997 
8.755796 
9.042074 
9.184698 
9.184698 
9.042074 
8.755797 
8.325998 
7.757570 
7.063866 
6.269030 
5.407865 
4.522867 
3.659001 
2.857535 
2.150534 
1.557378 
1.083968 
0.724432 
0.464529 
0.285639 
0.168358 
0.095092 
0.051461 
0.026682 
0.013254 
0.006309 
0.002878 
0.001258 
0.000527 
0.000212 
0.000082 
0.000030 
0.000011 
0.000004 
0.000001 
0.000000 
0.000000 
0.000000 
0.000000 
0.000000 
0.000000 
0.000000 
0.000000 
-5.000000 
-5.000000 
-5.000000 
0.240569 
0.521552 
0.881104 
1.352248 
1.959153 
2.713004 
3.608506 
4.622329 
5.714531 
6.833227 
7.921692 
8.926259 
9.802957 
10.521287 
11.064397 
11.426127 
11.606335 
11.606335 
11.426127 
11.064397 
10.521289 
9.802962 
8.926272 
7.921730 
6.833329 
5.714798 
4.622993 
3.610090 
2.716629 
1.967102 
1.368955 
0.914747 
0.586459 
0.360540 
0.212457 
0.119970 
0.064907 
0.033643 
0.016707 
0.007950 
0.003625 
0.001584 
0.000664 
0.000267 
0.000103 
0.000038 
0.000013 
0.000005 
0.000002 
0.000000 
0.000000 
0.000000 
0.000000 
0.000000 
0.000000 
0.000000 
-5.000000 
-5.000000 
-5.000000 
-5.000000 
0.281394 
0.610118 
1.030864 
1.582319 
2.292806 
3.175445 
4.224046 
5.411284 
6.690367 
8.000499 
9.275218 
10.451645 
11.478277 
12.319403 
12.955312 
13.378824 
13.589803 
13.589803 
13.378825 
12.955313 
12.319405 
11.478282 
10.451660 
9.275262 
8.000618 
6.690678 
5.412058 
4.225893 
3.179674 
2.302085 
1.601827 
1.070160 
0.685956 
0.421611 
0.248382 
0.140217 
0.075838 
0.039297 
0.019508 
0.009279 
0.004229 
0.001847 
0.000774 
0.000311 
0.000120 
0.000044 
0.000016 
0.000005 
0.000002 
0.000001 
0.000000 
0.000000 
0.000000 
0.000000 
0.000000 
-5.000000 
-5.000000 
-5.000000 
-5.000000 
-5.000000 
0.313032 
0.678784 
1.147041 
1.760910 
2.551961 
3.534828 
4.702631 
6.024932 
7.449594 
8.908865 
10.328681 
11.638974 
12.782367 
13.719096 
14.427232 
14.898818 
15.133734 
15.133734 
14.898818 
14.427233 
13.719097 
12.782373 
11.638991 
10.328729 
8.908997 
7.449938 
6.025790 
4.704680 
3.539520 
2.562260 
1.782572 
1.190691 
0.763053 
0.468887 
0.276161 
0.155854 
0.084270 
0.043651 
0.021661 
0.010299 
0.004692 
0.002049 
0.000858 
0.000344 
0.000133 
0.000049 
0.000017 
0.000006 
0.000002 
0.000001 
0.000000 
0.000000 
0.000000 
0.000000 
-5.000000 
-5.000000 
-5.000000 
-5.000000 
-5.000000 
-5.000000 
0.336257 
0.729214 
1.232423 
1.892258 
2.742694 
3.799493 
5.055271 
6.477290 
8.009456 
9.578871 
11.105841 
12.514979 
13.744567 
14.751847 
15.513267 
16.020306 
16.272873 
16.272873 
16.020307 
15.513268 
14.751849 
13.744573 
12.514998 
11.105893 
9.579013 
8.009825 
6.478208 
5.057465 
3.804521 
2.753734 
1.915486 
1.279247 
0.819639 
0.503545 
0.296500 
0.167288 
0.090425 
0.046824 
0.023228 
0.011040 
0.005028 
0.002195 
0.000918 
0.000368 
0.000142 
0.000052 
0.000019 
0.000006 
0.000002 
0.000001 
0.000000 
0.000000 
0.000000 
-5.000000 
-5.000000 
-5.000000 
-5.000000 
-5.000000 
-5.000000 
-5.000000 
0.352284 
0.764033 
1.291416 
1.983083 
2.874686 
3.982775 
5.299619 
6.790883 
8.397721 
10.043647 
11.645048 
13.122835 
14.412267 
15.468515 
16.266904 
16.798534 
17.063339 
17.063339 
16.798534 
16.266905 
15.468517 
14.412274 
13.122854 
11.645103 
10.043795 
8.398105 
6.791843 
5.301912 
3.988031 
2.886231 
2.007382 
1.340413 
0.858680 
0.527427 
0.310496 
0.175143 
0.094647 
0.048997 
0.024299 
0.011545 
0.005256 
0.002293 
0.000959 
0.000385 
0.000148 
0.000055 
0.000019 
0.000007 
0.000002 
0.000001 
0.000000 
0.000000 
-5.000000 
-5.000000 
-5.000000 
-5.000000 
-5.000000 
-5.000000 
-5.000000 
-5.000000 
0.362441 
0.786112 
1.328853 
2.040769 
2.958586 
4.099362 
5.455147 
6.990587 
8.645073 
10.339828 
11.988728 
13.510315 
14.837920 
15.925391 
16.747343 
17.294640 
17.567241 
17.567241 
17.294640 
16.747343 
15.925393 
14.837927 
13.510335 
11.988784 
10.339980 
8.645468 
6.991572 
5.457502 
4.104761 
2.970448 
2.065740 
1.379216 
0.883418 
0.542540 
0.319339 
0.180099 
0.097305 
0.050362 
0.024971 
0.011861 
0.005399 
0.002355 
0.000985 
0.000395 
0.000152 
0.000056 
0.000020 
0.000007 
0.000002 
0.000000 
0.000000 
-5.000000 
-5.000000 
-5.000000 
-5.000000 
-5.000000 
-5.000000 
-5.000000 
-5.000000 
-5.000000 
0.367897 
0.797980 
1.348994 
2.071835 
3.003811 
4.162259 
5.539111 
7.098463 
8.778748 
10.499944 
12.174563 
13.719861 
15.068125 
16.172485 
17.007178 
17.562943 
17.839757 
17.839757 
17.562943 
17.007179 
16.172488 
15.068132 
13.719882 
12.174620 
10.500098 
8.779148 
7.099461 
5.541499 
4.167733 
3.015840 
2.097162 
1.400084 
0.896703 
0.550644 
0.324074 
0.182747 
0.098723 
0.051089 
0.025327 
0.012029 
0.005474 
0.002387 
0.000998 
0.000399 
0.000153 
0.000056 
0.000019 
0.000006 
0.000002 
0.000000 
-5.000000 
-5.000000 
-5.000000 
-5.000000 
-5.000000 
-5.000000 
-5.000000 
-5.000000 
-5.000000 
-5.000000 
0.369482 
0.801433 
1.354870 
2.080922 
3.017076 
4.180753 
5.563851 
7.130301 
8.818253 
10.547307 
12.229570 
13.781911 
15.136304 
16.245670 
17.084133 
17.642401 
17.920459 
17.920459 
17.642401 
17.084133 
16.245672 
15.136311 
13.781931 
12.229627 
10.547462 
8.818654 
7.131303 
5.566247 
4.186248 
3.029152 
2.106349 
1.406164 
0.900560 
0.552986 
0.325435 
0.183504 
0.099126 
0.051294 
0.025426 
0.012074 
0.005494 
0.002395 
0.001000 
0.000400 
0.000152 
0.000055 
0.000018 
0.000005 
0.000000 
-5.000000 
-5.000000 
-5.000000 
-5.000000 
-5.000000 
-5.000000 
-5.000000 
-5.000000 
-5.000000 
-5.000000 
-5.000000 
0.367605 
0.797362 
1.347987 
2.070351 
3.001748 
4.159512 
5.535584 
7.094076 
8.773453 
10.493724 
12.167440 
13.711895 
15.059406 
16.163135 
16.997338 
17.552768 
17.829413 
17.829413 
17.552768 
16.997338 
16.163138 
15.059413 
13.711915 
12.167497 
10.493877 
8.773852 
7.095073 
5.537968 
4.164980 
3.013763 
2.095649 
1.399022 
0.895986 
0.550178 
0.323783 
0.182572 
0.098623 
0.051033 
0.025296 
0.012011 
0.005463 
0.002379 
0.000991 
0.000393 
0.000147 
0.000050 
0.000013 
0.000000 
-5.000000 
-5.000000 
-5.000000 
-5.000000 
-5.000000 
-5.000000 
-5.000000 
-5.000000 
-5.000000 
-5.000000 
-5.000000 
-5.000000 
0.362274 
0.785785 
1.328385 
2.040193 
2.957952 
4.098736 
5.454601 
6.990190 
8.644874 
10.339846 
11.988950 
13.510700 
14.838414 
15.925938 
16.747901 
17.295189 
17.567780 
17.567780 
17.295189 
16.747902 
15.925940 
14.838421 
13.510720 
11.989005 
10.339997 
8.645268 
6.991173 
5.456952 
4.104126 
2.969797 
2.065132 
1.378692 
0.882997 
0.542223 
0.319115 
0.179947 
0.097208 
0.050300 
0.024931 
0.011834 
0.005377 
0.002336 
0.000966 
0.000376 
0.000133 
0.000037 
0.000000 
-5.000000 
-5.000000 
-5.000000 
-5.000000 
-5.000000 
-5.000000 
-5.000000 
-5.000000 
-5.000000 
-5.000000 
-5.000000 
-5.000000 
-5.000000 
0.353185 
0.766051 
1.294977 
1.988803 
2.883333 
3.995200 
5.316659 
6.813251 
8.425893 
10.077792 
11.684992 
13.168087 
14.462092 
15.522022 
16.323145 
16.856565 
17.122252 
17.122252 
16.856565 
16.323146 
15.522024 
14.462098 
13.168107 
11.685047 
10.077940 
8.426278 
6.814210 
5.318953 
4.000459 
2.894888 
2.013128 
1.344040 
0.860851 
0.528656 
0.311149 
0.175465 
0.094788 
0.049045 
0.024300 
0.011523 
0.005222 
0.002252 
0.000913 
0.000335 
0.000095 
0.000000 
-5.000000 
-5.000000 
-5.000000 
-5.000000 
-5.000000 
-5.000000 
-5.000000 
-5.000000 
-5.000000 
-5.000000 
-5.000000 
-5.000000 
-5.000000 
-5.000000 
0.339885 
0.737181 
1.246124 
1.913694 
2.774325 
3.844013 
5.115303 
6.555045 
8.106409 
9.695530 
11.241655 
12.668403 
13.913262 
14.932956 
15.703682 
16.216872 
16.472485 
16.472485 
16.216872 
15.703683 
14.932958 
13.913268 
12.668421 
11.241707 
9.695673 
8.106780 
6.555968 
5.117512 
3.849077 
2.785450 
1.937113 
1.293356 
0.828436 
0.508778 
0.299464 
0.168877 
0.091220 
0.047181 
0.023352 
0.011041 
0.004964 
0.002096 
0.000798 
0.000235 
0.000000 
-5.000000 
-5.000000 
-5.000000 
-5.000000 
-5.000000 
-5.000000 
-5.000000 
-5.000000 
-5.000000 
-5.000000 
-5.000000 
-5.000000 
-5.000000 
-5.000000 
-5.000000 
0.321962 
0.698294 
1.180354 
1.812632 
2.627732 
3.640797 
4.844765 
6.208243 
7.677417 
9.182342 
10.646550 
11.997715 
13.176640 
14.142338 
14.872262 
15.358290 
15.600377 
15.600377 
15.358290 
14.872263 
14.142340 
13.176646 
11.997733 
10.646600 
9.182477 
7.677768 
6.209119 
4.846858 
3.645595 
2.638272 
1.834819 
1.225101 
0.784742 
0.481953 
0.283668 
0.159947 
0.086359 
0.044613 
0.022011 
0.010321 
0.004539 
0.001798 
0.000549 
0.000000 
-5.000000 
-5.000000 
-5.000000 
-5.000000 
-5.000000 
-5.000000 
-5.000000 
-5.000000 
-5.000000 
-5.000000 
-5.000000 
-5.000000 
-5.000000 
-5.000000 
-5.000000 
-5.000000 
0.299257 
0.649047 
1.097105 
1.684777 
2.442370 
3.383955 
4.502970 
5.770237 
7.135738 
8.534467 
9.895352 
11.151173 
12.246909 
13.144466 
13.822887 
14.274621 
14.499627 
14.499627 
14.274621 
13.822887 
13.144468 
12.246914 
11.151189 
9.895398 
8.534592 
7.136064 
5.771049 
4.504914 
3.388411 
2.452159 
1.705387 
1.138672 
0.729361 
0.447908 
0.263576 
0.148540 
0.080093 
0.041236 
0.020168 
0.009242 
0.003809 
0.001208 
0.000000 
-5.000000 
-5.000000 
-5.000000 
-5.000000 
-5.000000 
-5.000000 
-5.000000 
-5.000000 
-5.000000 
-5.000000 
-5.000000 
-5.000000 
-5.000000 
-5.000000 
-5.000000 
-5.000000 
-5.000000 
0.272029 
0.590007 
0.997338 
1.531624 
2.220424 
3.076540 
4.094006 
5.246292 
6.487913 
7.759753 
8.997180 
10.139064 
11.135375 
11.951476 
12.568318 
12.979043 
13.183620 
13.183620 
12.979043 
12.568319 
11.951478 
11.135380 
10.139079 
8.997221 
7.759866 
6.488208 
5.247027 
4.095766 
3.080577 
2.229298 
1.550314 
1.035049 
0.662894 
0.406975 
0.239339 
0.134683 
0.072359 
0.036917 
0.017634 
0.007564 
0.002490 
0.000000 
-5.000000 
-5.000000 
-5.000000 
-5.000000 
-5.000000 
-5.000000 
-5.000000 
-5.000000 
-5.000000 
-5.000000 
-5.000000 
-5.000000 
-5.000000 
-5.000000 
-5.000000 
-5.000000 
-5.000000 
-5.000000 
0.241048 
0.522842 
0.883877 
1.357505 
1.968174 
2.727249 
3.629444 
4.651232 
5.752271 
6.880119 
7.977445 
8.990026 
9.873489 
10.597124 
11.144053 
11.508213 
11.689591 
11.689591 
11.508213 
11.144054 
10.597126 
9.873493 
8.990038 
7.977481 
6.880218 
5.752528 
4.651875 
3.630986 
2.730792 
1.975977 
1.373961 
0.917119 
0.587154 
0.360213 
0.211497 
0.118560 
0.063100 
0.031422 
0.014036 
0.004802 
0.000000 
-5.000000 
-5.000000 
-5.000000 
-5.000000 
-5.000000 
-5.000000 
-5.000000 
-5.000000 
-5.000000 
-5.000000 
-5.000000 
-5.000000 
-5.000000 
-5.000000 
-5.000000 
-5.000000 
-5.000000 
-5.000000 
-5.000000 
0.207574 
0.450285 
0.761330 
1.169478 
1.695828 
2.350194 
3.128029 
4.009045 
4.958441 
5.930973 
6.877177 
7.750277 
8.512002 
9.135879 
9.607375 
9.921287 
10.077631 
10.077631 
9.921287 
9.607375 
9.135880 
8.512005 
7.750287 
6.877206 
5.931053 
4.958654 
4.009581 
3.129321 
2.353176 
1.702421 
1.183429 
0.789591 
0.505090 
0.309327 
0.180892 
0.100422 
0.052141 
0.024261 
0.008632 
0.000000 
-5.000000 
-5.000000 
-5.000000 
-5.000000 
-5.000000 
-5.000000 
-5.000000 
-5.000000 
-5.000000 
-5.000000 
-5.000000 
-5.000000 
-5.000000 
-5.000000 
-5.000000 
-5.000000 
-5.000000 
-5.000000 
-5.000000 
-5.000000 
0.173226 
0.375834 
0.635592 
0.976568 
1.416427 
1.963394 
2.613680 
3.350319 
4.144190 
4.957432 
5.748648 
6.478696 
7.115564 
7.637124 
8.031249 
8.293622 
8.424288 
8.424288 
8.293622 
8.031249 
7.637125 
7.115566 
6.478703 
5.748669 
4.957491 
4.144350 
3.350729 
2.614685 
1.965743 
1.421675 
0.987769 
0.658444 
0.420413 
0.256395 
0.148448 
0.080365 
0.038964 
0.014427 
0.000000 
-5.000000 
-5.000000 
-5.000000 
-5.000000 
-5.000000 
-5.000000 
-5.000000 
-5.000000 
-5.000000 
-5.000000 
-5.000000 
-5.000000 
-5.000000 
-5.000000 
-5.000000 
-5.000000 
-5.000000 
-5.000000 
-5.000000 
-5.000000 
-5.000000 
0.139748 
0.303266 
0.513025 
0.788511 
1.144036 
1.586277 
2.112181 
2.708022 
3.350223 
4.008120 
4.648187 
5.238730 
5.753838 
6.175623 
6.494300 
6.706418 
6.812045 
6.812045 
6.706418 
6.494300 
6.175623 
5.753839 
5.238732 
4.648197 
4.008152 
3.350317 
2.708280 
2.112846 
1.587896 
1.147769 
0.796681 
0.530027 
0.336963 
0.203419 
0.114815 
0.058011 
0.022363 
0.000000 
-5.000000 
-5.000000 
-5.000000 
-5.000000 
-5.000000 
-5.000000 
-5.000000 
-5.000000 
-5.000000 
-5.000000 
-5.000000 
-5.000000 
-5.000000 
-5.000000 
-5.000000 
-5.000000 
-5.000000 
-5.000000 
-5.000000 
-5.000000 
-5.000000 
-5.000000 
0.108752 
0.236070 
0.399510 
0.614308 
0.891661 
1.236808 
1.647380 
2.112654 
2.614196 
3.128022 
3.627911 
4.089079 
4.491279 
4.820549 
5.069277 
5.234804 
5.317220 
5.317220 
5.234804 
5.069276 
4.820548 
4.491277 
4.089076 
3.627905 
3.128015 
2.614199 
2.112712 
1.647617 
1.237538 
0.893609 
0.619013 
0.410012 
0.257982 
0.151786 
0.079926 
0.032090 
0.000000 
-5.000000 
-5.000000 
-5.000000 
-5.000000 
-5.000000 
-5.000000 
-5.000000 
-5.000000 
-5.000000 
-5.000000 
-5.000000 
-5.000000 
-5.000000 
-5.000000 
-5.000000 
-5.000000 
-5.000000 
-5.000000 
-5.000000 
-5.000000 
-5.000000 
-5.000000 
-5.000000 
0.081489 
0.176953 
0.299613 
0.460950 
0.669415 
0.928969 
1.237844 
1.587967 
1.965445 
2.352194 
2.728441 
3.075505 
3.378134 
3.625829 
3.812889 
3.937348 
3.999307 
3.999306 
3.937348 
3.812888 
3.625826 
3.378128 
3.075490 
2.728410 
2.352128 
1.965318 
1.587745 
1.237499 
0.928533 
0.669104 
0.461427 
0.302457 
0.185445 
0.101761 
0.042561 
0.000000 
-5.000000 
-5.000000 
-5.000000 
-5.000000 
-5.000000 
-5.000000 
-5.000000 
-5.000000 
-5.000000 
-5.000000 
-5.000000 
-5.000000 
-5.000000 
-5.000000 
-5.000000 
-5.000000 
-5.000000 
-5.000000 
-5.000000 
-5.000000 
-5.000000 
-5.000000 
-5.000000 
-5.000000 
0.058705 
0.127533 
0.216066 
0.332631 
0.483367 
0.671164 
0.894751 
1.148280 
1.421672 
1.701801 
1.974314 
2.225653 
2.444764 
2.624051 
2.759407 
2.849441 
2.894252 
2.894252 
2.849440 
2.759405 
2.624046 
2.444751 
2.225622 
1.974242 
1.701645 
1.421349 
1.147643 
0.893566 
0.669093 
0.479989 
0.327553 
0.209197 
0.119605 
0.052114 
0.000000 
-5.000000 
-5.000000 
-5.000000 
-5.000000 
-5.000000 
-5.000000 
-5.000000 
-5.000000 
-5.000000 
-5.000000 
-5.000000 
-5.000000 
-5.000000 
-5.000000 
-5.000000 
-5.000000 
-5.000000 
-5.000000 
-5.000000 
-5.000000 
-5.000000 
-5.000000 
-5.000000 
-5.000000 
-5.000000 
0.040610 
0.088267 
0.149647 
0.230558 
0.335287 
0.465862 
0.621408 
0.797853 
0.988166 
1.183186 
1.372896 
1.547837 
1.700306 
1.825021 
1.919143 
1.981729 
2.012872 
2.012872 
1.981727 
1.919139 
1.825011 
1.700282 
1.547780 
1.372762 
1.182889 
0.987539 
0.796589 
0.618978 
0.461416 
0.327550 
0.217784 
0.129689 
0.058866 
0.000000 
-5.000000 
-5.000000 
-5.000000 
-5.000000 
-5.000000 
-5.000000 
-5.000000 
-5.000000 
-5.000000 
-5.000000 
-5.000000 
-5.000000 
-5.000000 
-5.000000 
-5.000000 
-5.000000 
-5.000000 
-5.000000 
-5.000000 
-5.000000 
-5.000000 
-5.000000 
-5.000000 
-5.000000 
-5.000000 
-5.000000 
0.026949 
0.058609 
0.099446 
0.153350 
0.223200 
0.310361 
0.414257 
0.532165 
0.659375 
0.789745 
0.916559 
1.033479 
1.135347 
1.218640 
1.281475 
1.323241 
1.344019 
1.344018 
1.323239 
1.281469 
1.218624 
1.135307 
1.033380 
0.916329 
0.789235 
0.658291 
0.529965 
0.409988 
0.302448 
0.209195 
0.129689 
0.061308 
0.000000 
-5.000000 
-5.000000 
-5.000000 
-5.000000 
-5.000000 
-5.000000 
-5.000000 
-5.000000 
-5.000000 
-5.000000 
-5.000000 
-5.000000 
-5.000000 
-5.000000 
-5.000000 
-5.000000 
-5.000000 
-5.000000 
-5.000000 
-5.000000 
-5.000000 
-5.000000 
-5.000000 
-5.000000 
-5.000000 
-5.000000 
-5.000000 
0.017142 
0.037306 
0.063359 
0.097801 
0.142488 
0.198303 
0.264883 
0.340481 
0.422067 
0.505691 
0.587028 
0.662004 
0.727304 
0.780674 
0.820916 
0.847652 
0.860949 
0.860948 
0.847649 
0.820906 
0.780647 
0.727238 
0.661843 
0.586657 
0.504866 
0.420317 
0.336923 
0.257966 
0.185439 
0.119603 
0.058865 
0.000000 
-5.000000 
-5.000000 
-5.000000 
-5.000000 
-5.000000 
-5.000000 
-5.000000 
-5.000000 
-5.000000 
-5.000000 
-5.000000 
-5.000000 
-5.000000 
-5.000000 
-5.000000 
-5.000000 
-5.000000 
-5.000000 
-5.000000 
-5.000000 
-5.000000 
-5.000000 
-5.000000 
-5.000000 
-5.000000 
-5.000000 
-5.000000 
-5.000000 
0.010446 
0.022751 
0.038680 
0.059775 
0.087181 
0.121451 
0.162362 
0.208841 
0.259019 
0.310457 
0.360486 
0.406589 
0.446728 
0.479517 
0.504227 
0.520636 
0.528794 
0.528793 
0.520631 
0.504212 
0.479476 
0.446626 
0.406342 
0.359915 
0.309192 
0.256337 
0.203395 
0.151777 
0.101758 
0.052114 
0.000000 
-5.000000 
-5.000000 
-5.000000 
-5.000000 
-5.000000 
-5.000000 
-5.000000 
-5.000000 
-5.000000 
-5.000000 
-5.000000 
-5.000000 
-5.000000 
-5.000000 
-5.000000 
-5.000000 
-5.000000 
-5.000000 
-5.000000 
-5.000000 
-5.000000 
-5.000000 
-5.000000 
-5.000000 
-5.000000 
-5.000000 
-5.000000 
-5.000000 
-5.000000 
0.006096 
0.013288 
0.022617 
0.034996 
0.051104 
0.071269 
0.095364 
0.122755 
0.152337 
0.182667 
0.212163 
0.239338 
0.262987 
0.282294 
0.296836 
0.306487 
0.311283 
0.311281 
0.306479 
0.296813 
0.282234 
0.262836 
0.238975 
0.211326 
0.180815 
0.148415 
0.114801 
0.079921 
0.042559 
0.000000 
-5.000000 
-5.000000 
-5.000000 
-5.000000 
-5.000000 
-5.000000 
-5.000000 
-5.000000 
-5.000000 
-5.000000 
-5.000000 
-5.000000 
-5.000000 
-5.000000 
-5.000000 
-5.000000 
-5.000000 
-5.000000 
-5.000000 
-5.000000 
-5.000000 
-5.000000 
-5.000000 
-5.000000 
-5.000000 
-5.000000 
-5.000000 
-5.000000 
-5.000000 
-5.000000 
0.003406 
0.007431 
0.012664 
0.019622 
0.028691 
0.040060 
0.053658 
0.069127 
0.085840 
0.102978 
0.119643 
0.134993 
0.148344 
0.159238 
0.167437 
0.172875 
0.175576 
0.175573 
0.172864 
0.167405 
0.159153 
0.148132 
0.134482 
0.118467 
0.100380 
0.080347 
0.058004 
0.032088 
0.000000 
-5.000000 
-5.000000 
-5.000000 
-5.000000 
-5.000000 
-5.000000 
-5.000000 
-5.000000 
-5.000000 
-5.000000 
-5.000000 
-5.000000 
-5.000000 
-5.000000 
-5.000000 
-5.000000 
-5.000000 
-5.000000 
-5.000000 
-5.000000 
-5.000000 
-5.000000 
-5.000000 
-5.000000 
-5.000000 
-5.000000 
-5.000000 
-5.000000 
-5.000000 
-5.000000 
-5.000000 
0.001821 
0.003978 
0.006788 
0.010534 
0.015426 
0.021566 
0.028918 
0.037288 
0.046335 
0.055614 
0.064636 
0.072943 
0.080165 
0.086053 
0.090482 
0.093417 
0.094874 
0.094870 
0.093402 
0.090438 
0.085939 
0.079878 
0.072254 
0.063051 
0.052119 
0.038955 
0.022360 
0.000000 
-5.000000 
-5.000000 
-5.000000 
-5.000000 
-5.000000 
-5.000000 
-5.000000 
-5.000000 
-5.000000 
-5.000000 
-5.000000 
-5.000000 
-5.000000 
-5.000000 
-5.000000 
-5.000000 
-5.000000 
-5.000000 
-5.000000 
-5.000000 
-5.000000 
-5.000000 
-5.000000 
-5.000000 
-5.000000 
-5.000000 
-5.000000 
-5.000000 
-5.000000 
-5.000000 
-5.000000 
-5.000000 
0.000932 
0.002038 
0.003484 
0.005415 
0.007942 
0.011119 
0.014927 
0.019266 
0.023958 
0.028771 
0.033451 
0.037758 
0.041500 
0.044549 
0.046841 
0.048358 
0.049110 
0.049105 
0.048338 
0.046784 
0.044400 
0.041128 
0.036864 
0.031398 
0.024251 
0.014423 
0.000000 
-5.000000 
-5.000000 
-5.000000 
-5.000000 
-5.000000 
-5.000000 
-5.000000 
-5.000000 
-5.000000 
-5.000000 
-5.000000 
-5.000000 
-5.000000 
-5.000000 
-5.000000 
-5.000000 
-5.000000 
-5.000000 
-5.000000 
-5.000000 
-5.000000 
-5.000000 
-5.000000 
-5.000000 
-5.000000 
-5.000000 
-5.000000 
-5.000000 
-5.000000 
-5.000000 
-5.000000 
-5.000000 
-5.000000 
0.000457 
0.001000 
0.001712 
0.002665 
0.003915 
0.005490 
0.007380 
0.009534 
0.011866 
0.014258 
0.016584 
0.018724 
0.020582 
0.022094 
0.023230 
0.023981 
0.024351 
0.024345 
0.023955 
0.023158 
0.021908 
0.020116 
0.017609 
0.014024 
0.008628 
0.000000 
-5.000000 
-5.000000 
-5.000000 
-5.000000 
-5.000000 
-5.000000 
-5.000000 
-5.000000 
-5.000000 
-5.000000 
-5.000000 
-5.000000 
-5.000000 
-5.000000 
-5.000000 
-5.000000 
-5.000000 
-5.000000 
-5.000000 
-5.000000 
-5.000000 
-5.000000 
-5.000000 
-5.000000 
-5.000000 
-5.000000 
-5.000000 
-5.000000 
-5.000000 
-5.000000 
-5.000000 
-5.000000 
-5.000000 
-5.000000 
0.000214 
0.000469 
0.000805 
0.001256 
0.001849 
0.002596 
0.003495 
0.004520 
0.005630 
0.006770 
0.007877 
0.008896 
0.009779 
0.010498 
0.011037 
0.011393 
0.011567 
0.011560 
0.011362 
0.010951 
0.010273 
0.009218 
0.007553 
0.004797 
0.000000 
-5.000000 
-5.000000 
-5.000000 
-5.000000 
-5.000000 
-5.000000 
-5.000000 
-5.000000 
-5.000000 
-5.000000 
-5.000000 
-5.000000 
-5.000000 
-5.000000 
-5.000000 
-5.000000 
-5.000000 
-5.000000 
-5.000000 
-5.000000 
-5.000000 
-5.000000 
-5.000000 
-5.000000 
-5.000000 
-5.000000 
-5.000000 
-5.000000 
-5.000000 
-5.000000 
-5.000000 
-5.000000 
-5.000000 
-5.000000 
-5.000000 
0.000096 
0.000211 
0.000363 
0.000567 
0.000836 
0.001176 
0.001585 
0.002053 
0.002560 
0.003080 
0.003585 
0.004050 
0.004452 
0.004780 
0.005025 
0.005186 
0.005263 
0.005254 
0.005150 
0.004924 
0.004518 
0.003799 
0.002486 
0.000000 
-5.000000 
-5.000000 
-5.000000 
-5.000000 
-5.000000 
-5.000000 
-5.000000 
-5.000000 
-5.000000 
-5.000000 
-5.000000 
-5.000000 
-5.000000 
-5.000000 
-5.000000 
-5.000000 
-5.000000 
-5.000000 
-5.000000 
-5.000000 
-5.000000 
-5.000000 
-5.000000 
-5.000000 
-5.000000 
-5.000000 
-5.000000 
-5.000000 
-5.000000 
-5.000000 
-5.000000 
-5.000000 
-5.000000 
-5.000000 
-5.000000 
-5.000000 
0.000041 
0.000091 
0.000156 
0.000245 
0.000362 
0.000511 
0.000689 
0.000894 
0.001115 
0.001343 
0.001564 
0.001767 
0.001943 
0.002086 
0.002192 
0.002262 
0.002293 
0.002283 
0.002221 
0.002079 
0.001789 
0.001204 
0.000000 
-5.000000 
-5.000000 
-5.000000 
-5.000000 
-5.000000 
-5.000000 
-5.000000 
-5.000000 
-5.000000 
-5.000000 
-5.000000 
-5.000000 
-5.000000 
-5.000000 
-5.000000 
-5.000000 
-5.000000 
-5.000000 
-5.000000 
-5.000000 
-5.000000 
-5.000000 
-5.000000 
-5.000000 
-5.000000 
-5.000000 
-5.000000 
-5.000000 
-5.000000 
-5.000000 
-5.000000 
-5.000000 
-5.000000 
-5.000000 
-5.000000 
-5.000000 
-5.000000 
0.000017 
0.000037 
0.000065 
0.000102 
0.000150 
0.000212 
0.000287 
0.000373 
0.000466 
0.000561 
0.000654 
0.000739 
0.000813 
0.000872 
0.000917 
0.000945 
0.000956 
0.000945 
0.000900 
0.000792 
0.000546 
0.000000 
-5.000000 
-5.000000 
-5.000000 
-5.000000 
-5.000000 
-5.000000 
-5.000000 
-5.000000 
-5.000000 
-5.000000 
-5.000000 
-5.000000 
-5.000000 
-5.000000 
-5.000000 
-5.000000 
-5.000000 
-5.000000 
-5.000000 
-5.000000 
-5.000000 
-5.000000 
-5.000000 
-5.000000 
-5.000000 
-5.000000 
-5.000000 
-5.000000 
-5.000000 
-5.000000 
-5.000000 
-5.000000 
-5.000000 
-5.000000 
-5.000000 
-5.000000 
-5.000000 
-5.000000 
0.000007 
0.000015 
0.000026 
0.000040 
0.000060 
0.000085 
0.000115 
0.000149 
0.000186 
0.000225 
0.000262 
0.000296 
0.000326 
0.000350 
0.000367 
0.000378 
0.000379 
0.000368 
0.000330 
0.000233 
0.000000 
-5.000000 
-5.000000 
-5.000000 
-5.000000 
-5.000000 
-5.000000 
-5.000000 
-5.000000 
-5.000000 
-5.000000 
-5.000000 
-5.000000 
-5.000000 
-5.000000 
-5.000000 
-5.000000 
-5.000000 
-5.000000 
-5.000000 
-5.000000 
-5.000000 
-5.000000 
-5.000000 
-5.000000 
-5.000000 
-5.000000 
-5.000000 
-5.000000 
-5.000000 
-5.000000 
-5.000000 
-5.000000 
-5.000000 
-5.000000 
-5.000000 
-5.000000 
-5.000000 
-5.000000 
-5.000000 
0.000003 
0.000006 
0.000010 
0.000015 
0.000023 
0.000032 
0.000044 
0.000057 
0.000072 
0.000086 
0.000101 
0.000114 
0.000125 
0.000134 
0.000141 
0.000144 
0.000142 
0.000130 
0.000094 
0.000000 
-5.000000 
-5.000000 
-5.000000 
-5.000000 
-5.000000 
-5.000000 
-5.000000 
-5.000000 
-5.000000 
-5.000000 
-5.000000 
-5.000000 
-5.000000 
-5.000000 
-5.000000 
-5.000000 
-5.000000 
-5.000000 
-5.000000 
-5.000000 
-5.000000 
-5.000000 
-5.000000 
-5.000000 
-5.000000 
-5.000000 
-5.000000 
-5.000000 
-5.000000 
-5.000000 
-5.000000 
-5.000000 
-5.000000 
-5.000000 
-5.000000 
-5.000000 
-5.000000 
-5.000000 
-5.000000 
-5.000000 
0.000001 
0.000002 
0.000004 
0.000006 
0.000008 
0.000012 
0.000016 
0.000021 
0.000026 
0.000032 
0.000037 
0.000042 
0.000046 
0.000049 
0.000052 
0.000052 
0.000048 
0.000036 
0.000000 
-5.000000 
-5.000000 
-5.000000 
-5.000000 
-5.000000 
-5.000000 
-5.000000 
-5.000000 
-5.000000 
-5.000000 
-5.000000 
-5.000000 
-5.000000 
-5.000000 
-5.000000 
-5.000000 
-5.000000 
-5.000000 
-5.000000 
-5.000000 
-5.000000 
-5.000000 
-5.000000 
-5.000000 
-5.000000 
-5.000000 
-5.000000 
-5.000000 
-5.000000 
-5.000000 
-5.000000 
-5.000000 
-5.000000 
-5.000000 
-5.000000 
-5.000000 
-5.000000 
-5.000000 
-5.000000 
-5.000000 
-5.000000 
0.000000 
0.000001 
0.000001 
0.000002 
0.000003 
0.000004 
0.000006 
0.000007 
0.000009 
0.000011 
0.000013 
0.000015 
0.000016 
0.000017 
0.000018 
0.000017 
0.000013 
0.000000 
-5.000000 
-5.000000 
-5.000000 
-5.000000 
-5.000000 
-5.000000 
-5.000000 
-5.000000 
-5.000000 
-5.000000 
-5.000000 
-5.000000 
-5.000000 
-5.000000 
-5.000000 
-5.000000 
-5.000000 
-5.000000 
-5.000000 
-5.000000 
-5.000000 
-5.000000 
-5.000000 
-5.000000 
-5.000000 
-5.000000 
-5.000000 
-5.000000 
-5.000000 
-5.000000 
-5.000000 
-5.000000 
-5.000000 
-5.000000 
-5.000000 
-5.000000 
-5.000000 
-5.000000 
-5.000000 
-5.000000 
-5.000000 
-5.000000 
0.000000 
0.000000 
0.000000 
0.000001 
0.000001 
0.000001 
0.000002 
0.000003 
0.000003 
0.000004 
0.000004 
0.000005 
0.000006 
0.000006 
0.000006 
0.000004 
0.000000 
-5.000000 
-5.000000 
-5.000000 
-5.000000 
-5.000000 
-5.000000 
-5.000000 
-5.000000 
-5.000000 
-5.000000 
-5.000000 
-5.000000 
-5.000000 
-5.000000 
-5.000000 
-5.000000 
-5.000000 
-5.000000 
-5.000000 
-5.000000 
-5.000000 
-5.000000 
-5.000000 
-5.000000 
-5.000000 
-5.000000 
-5.000000 
-5.000000 
-5.000000 
-5.000000 
-5.000000 
-5.000000 
-5.000000 
-5.000000 
-5.000000 
-5.000000 
-5.000000 
-5.000000 
-5.000000 
-5.000000 
-5.000000 
-5.000000 
-5.000000 
0.000000 
0.000000 
0.000000 
0.000000 
0.000000 
0.000000 
0.000001 
0.000001 
0.000001 
0.000001 
0.000001 
0.000002 
0.000002 
0.000002 
0.000001 
0.000000 
-5.000000 
-5.000000 
-5.000000 
-5.000000 
-5.000000 
-5.000000 
-5.000000 
-5.000000 
-5.000000 
-5.000000 
-5.000000 
-5.000000 
-5.000000 
-5.000000 
-5.000000 
-5.000000 
-5.000000 
-5.000000 
-5.000000 
-5.000000 
-5.000000 
-5.000000 
-5.000000 
-5.000000 
-5.000000 
-5.000000 
-5.000000 
-5.000000 
-5.000000 
-5.000000 
-5.000000 
-5.000000 
-5.000000 
-5.000000 
-5.000000 
-5.000000 
-5.000000 
-5.000000 
-5.000000 
-5.000000 
-5.000000 
-5.000000 
-5.000000 
-5.000000 
0.000000 
0.000000 
0.000000 
0.000000 
0.000000 
0.000000 
0.000000 
0.000000 
0.000000 
0.000000 
0.000000 
0.000001 
0.000001 
0.000000 
0.000000 
-5.000000 
-5.000000 
-5.000000 
-5.000000 
-5.000000 
-5.000000 
-5.000000 
-5.000000 
-5.000000 
-5.000000 
-5.000000 
-5.000000 
-5.000000 
-5.000000 
-5.000000 
-5.000000 
-5.000000 
-5.000000 
-5.000000 
-5.000000 
-5.000000 
-5.000000 
-5.000000 
-5.000000 
-5.000000 
-5.000000 
-5.000000 
-5.000000 
-5.000000 
-5.000000 
-5.000000 
-5.000000 
-5.000000 
-5.000000 
-5.000000 
-5.000000 
-5.000000 
-5.000000 
-5.000000 
-5.000000 
-5.000000 
-5.000000 
-5.000000 
-5.000000 
-5.000000 
0.000000 
0.000000 
0.000000 
0.000000 
0.000000 
0.000000 
0.000000 
0.000000 
0.000000 
0.000000 
0.000000 
0.000000 
0.000000 
0.000000 
-5.000000 
-5.000000 
-5.000000 
-5.000000 
-5.000000 
-5.000000 
-5.000000 
-5.000000 
-5.000000 
-5.000000 
-5.000000 
-5.000000 
-5.000000 
-5.000000 
-5.000000 
-5.000000 
-5.000000 
-5.000000 
-5.000000 
-5.000000 
-5.000000 
-5.000000 
-5.000000 
-5.000000 
-5.000000 
-5.000000 
-5.000000 
-5.000000 
-5.000000 
-5.000000 
-5.000000 
-5.000000 
-5.000000 
-5.000000 
-5.000000 
-5.000000 
-5.000000 
-5.000000 
-5.000000 
-5.000000 
-5.000000 
-5.000000 
-5.000000 
-5.000000 
-5.000000 
-5.000000 
0.000000 
0.000000 
0.000000 
0.000000 
0.000000 
0.000000 
0.000000 
0.000000 
0.000000 
0.000000 
0.000000 
0.000000 
0.000000 
-5.000000 
-5.000000 
-5.000000 
-5.000000 
-5.000000 
-5.000000 
-5.000000 
-5.000000 
-5.000000 
-5.000000 
-5.000000 
-5.000000 
-5.000000 
-5.000000 
-5.000000 
-5.000000 
-5.000000 
-5.000000 
-5.000000 
-5.000000 
-5.000000 
-5.000000 
-5.000000 
-5.000000 
-5.000000 
-5.000000 
-5.000000 
-5.000000 
-5.000000 
-5.000000 
-5.000000 
-5.000000 
-5.000000 
-5.000000 
-5.000000 
-5.000000 
-5.000000 
-5.000000 
-5.000000 
-5.000000 
-5.000000 
-5.000000 
-5.000000 
-5.000000 
-5.000000 
-5.000000 
-5.000000 
0.000000 
0.000000 
0.000000 
0.000000 
0.000000 
0.000000 
0.000000 
0.000000 
0.000000 
0.000000 
0.000000 
0.000000 
-5.000000 
-5.000000 
-5.000000 
-5.000000 
-5.000000 
-5.000000 
-5.000000 
-5.000000 
-5.000000 
-5.000000 
-5.000000 
-5.000000 
-5.000000 
-5.000000 
-5.000000 
-5.000000 
-5.000000 
-5.000000 
-5.000000 
-5.000000 
-5.000000 
-5.000000 
-5.000000 
-5.000000 
-5.000000 
-5.000000 
-5.000000 
-5.000000 
-5.000000 
-5.000000 
-5.000000 
-5.000000 
-5.000000 
-5.000000 
-5.000000 
-5.000000 
-5.000000 
-5.000000 
-5.000000 
-5.000000 
-5.000000 
-5.000000 
-5.000000 
-5.000000 
-5.000000 
-5.000000 
-5.000000 
-5.000000 
0.000000 
0.000000 
0.000000 
0.000000 
0.000000 
0.000000 
0.000000 
0.000000 
0.000000 
0.000000 
0.000000 
-5.000000 
-5.000000 
-5.000000 
-5.000000 
-5.000000 
-5.000000 
-5.000000 
-5.000000 
-5.000000 
-5.000000 
-5.000000 
-5.000000 
-5.000000 
-5.000000 
-5.000000 
-5.000000 
-5.000000 
-5.000000 
-5.000000 
-5.000000 
-5.000000 
-5.000000 
-5.000000 
-5.000000 
-5.000000 
-5.000000 
-5.000000 
-5.000000 
-5.000000 
-5.000000 
-5.000000 
-5.000000 
-5.000000 
-5.000000 
-5.000000 
-5.000000 
-5.000000 
-5.000000 
-5.000000 
-5.000000 
-5.000000 
-5.000000 
-5.000000 
-5.000000 
-5.000000 
-5.000000 
-5.000000 
-5.000000 
-5.000000 
0.000000 
0.000000 
0.000000 
0.000000 
0.000000 
0.000000 
0.000000 
0.000000 
0.000000 
0.000000 
-5.000000 
-5.000000 
-5.000000 
-5.000000 
-5.000000 
-5.000000 
-5.000000 
-5.000000 
-5.000000 
-5.000000 
-5.000000 
-5.000000 
-5.000000 
-5.000000 
-5.000000 
-5.000000 
-5.000000 
-5.000000 
-5.000000 
-5.000000 
-5.000000 
-5.000000 
-5.000000 
-5.000000 
-5.000000 
-5.000000 
-5.000000 
-5.000000 
-5.000000 
-5.000000 
-5.000000 
-5.000000 
-5.000000 
-5.000000 
-5.000000 
-5.000000 
-5.000000 
-5.000000 
-5.000000 
-5.000000 
-5.000000 
-5.000000 
-5.000000 
-5.000000 
-5.000000 
-5.000000 
-5.000000 
-5.000000 
-5.000000 
-5.000000 
0.000000 
0.000000 
0.000000 
0.000000 
0.000000 
0.000000 
0.000000 
0.000000 
0.000000 
-5.000000 
-5.000000 
-5.000000 
-5.000000 
-5.000000 
-5.000000 
-5.000000 
-5.000000 
-5.000000 
-5.000000 
-5.000000 
-5.000000 
-5.000000 
-5.000000 
-5.000000 
-5.000000 
-5.000000 
-5.000000 
-5.000000 
-5.000000 
-5.000000 
-5.000000 
-5.000000 
-5.000000 
-5.000000 
-5.000000 
-5.000000 
-5.000000 
-5.000000 
-5.000000 
-5.000000 
-5.000000 
-5.000000 
-5.000000 
-5.000000 
-5.000000 
-5.000000 
-5.000000 
-5.000000 
-5.000000 
-5.000000 
-5.000000 
-5.000000 
-5.000000 
-5.000000 
-5.000000 
-5.000000 
-5.000000 
-5.000000 
-5.000000 
-5.000000 
0.000000 
0.000000 
0.000000 
0.000000 
0.000000 
0.000000 
0.000000 
0.000000 
-5.000000 
-5.000000 
-5.000000 
-5.000000 
-5.000000 
-5.000000 
-5.000000 
-5.000000 
-5.000000 
-5.000000 
-5.000000 
-5.000000 
-5.000000 
-5.000000 
-5.000000 
-5.000000 
-5.000000 
-5.000000 
-5.000000 
-5.000000 
-5.000000 
-5.000000 
-5.000000 
-5.000000 
-5.000000 
-5.000000 
-5.000000 
-5.000000 
-5.000000 
-5.000000 
-5.000000 
-5.000000 
-5.000000 
-5.000000 
-5.000000 
-5.000000 
-5.000000 
-5.000000 
-5.000000 
-5.000000 
-5.000000 
-5.000000 
-5.000000 
-5.000000 
-5.000000 
-5.000000 
-5.000000 
-5.000000 
-5.000000 
-5.000000 
-5.000000 
-5.000000 
0.000000 
0.000000 
0.000000 
0.000000 
0.000000 
0.000000 
0.000000 
-5.000000 
-5.000000 
-5.000000 
-5.000000 
-5.000000 
-5.000000 
-5.000000 
-5.000000 
-5.000000 
-5.000000 
-5.000000 
-5.000000 
-5.000000 
-5.000000 
-5.000000 
-5.000000 
-5.000000 
-5.000000 
-5.000000 
-5.000000 
-5.000000 
-5.000000 
-5.000000 
-5.000000 
-5.000000 
-5.000000 
-5.000000 
-5.000000 
-5.000000 
-5.000000 
-5.000000 
-5.000000 
-5.000000 
-5.000000 
-5.000000 
-5.000000 
-5.000000 
-5.000000 
-5.000000 
-5.000000 
-5.000000 
-5.000000 
-5.000000 
-5.000000 
-5.000000 
-5.000000 
-5.000000 
-5.000000 
-5.000000 
-5.000000 
-5.000000 
-5.000000 
-5.000000 
0.000000 
0.000000 
0.000000 
0.000000 
0.000000 
0.000000 
-5.000000 
-5.000000 
-5.000000 
-5.000000 
-5.000000 
-5.000000 
-5.000000 
-5.000000 
-5.000000 
-5.000000 
-5.000000 
-5.000000 
-5.000000 
-5.000000 
-5.000000 
-5.000000 
-5.000000 
-5.000000 
-5.000000 
-5.000000 
-5.000000 
-5.000000 
-5.000000 
-5.000000 
-5.000000 
-5.000000 
-5.000000 
-5.000000 
-5.000000 
-5.000000 
-5.000000 
-5.000000 
-5.000000 
-5.000000 
-5.000000 
-5.000000 
-5.000000 
-5.000000 
-5.000000 
-5.000000 
-5.000000 
-5.000000 
-5.000000 
-5.000000 
-5.000000 
-5.000000 
-5.000000 
-5.000000 
-5.000000 
-5.000000 
-5.000000 
-5.000000 
-5.000000 
-5.000000 
0.000000 
0.000000 
0.000000 
0.000000 
0.000000 
-5.000000 
-5.000000 
-5.000000 
-5.000000 
-5.000000 
-5.000000 
-5.000000 
-5.000000 
-5.000000 
-5.000000 
-5.000000 
-5.000000 
-5.000000 
-5.000000 
-5.000000 
-5.000000 
-5.000000 
-5.000000 
-5.000000 
-5.000000 
-5.000000 
-5.000000 
-5.000000 
-5.000000 
-5.000000 
-5.000000 
-5.000000 
-5.000000 
-5.000000 
-5.000000 
-5.000000 
-5.000000 
-5.000000 
-5.000000 
-5.000000 
-5.000000 
-5.000000 
-5.000000 
-5.000000 
-5.000000 
-5.000000 
-5.000000 
-5.000000 
-5.000000 
-5.000000 
-5.000000 
-5.000000 
-5.000000 
-5.000000 
-5.000000 
-5.000000 
-5.000000 
-5.000000 
-5.000000 
-5.000000 
0.000000 
0.000000 
0.000000 
0.000000 
-5.000000 
-5.000000 
-5.000000 
-5.000000 
-5.000000 
-5.000000 
-5.000000 
-5.000000 
-5.000000 
-5.000000 
-5.000000 
-5.000000 
-5.000000 
-5.000000 
-5.000000 
-5.000000 
-5.000000 
-5.000000 
-5.000000 
-5.000000 
-5.000000 
-5.000000 
-5.000000 
-5.000000 
-5.000000 
-5.000000 
-5.000000 
-5.000000 
-5.000000 
-5.000000 
-5.000000 
-5.000000 
-5.000000 
-5.000000 
-5.000000 
-5.000000 
-5.000000 
-5.000000 
-5.000000 
-5.000000 
-5.000000 
-5.000000 
-5.000000 
-5.000000 
-5.000000 
-5.000000 
-5.000000 
-5.000000 
-5.000000 
-5.000000 
-5.000000 
-5.000000 
-5.000000 
-5.000000 
-5.000000 
-5.000000 
0.000000 
0.000000 
0.000000 
-5.000000 
-5.000000 
-5.000000 
-5.000000 
-5.000000 
-5.000000 
-5.000000 
-5.000000 
-5.000000 
-5.000000 
-5.000000 
-5.000000 
-5.000000 
-5.000000 
-5.000000 
-5.000000 
-5.000000 
-5.000000 
-5.000000 
-5.000000 
-5.000000 
-5.000000 
-5.000000 
-5.000000 
-5.000000 
-5.000000 
-5.000000 
-5.000000 
-5.000000 
-5.000000 
-5.000000 
-5.000000 
-5.000000 
-5.000000 
-5.000000 
-5.000000 
-5.000000 
-5.000000 
-5.000000 
-5.000000 
-5.000000 
-5.000000 
-5.000000 
-5.000000 
-5.000000 
-5.000000 
-5.000000 
-5.000000 
-5.000000 
-5.000000 
-5.000000 
-5.000000 
-5.000000 
-5.000000 
-5.000000 
-5.000000 
-5.000000 
0.000000 
0.000000 
-5.000000 
-5.000000 
-5.000000 
-5.000000 
-5.000000 
-5.000000 
-5.000000 
-5.000000 
-5.000000 
-5.000000 
-5.000000 
-5.000000 
-5.000000 
-5.000000 
-5.000000 
-5.000000 
-5.000000 
-5.000000 
-5.000000 
-5.000000 
-5.000000 
-5.000000 
-5.000000 
-5.000000 
-5.000000 
-5.000000 
-5.000000 
-5.000000 
-5.000000 
-5.000000 
-5.000000 
-5.000000 
-5.000000 
-5.000000 
-5.000000 
-5.000000 
-5.000000 
-5.000000 
-5.000000 
-5.000000 
-5.000000 
-5.000000 
-5.000000 
-5.000000 
-5.000000 
-5.000000 
-5.000000 
-5.000000 
-5.000000 
-5.000000 
-5.000000 
-5.000000 
-5.000000 
-5.000000 
-5.000000 
-5.000000 
-5.000000 
-5.000000 
0.000000 
-5.000000 
-5.000000 
-5.000000 
-5.000000 
-5.000000 
-5.000000 
-5.000000 
-5.000000 
-5.000000 
-5.000000 
-5.000000 
-5.000000 
-5.000000 
-5.000000 
-5.000000 
-5.000000 
-5.000000 
-5.000000 
-5.000000 
-5.000000 
-5.000000 
-5.000000 
-5.000000 
-5.000000 
-5.000000 
-5.000000 
-5.000000 
-5.000000 
-5.000000 
-5.000000 
-5.000000 
-5.000000 
-5.000000 
-5.000000 
-5.000000 
-5.000000 
-5.000000 
-5.000000 
-5.000000 
-5.000000 
-5.000000 
-5.000000 
-5.000000 
-5.000000 
-5.000000 
-5.000000 
-5.000000 
-5.000000 
-5.000000 
-5.000000 
-5.000000 
-5.000000 
-5.000000 
-5.000000 
-5.000000 
-5.000000 
-5.000000 
-5.000000 
-5.000000 
-5.000000 
-5.000000 
-5.000000 
-5.000000 
-5.000000 
-5.000000 
-5.000000 
-5.000000 
-5.000000 
-5.000000 
-5.000000 
-5.000000 
-5.000000 
-5.000000 
-5.000000 
-5.000000 
-5.000000 
-5.000000 
-5.000000 
-5.000000 
-5.000000 
-5.000000 
-5.000000 
-5.000000 
-5.000000 
-5.000000 
-5.000000 
-5.000000 
-5.000000 
-5.000000 
-5.000000 
-5.000000 
-5.000000 
-5.000000 
-5.000000 
-5.000000 
-5.000000 
-5.000000 
-5.000000 
-5.000000 
-5.000000 
-5.000000 
-5.000000 
-5.000000 
-5.000000 
-5.000000 
-5.000000 
-5.000000 
-5.000000 
-5.000000 
-5.000000 
-5.000000 
-5.000000 
-5.000000 
-5.000000 
-5.000000 
-5.000000 
-5.000000 
-5.000000 
-5.000000 
