# t = , y1 = , y2 = , y3 = , y4 = , y5 = , y6 = 
0.000000 3.000000 10.000000 6.000000 7.000000 2.000000 8.000000
0.014060 3.049209 9.923017 6.034608 6.958064 2.077034 7.958362
0.028120 3.097531 9.847700 6.067906 6.917493 2.152407 7.917547
0.042179 3.144984 9.774009 6.099932 6.878248 2.226157 7.877537
0.056239 3.191585 9.701907 6.130724 6.840289 2.298322 7.838316
0.070299 3.237352 9.631357 6.160322 6.803580 2.368939 7.799867
0.084359 3.282301 9.562323 6.188759 6.768083 2.438043 7.762174
0.098418 3.326449 9.494770 6.216073 6.733762 2.505670 7.725222
0.112478 3.369811 9.428663 6.242296 6.700585 2.571852 7.688994
0.126538 3.412404 9.363970 6.267463 6.668515 2.636624 7.653476
0.140598 3.454243 9.300657 6.291605 6.637522 2.700018 7.618654
0.154657 3.495343 9.238694 6.314755 6.607573 2.762065 7.584513
0.168717 3.535718 9.178047 6.336942 6.578637 2.822796 7.551039
0.182777 3.575383 9.118689 6.358196 6.550684 2.882242 7.518218
0.196837 3.614351 9.060588 6.378547 6.523685 2.940431 7.486036
0.210896 3.652638 9.003716 6.398022 6.497612 2.997393 7.454482
0.224956 3.690255 8.948046 6.416648 6.472437 3.053154 7.423541
0.239016 3.727217 8.893548 6.434453 6.448133 3.107744 7.393201
0.253076 3.763536 8.840198 6.451461 6.424673 3.161188 7.363451
0.267135 3.799224 8.787968 6.467698 6.402034 3.213512 7.334277
0.281195 3.834294 8.736833 6.483188 6.380190 3.264742 7.305669
0.295255 3.868758 8.686768 6.497955 6.359116 3.314902 7.277614
0.309315 3.902628 8.637749 6.512021 6.338791 3.364017 7.250102
0.323374 3.935916 8.589752 6.525410 6.319190 3.412110 7.223122
0.337434 3.968632 8.542754 6.538142 6.300293 3.459205 7.196662
0.351494 4.000787 8.496733 6.550238 6.282078 3.505323 7.170712
0.365554 4.032393 8.451665 6.561720 6.264523 3.550487 7.145262
0.379613 4.063460 8.407531 6.572607 6.247610 3.594718 7.120303
0.393673 4.093998 8.364308 6.582917 6.231317 3.638038 7.095823
0.407733 4.124018 8.321976 6.592671 6.215627 3.680466 7.071813
0.421793 4.153529 8.280516 6.601886 6.200521 3.722022 7.048265
0.435852 4.182541 8.239907 6.610579 6.185980 3.762727 7.025168
0.449912 4.211064 8.200131 6.618769 6.171987 3.802598 7.002513
0.463972 4.239107 8.161168 6.626471 6.158526 3.841655 6.980293
0.478032 4.266678 8.123002 6.633702 6.145579 3.879915 6.958498
0.492091 4.293788 8.085613 6.640477 6.133130 3.917397 6.937119
0.506151 4.320444 8.048985 6.646812 6.121165 3.954118 6.916149
0.520211 4.346655 8.013101 6.652722 6.109668 3.990094 6.895579
0.534271 4.372430 7.977945 6.658220 6.098624 4.025342 6.875402
0.548330 4.397776 7.943499 6.663322 6.088019 4.059878 6.855609
0.562390 4.422702 7.909749 6.668040 6.077839 4.093717 6.836193
0.576450 4.447216 7.876678 6.672387 6.068070 4.126876 6.817147
0.590510 4.471324 7.844273 6.676377 6.058700 4.159369 6.798463
0.604569 4.495036 7.812518 6.680022 6.049716 4.191210 6.780134
0.618629 4.518357 7.781399 6.683333 6.041105 4.222414 6.762154
0.632689 4.541296 7.750903 6.686323 6.032856 4.252996 6.744515
0.646749 4.563859 7.721014 6.689003 6.024956 4.282967 6.727211
0.660808 4.586054 7.691721 6.691384 6.017395 4.312343 6.710234
0.674868 4.607886 7.663010 6.693477 6.010161 4.341135 6.693580
0.688928 4.629363 7.634868 6.695291 6.003245 4.369357 6.677241
0.702988 4.650491 7.607283 6.696837 5.996635 4.397021 6.661211
0.717047 4.671277 7.580243 6.698125 5.990321 4.424139 6.645485
0.731107 4.691727 7.553736 6.699164 5.984294 4.450722 6.630056
0.745167 4.711847 7.527750 6.699963 5.978544 4.476783 6.614919
0.759227 4.731642 7.502275 6.700532 5.973062 4.502332 6.600067
0.773286 4.751119 7.477298 6.700879 5.967840 4.527382 6.585497
0.787346 4.770284 7.452810 6.701011 5.962868 4.551941 6.571201
0.801406 4.789142 7.428800 6.700939 5.958138 4.576022 6.557175
0.815466 4.807698 7.405257 6.700668 5.953641 4.599633 6.543414
0.829525 4.825959 7.382172 6.700207 5.949371 4.622786 6.529912
0.843585 4.843929 7.359534 6.699564 5.945319 4.645491 6.516665
0.857645 4.861613 7.337334 6.698745 5.941478 4.667755 6.503667
0.871705 4.879017 7.315564 6.697758 5.937840 4.689590 6.490915
0.885764 4.896146 7.294212 6.696609 5.934399 4.711004 6.478402
0.899824 4.913004 7.273272 6.695305 5.931148 4.732006 6.466125
0.913884 4.929596 7.252733 6.693851 5.928080 4.752605 6.454079
0.927944 4.945928 7.232587 6.692255 5.925189 4.772809 6.442260
0.942004 4.962002 7.212827 6.690522 5.922468 4.792627 6.430663
0.956063 4.977826 7.193443 6.688659 5.919911 4.812067 6.419285
0.970123 4.993401 7.174429 6.686669 5.917514 4.831137 6.408120
0.984183 5.008733 7.155775 6.684560 5.915269 4.849844 6.397166
0.998243 5.023827 7.137475 6.682336 5.913171 4.868197 6.386417
1.012302 5.038686 7.119522 6.680002 5.911216 4.886202 6.375871
1.026362 5.053314 7.101907 6.677564 5.909398 4.903867 6.365523
1.040422 5.067715 7.084623 6.675025 5.907711 4.921199 6.355370
1.054482 5.081894 7.067665 6.672391 5.906152 4.938205 6.345407
1.068541 5.095853 7.051025 6.669666 5.904715 4.954892 6.335632
1.082601 5.109598 7.034696 6.666855 5.903395 4.971266 6.326041
1.096661 5.123131 7.018672 6.663961 5.902189 4.987335 6.316630
1.110721 5.136456 7.002947 6.660989 5.901092 5.003103 6.307396
1.124780 5.149578 6.987514 6.657942 5.900100 5.018578 6.298336
1.138840 5.162498 6.972367 6.654825 5.899209 5.033765 6.289446
1.152900 5.175221 6.957501 6.651641 5.898414 5.048671 6.280723
1.166960 5.187751 6.942910 6.648394 5.897713 5.063301 6.272165
1.181019 5.200089 6.928588 6.645086 5.897101 5.077660 6.263768
1.195079 5.212240 6.914529 6.641722 5.896575 5.091755 6.255529
1.209139 5.224207 6.900729 6.638305 5.896131 5.105591 6.247445
1.223199 5.235993 6.887181 6.634837 5.895767 5.119173 6.239513
1.237258 5.247600 6.873881 6.631322 5.895479 5.132506 6.231731
1.251318 5.259033 6.860823 6.627762 5.895263 5.145596 6.224096
1.265378 5.270293 6.848004 6.624161 5.895117 5.158447 6.216604
1.279438 5.281385 6.835417 6.620521 5.895038 5.171063 6.209254
1.293497 5.292309 6.823059 6.616845 5.895022 5.183451 6.202043
1.307557 5.303070 6.810924 6.613135 5.895068 5.195614 6.194968
1.321617 5.313670 6.799008 6.609394 5.895173 5.207557 6.188027
1.335677 5.324112 6.787306 6.605623 5.895333 5.219285 6.181216
1.349736 5.334398 6.775815 6.601827 5.895547 5.230801 6.174535
1.363796 5.344531 6.764530 6.598005 5.895813 5.242111 6.167980
1.377856 5.354513 6.753448 6.594162 5.896126 5.253217 6.161550
1.391916 5.364348 6.742563 6.590298 5.896487 5.264125 6.155241
1.405975 5.374036 6.731872 6.586416 5.896891 5.274837 6.149052
1.420035 5.383582 6.721371 6.582517 5.897338 5.285359 6.142980
1.434095 5.392986 6.711056 6.578604 5.897825 5.295694 6.137024
1.448155 5.402252 6.700924 6.574678 5.898351 5.305845 6.131181
1.462214 5.411382 6.690972 6.570741 5.898912 5.315816 6.125449
1.476274 5.420377 6.681194 6.566795 5.899508 5.325611 6.119826
1.490334 5.429240 6.671589 6.562840 5.900137 5.335233 6.114310
1.504394 5.437974 6.662152 6.558880 5.900797 5.344685 6.108900
1.518453 5.446580 6.652881 6.554914 5.901486 5.353972 6.103593
1.532513 5.455060 6.643772 6.550946 5.902202 5.363096 6.098387
1.546573 5.463416 6.634821 6.546975 5.902945 5.372060 6.093281
1.560633 5.471651 6.626027 6.543003 5.903713 5.380867 6.088273
1.574692 5.479766 6.617385 6.539032 5.904503 5.389521 6.083361
1.588752 5.487764 6.608893 6.535062 5.905316 5.398025 6.078543
1.602812 5.495645 6.600548 6.531095 5.906149 5.406381 6.073818
1.616872 5.503412 6.592347 6.527133 5.907001 5.414592 6.069184
1.630931 5.511068 6.584288 6.523175 5.907871 5.422662 6.064639
1.644991 5.518612 6.576366 6.519224 5.908758 5.430592 6.060181
1.659051 5.526048 6.568581 6.515279 5.909660 5.438386 6.055810
1.673111 5.533377 6.560929 6.511342 5.910577 5.446046 6.051524
1.687170 5.540601 6.553408 6.507415 5.911507 5.453574 6.047320
1.701230 5.547720 6.546015 6.503497 5.912449 5.460974 6.043198
1.715290 5.554738 6.538747 6.499590 5.913403 5.468247 6.039156
1.729350 5.561656 6.531603 6.495694 5.914367 5.475397 6.035193
1.743409 5.568474 6.524580 6.491811 5.915341 5.482425 6.031307
1.757469 5.575196 6.517675 6.487940 5.916322 5.489334 6.027497
1.771529 5.581821 6.510887 6.484083 5.917312 5.496126 6.023762
1.785589 5.588352 6.504214 6.480240 5.918308 5.502803 6.020100
1.799649 5.594791 6.497652 6.476412 5.919311 5.509367 6.016509
1.813708 5.601138 6.491200 6.472600 5.920319 5.515821 6.012989
1.827768 5.607395 6.484857 6.468803 5.921331 5.522167 6.009539
1.841828 5.613563 6.478619 6.465024 5.922347 5.528406 6.006157
1.855888 5.619645 6.472485 6.461261 5.923366 5.534542 6.002841
1.869947 5.625640 6.466452 6.457516 5.924388 5.540574 5.999592
1.884007 5.631551 6.460520 6.453790 5.925411 5.546506 5.996407
1.898067 5.637378 6.454686 6.450082 5.926436 5.552340 5.993285
1.912127 5.643124 6.448949 6.446392 5.927461 5.558077 5.990225
1.926186 5.648789 6.443306 6.442723 5.928487 5.563719 5.987227
1.940246 5.654374 6.437756 6.439073 5.929512 5.569267 5.984289
1.954306 5.659881 6.432297 6.435443 5.930536 5.574725 5.981410
1.968366 5.665311 6.426927 6.431834 5.931559 5.580092 5.978588
1.982425 5.670665 6.421645 6.428245 5.932580 5.585371 5.975824
1.996485 5.675944 6.416449 6.424678 5.933598 5.590564 5.973116
2.010545 5.681150 6.411338 6.421132 5.934614 5.595672 5.970462
2.024605 5.686283 6.406310 6.417607 5.935627 5.600697 5.967863
2.038664 5.691345 6.401363 6.414105 5.936636 5.605639 5.965317
2.052724 5.696336 6.396496 6.410625 5.937641 5.610502 5.962822
2.066784 5.701258 6.391708 6.407167 5.938642 5.615285 5.960379
2.080844 5.706112 6.386997 6.403731 5.939638 5.619992 5.957986
2.094903 5.710899 6.382362 6.400318 5.940630 5.624622 5.955643
2.108963 5.715619 6.377801 6.396929 5.941616 5.629177 5.953348
2.123023 5.720274 6.373313 6.393562 5.942597 5.633659 5.951100
2.137083 5.724865 6.368897 6.390218 5.943572 5.638070 5.948900
2.151142 5.729392 6.364551 6.386898 5.944541 5.642409 5.946745
2.165202 5.733857 6.360275 6.383601 5.945503 5.646679 5.944636
2.179262 5.738261 6.356066 6.380328 5.946459 5.650881 5.942571
2.193322 5.742604 6.351924 6.377078 5.947408 5.655016 5.940549
2.207381 5.746888 6.347848 6.373852 5.948351 5.659086 5.938571
2.221441 5.751112 6.343835 6.370650 5.949286 5.663091 5.936634
2.235501 5.755279 6.339886 6.367471 5.950214 5.667032 5.934739
2.249561 5.759389 6.335999 6.364317 5.951134 5.670911 5.932884
2.263620 5.763442 6.332174 6.361186 5.952047 5.674729 5.931069
2.277680 5.767440 6.328408 6.358080 5.952952 5.678487 5.929294
2.291740 5.771384 6.324700 6.354997 5.953849 5.682186 5.927557
2.305800 5.775274 6.321051 6.351938 5.954737 5.685827 5.925857
2.319859 5.779110 6.317458 6.348904 5.955618 5.689411 5.924195
2.333919 5.782895 6.313921 6.345893 5.956490 5.692939 5.922569
2.347979 5.786628 6.310439 6.342906 5.957354 5.696412 5.920979
2.362039 5.790310 6.307011 6.339943 5.958209 5.699831 5.919425
2.376098 5.793943 6.303636 6.337005 5.959056 5.703197 5.917905
2.390158 5.797526 6.300313 6.334090 5.959893 5.706511 5.916419
2.404218 5.801060 6.297040 6.331199 5.960722 5.709774 5.914966
2.418278 5.804547 6.293818 6.328332 5.961542 5.712986 5.913546
2.432337 5.807986 6.290646 6.325488 5.962354 5.716149 5.912158
2.446397 5.811379 6.287521 6.322669 5.963156 5.719263 5.910802
2.460457 5.814727 6.284445 6.319872 5.963949 5.722330 5.909477
2.474517 5.818029 6.281415 6.317100 5.964733 5.725350 5.908183
2.488576 5.821286 6.278431 6.314351 5.965508 5.728323 5.906919
2.502636 5.824500 6.275493 6.311626 5.966274 5.731251 5.905684
2.516696 5.827670 6.272598 6.308923 5.967030 5.734135 5.904478
2.530756 5.830798 6.269748 6.306245 5.967778 5.736975 5.903300
2.544815 5.833884 6.266940 6.303589 5.968516 5.739772 5.902151
2.558875 5.836928 6.264175 6.300956 5.969245 5.742527 5.901029
2.572935 5.839932 6.261451 6.298347 5.969965 5.745240 5.899933
2.586995 5.842895 6.258768 6.295760 5.970675 5.747912 5.898865
2.601054 5.845818 6.256125 6.293196 5.971376 5.750544 5.897822
2.615114 5.848703 6.253522 6.290655 5.972069 5.753137 5.896805
2.629174 5.851549 6.250957 6.288136 5.972751 5.755691 5.895813
2.643234 5.854357 6.248430 6.285640 5.973425 5.758206 5.894846
2.657293 5.857127 6.245941 6.283166 5.974090 5.760685 5.893902
2.671353 5.859860 6.243489 6.280714 5.974745 5.763126 5.892983
2.685413 5.862557 6.241073 6.278285 5.975391 5.765531 5.892087
2.699473 5.865218 6.238692 6.275877 5.976028 5.767900 5.891214
2.713533 5.867843 6.236346 6.273491 5.976656 5.770235 5.890364
2.727592 5.870434 6.234035 6.271127 5.977275 5.772535 5.889535
2.741652 5.872990 6.231758 6.268785 5.977885 5.774801 5.888729
2.755712 5.875512 6.229514 6.266464 5.978486 5.777034 5.887944
2.769772 5.878001 6.227302 6.264164 5.979078 5.779234 5.887179
2.783831 5.880456 6.225123 6.261885 5.979661 5.781402 5.886436
2.797891 5.882879 6.222976 6.259628 5.980236 5.783538 5.885712
2.811951 5.885270 6.220859 6.257391 5.980801 5.785643 5.885009
2.826011 5.887629 6.218774 6.255175 5.981358 5.787717 5.884325
2.840070 5.889957 6.216718 6.252980 5.981906 5.789761 5.883660
2.854130 5.892254 6.214692 6.250805 5.982446 5.791776 5.883014
2.868190 5.894521 6.212695 6.248651 5.982977 5.793762 5.882387
2.882250 5.896758 6.210727 6.246517 5.983500 5.795718 5.881777
2.896309 5.898965 6.208787 6.244402 5.984014 5.797647 5.881186
2.910369 5.901143 6.206874 6.242308 5.984519 5.799548 5.880612
2.924429 5.903292 6.204989 6.240233 5.985017 5.801422 5.880055
2.938489 5.905413 6.203131 6.238178 5.985506 5.803269 5.879516
2.952548 5.907506 6.201299 6.236143 5.985986 5.805089 5.878992
2.966608 5.909571 6.199493 6.234127 5.986459 5.806884 5.878486
2.980668 5.911609 6.197713 6.232130 5.986924 5.808653 5.877995
2.994728 5.913621 6.195958 6.230152 5.987380 5.810397 5.877519
3.008787 5.915605 6.194227 6.228192 5.987829 5.812116 5.877060
3.022847 5.917564 6.192521 6.226252 5.988270 5.813811 5.876615
3.036907 5.919497 6.190839 6.224330 5.988703 5.815482 5.876185
3.050967 5.921404 6.189180 6.222426 5.989128 5.817129 5.875770
3.065026 5.923287 6.187545 6.220541 5.989546 5.818753 5.875369
3.079086 5.925145 6.185932 6.218674 5.989956 5.820355 5.874983
3.093146 5.926978 6.184342 6.216825 5.990359 5.821934 5.874610
3.107206 5.928787 6.182774 6.214993 5.990754 5.823491 5.874250
3.121265 5.930573 6.181227 6.213180 5.991142 5.825026 5.873904
3.135325 5.932335 6.179702 6.211383 5.991522 5.826541 5.873571
3.149385 5.934074 6.178198 6.209605 5.991895 5.828034 5.873251
3.163445 5.935790 6.176715 6.207843 5.992262 5.829506 5.872944
3.177504 5.937483 6.175252 6.206098 5.992621 5.830958 5.872648
3.191564 5.939155 6.173809 6.204371 5.992973 5.832390 5.872365
3.205624 5.940805 6.172386 6.202660 5.993318 5.833802 5.872094
3.219684 5.942433 6.170982 6.200965 5.993656 5.835195 5.871835
3.233743 5.944039 6.169598 6.199287 5.993988 5.836569 5.871587
3.247803 5.945625 6.168232 6.197626 5.994313 5.837924 5.871350
3.261863 5.947190 6.166885 6.195980 5.994631 5.839261 5.871125
3.275923 5.948734 6.165556 6.194351 5.994943 5.840579 5.870910
3.289982 5.950258 6.164245 6.192738 5.995248 5.841880 5.870706
3.304042 5.951763 6.162951 6.191140 5.995547 5.843163 5.870512
3.318102 5.953247 6.161675 6.189558 5.995840 5.844428 5.870329
3.332162 5.954713 6.160416 6.187991 5.996126 5.845677 5.870156
3.346221 5.956159 6.159174 6.186440 5.996406 5.846908 5.869992
3.360281 5.957586 6.157949 6.184904 5.996681 5.848124 5.869839
3.374341 5.958994 6.156740 6.183382 5.996949 5.849323 5.869694
3.388401 5.960384 6.155546 6.181876 5.997211 5.850505 5.869559
3.402460 5.961756 6.154369 6.180385 5.997467 5.851672 5.869434
3.416520 5.963110 6.153208 6.178908 5.997718 5.852824 5.869317
3.430580 5.964447 6.152061 6.177445 5.997963 5.853960 5.869209
3.444640 5.965766 6.150930 6.175997 5.998202 5.855081 5.869110
3.458699 5.967067 6.149814 6.174563 5.998436 5.856188 5.869019
3.472759 5.968352 6.148712 6.173143 5.998664 5.857280 5.868936
3.486819 5.969620 6.147625 6.171737 5.998887 5.858357 5.868862
3.500879 5.970871 6.146552 6.170345 5.999104 5.859420 5.868796
3.514938 5.972106 6.145493 6.168967 5.999316 5.860470 5.868737
3.528998 5.973325 6.144447 6.167602 5.999523 5.861505 5.868686
3.543058 5.974528 6.143416 6.166250 5.999725 5.862527 5.868643
3.557118 5.975716 6.142397 6.164912 5.999922 5.863536 5.868607
3.571178 5.976887 6.141392 6.163586 6.000114 5.864532 5.868578
3.585237 5.978044 6.140400 6.162274 6.000300 5.865515 5.868557
3.599297 5.979185 6.139420 6.160975 6.000482 5.866485 5.868542
3.613357 5.980311 6.138453 6.159688 6.000660 5.867443 5.868534
3.627417 5.981423 6.137499 6.158414 6.000832 5.868388 5.868533
3.641476 5.982520 6.136556 6.157153 6.001000 5.869321 5.868539
3.655536 5.983603 6.135626 6.155904 6.001163 5.870243 5.868551
3.669596 5.984672 6.134707 6.154667 6.001322 5.871152 5.868569
3.683656 5.985727 6.133800 6.153442 6.001476 5.872050 5.868594
3.697715 5.986768 6.132905 6.152230 6.001626 5.872937 5.868624
3.711775 5.987795 6.132020 6.151029 6.001772 5.873812 5.868661
3.725835 5.988809 6.131147 6.149840 6.001913 5.874677 5.868703
3.739895 5.989809 6.130285 6.148663 6.002050 5.875530 5.868751
3.753954 5.990797 6.129434 6.147497 6.002183 5.876373 5.868805
3.768014 5.991772 6.128593 6.146342 6.002312 5.877205 5.868864
3.782074 5.992733 6.127763 6.145199 6.002437 5.878027 5.868928
3.796134 5.993683 6.126943 6.144067 6.002558 5.878838 5.868998
3.810193 5.994619 6.126133 6.142946 6.002676 5.879640 5.869073
3.824253 5.995544 6.125333 6.141836 6.002789 5.880431 5.869152
3.838313 5.996456 6.124543 6.140737 6.002899 5.881213 5.869237
3.852373 5.997357 6.123763 6.139649 6.003004 5.881985 5.869327
3.866432 5.998245 6.122992 6.138571 6.003107 5.882747 5.869421
3.880492 5.999122 6.122231 6.137504 6.003205 5.883500 5.869520
3.894552 5.999988 6.121479 6.136447 6.003301 5.884244 5.869624
3.908612 6.000842 6.120736 6.135401 6.003392 5.884979 5.869732
3.922671 6.001685 6.120002 6.134365 6.003481 5.885705 5.869844
3.936731 6.002516 6.119277 6.133339 6.003565 5.886422 5.869960
3.950791 6.003337 6.118561 6.132322 6.003647 5.887130 5.870081
3.964851 6.004147 6.117853 6.131316 6.003726 5.887830 5.870206
3.978910 6.004947 6.117154 6.130320 6.003801 5.888521 5.870335
3.992970 6.005735 6.116464 6.129333 6.003873 5.889204 5.870467
4.007030 6.006514 6.115781 6.128356 6.003942 5.889879 5.870604
4.021090 6.007282 6.115107 6.127388 6.004008 5.890546 5.870744
4.035149 6.008040 6.114440 6.126429 6.004071 5.891205 5.870888
4.049209 6.008788 6.113782 6.125480 6.004131 5.891856 5.871035
4.063269 6.009526 6.113131 6.124540 6.004188 5.892499 5.871186
4.077329 6.010254 6.112488 6.123610 6.004242 5.893135 5.871340
4.091388 6.010973 6.111853 6.122688 6.004294 5.893763 5.871498
4.105448 6.011682 6.111225 6.121775 6.004343 5.894384 5.871659
4.119508 6.012382 6.110604 6.120871 6.004389 5.894998 5.871823
4.133568 6.013073 6.109991 6.119976 6.004433 5.895604 5.871990
4.147627 6.013754 6.109384 6.119089 6.004474 5.896203 5.872160
4.161687 6.014426 6.108785 6.118211 6.004512 5.896796 5.872334
4.175747 6.015089 6.108193 6.117341 6.004548 5.897381 5.872510
4.189807 6.015744 6.107607 6.116480 6.004581 5.897960 5.872689
4.203866 6.016390 6.107028 6.115627 6.004612 5.898532 5.872870
4.217926 6.017027 6.106456 6.114782 6.004641 5.899098 5.873055
4.231986 6.017656 6.105890 6.113945 6.004668 5.899657 5.873242
4.246046 6.018276 6.105331 6.113116 6.004692 5.900209 5.873431
4.260105 6.018888 6.104778 6.112295 6.004714 5.900756 5.873623
4.274165 6.019492 6.104231 6.111482 6.004734 5.901296 5.873818
4.288225 6.020087 6.103691 6.110677 6.004751 5.901830 5.874015
4.302285 6.020675 6.103156 6.109880 6.004767 5.902358 5.874214
4.316344 6.021255 6.102628 6.109090 6.004780 5.902880 5.874415
4.330404 6.021827 6.102105 6.108307 6.004792 5.903397 5.874619
4.344464 6.022391 6.101588 6.107532 6.004801 5.903907 5.874825
4.358524 6.022948 6.101077 6.106765 6.004809 5.904412 5.875033
4.372583 6.023497 6.100572 6.106005 6.004814 5.904911 5.875243
4.386643 6.024039 6.100072 6.105252 6.004818 5.905405 5.875455
4.400703 6.024574 6.099578 6.104506 6.004820 5.905894 5.875669
4.414763 6.025101 6.099089 6.103767 6.004820 5.906377 5.875885
4.428822 6.025621 6.098605 6.103035 6.004818 5.906854 5.876103
4.442882 6.026134 6.098127 6.102310 6.004815 5.907327 5.876322
4.456942 6.026640 6.097654 6.101592 6.004810 5.907794 5.876543
4.471002 6.027139 6.097186 6.100880 6.004803 5.908256 5.876766
4.485062 6.027632 6.096723 6.100176 6.004795 5.908714 5.876991
4.499121 6.028118 6.096265 6.099478 6.004785 5.909166 5.877217
4.513181 6.028597 6.095812 6.098786 6.004774 5.909613 5.877445
4.527241 6.029069 6.095363 6.098101 6.004761 5.910056 5.877674
4.541301 6.029535 6.094920 6.097423 6.004747 5.910494 5.877905
4.555360 6.029995 6.094481 6.096751 6.004731 5.910928 5.878137
4.569420 6.030448 6.094047 6.096085 6.004714 5.911356 5.878371
4.583480 6.030895 6.093617 6.095425 6.004695 5.911781 5.878605
4.597540 6.031336 6.093192 6.094772 6.004675 5.912200 5.878842
4.611599 6.031771 6.092771 6.094124 6.004654 5.912616 5.879079
4.625659 6.032200 6.092355 6.093483 6.004631 5.913027 5.879318
4.639719 6.032623 6.091943 6.092847 6.004607 5.913434 5.879558
4.653779 6.033040 6.091535 6.092218 6.004582 5.913836 5.879799
4.667838 6.033451 6.091132 6.091594 6.004556 5.914235 5.880041
4.681898 6.033856 6.090732 6.090976 6.004529 5.914629 5.880284
4.695958 6.034256 6.090337 6.090364 6.004500 5.915020 5.880528
4.710018 6.034650 6.089946 6.089757 6.004471 5.915406 5.880773
4.724077 6.035039 6.089559 6.089156 6.004440 5.915788 5.881019
4.738137 6.035422 6.089175 6.088561 6.004408 5.916167 5.881266
4.752197 6.035800 6.088796 6.087971 6.004375 5.916542 5.881514
4.766257 6.036173 6.088420 6.087387 6.004341 5.916913 5.881763
4.780316 6.036540 6.088048 6.086807 6.004306 5.917280 5.882013
4.794376 6.036902 6.087680 6.086234 6.004270 5.917644 5.882263
4.808436 6.037259 6.087315 6.085665 6.004234 5.918004 5.882515
4.822496 6.037611 6.086954 6.085102 6.004196 5.918360 5.882767
4.836555 6.037958 6.086597 6.084543 6.004157 5.918713 5.883019
4.850615 6.038300 6.086243 6.083990 6.004118 5.919062 5.883273
4.864675 6.038637 6.085892 6.083442 6.004078 5.919408 5.883527
4.878735 6.038969 6.085545 6.082899 6.004036 5.919751 5.883781
4.892794 6.039297 6.085201 6.082361 6.003995 5.920090 5.884037
4.906854 6.039619 6.084861 6.081827 6.003952 5.920427 5.884292
4.920914 6.039937 6.084524 6.081299 6.003908 5.920759 5.884549
4.934974 6.040251 6.084190 6.080775 6.003864 5.921089 5.884806
4.949033 6.040560 6.083859 6.080256 6.003819 5.921416 5.885063
4.963093 6.040864 6.083532 6.079742 6.003774 5.921739 5.885321
4.977153 6.041164 6.083207 6.079232 6.003728 5.922059 5.885579
4.991213 6.041460 6.082886 6.078727 6.003681 5.922377 5.885838
5.005272 6.041751 6.082567 6.078227 6.003633 5.922691 5.886097
5.019332 6.042038 6.082252 6.077730 6.003585 5.923002 5.886356
5.033392 6.042320 6.081939 6.077239 6.003536 5.923311 5.886616
5.047452 6.042599 6.081630 6.076752 6.003487 5.923617 5.886876
5.061511 6.042873 6.081323 6.076269 6.003437 5.923920 5.887137
5.075571 6.043144 6.081019 6.075790 6.003387 5.924220 5.887397
5.089631 6.043410 6.080718 6.075316 6.003336 5.924517 5.887658
5.103691 6.043672 6.080420 6.074846 6.003285 5.924812 5.887919
5.117750 6.043930 6.080124 6.074380 6.003233 5.925103 5.888181
5.131810 6.044185 6.079831 6.073918 6.003180 5.925393 5.888442
5.145870 6.044435 6.079540 6.073460 6.003128 5.925679 5.888704
5.159930 6.044682 6.079253 6.073006 6.003074 5.925964 5.888966
5.173989 6.044925 6.078967 6.072557 6.003021 5.926245 5.889228
5.188049 6.045165 6.078685 6.072111 6.002967 5.926524 5.889490
5.202109 6.045400 6.078404 6.071669 6.002912 5.926801 5.889753
5.216169 6.045632 6.078127 6.071231 6.002858 5.927075 5.890015
5.230228 6.045861 6.077851 6.070797 6.002802 5.927347 5.890277
5.244288 6.046086 6.077579 6.070367 6.002747 5.927617 5.890540
5.258348 6.046307 6.077308 6.069940 6.002691 5.927884 5.890802
5.272408 6.046525 6.077040 6.069517 6.002635 5.928148 5.891065
5.286467 6.046739 6.076774 6.069098 6.002579 5.928411 5.891328
5.300527 6.046951 6.076510 6.068683 6.002522 5.928671 5.891590
5.314587 6.047158 6.076249 6.068271 6.002465 5.928929 5.891853
5.328647 6.047363 6.075990 6.067862 6.002408 5.929185 5.892115
5.342707 6.047564 6.075733 6.067458 6.002350 5.929439 5.892377
5.356766 6.047762 6.075478 6.067056 6.002293 5.929691 5.892640
5.370826 6.047957 6.075225 6.066658 6.002235 5.929940 5.892902
5.384886 6.048149 6.074975 6.066264 6.002177 5.930188 5.893164
5.398946 6.048337 6.074726 6.065873 6.002118 5.930433 5.893426
5.413005 6.048523 6.074480 6.065485 6.002060 5.930676 5.893688
5.427065 6.048705 6.074235 6.065101 6.002001 5.930918 5.893950
5.441125 6.048885 6.073993 6.064720 6.001942 5.931157 5.894211
5.455185 6.049061 6.073753 6.064342 6.001883 5.931395 5.894473
5.469244 6.049235 6.073514 6.063967 6.001824 5.931630 5.894734
5.483304 6.049405 6.073277 6.063596 6.001765 5.931864 5.894995
5.497364 6.049573 6.073043 6.063228 6.001706 5.932096 5.895256
5.511424 6.049738 6.072810 6.062863 6.001646 5.932326 5.895516
5.525483 6.049900 6.072579 6.062501 6.001587 5.932554 5.895777
5.539543 6.050060 6.072350 6.062142 6.001527 5.932780 5.896037
5.553603 6.050217 6.072122 6.061786 6.001468 5.933005 5.896297
5.567663 6.050371 6.071897 6.061433 6.001408 5.933227 5.896556
5.581722 6.050522 6.071673 6.061083 6.001348 5.933449 5.896816
5.595782 6.050671 6.071451 6.060736 6.001288 5.933668 5.897075
5.609842 6.050817 6.071231 6.060392 6.001228 5.933886 5.897333
5.623902 6.050960 6.071012 6.060050 6.001168 5.934102 5.897592
5.637961 6.051101 6.070795 6.059712 6.001109 5.934316 5.897850
5.652021 6.051240 6.070579 6.059376 6.001049 5.934529 5.898108
5.666081 6.051376 6.070366 6.059044 6.000989 5.934740 5.898365
5.680141 6.051509 6.070154 6.058713 6.000929 5.934950 5.898623
5.694200 6.051640 6.069943 6.058386 6.000869 5.935158 5.898879
5.708260 6.051769 6.069734 6.058062 6.000809 5.935364 5.899136
5.722320 6.051895 6.069526 6.057740 6.000749 5.935569 5.899392
5.736380 6.052019 6.069321 6.057421 6.000689 5.935773 5.899648
5.750439 6.052141 6.069116 6.057104 6.000630 5.935975 5.899903
5.764499 6.052260 6.068913 6.056790 6.000570 5.936175 5.900158
5.778559 6.052377 6.068712 6.056479 6.000510 5.936374 5.900413
5.792619 6.052492 6.068512 6.056170 6.000451 5.936572 5.900667
5.806678 6.052604 6.068313 6.055863 6.000391 5.936768 5.900921
5.820738 6.052715 6.068116 6.055560 6.000332 5.936963 5.901174
5.834798 6.052823 6.067920 6.055258 6.000272 5.937156 5.901427
5.848858 6.052929 6.067726 6.054959 6.000213 5.937348 5.901680
5.862917 6.053033 6.067533 6.054663 6.000154 5.937539 5.901932
5.876977 6.053135 6.067341 6.054369 6.000095 5.937729 5.902183
5.891037 6.053235 6.067151 6.054077 6.000036 5.937917 5.902435
5.905097 6.053333 6.066962 6.053788 5.999977 5.938104 5.902685
5.919156 6.053429 6.066774 6.053501 5.999918 5.938289 5.902936
5.933216 6.053523 6.066587 6.053216 5.999860 5.938473 5.903185
5.947276 6.053614 6.066402 6.052934 5.999801 5.938657 5.903435
5.961336 6.053704 6.066218 6.052654 5.999743 5.938838 5.903684
5.975395 6.053792 6.066036 6.052376 5.999685 5.939019 5.903932
5.989455 6.053878 6.065854 6.052100 5.999627 5.939198 5.904180
6.003515 6.053963 6.065674 6.051827 5.999569 5.939377 5.904427
6.017575 6.054045 6.065495 6.051555 5.999511 5.939554 5.904674
6.031634 6.054125 6.065317 6.051286 5.999454 5.939730 5.904921
6.045694 6.054204 6.065140 6.051019 5.999397 5.939904 5.905167
6.059754 6.054281 6.064964 6.050754 5.999339 5.940078 5.905412
6.073814 6.054356 6.064790 6.050492 5.999282 5.940250 5.905657
6.087873 6.054429 6.064617 6.050231 5.999225 5.940422 5.905901
6.101933 6.054501 6.064444 6.049972 5.999169 5.940592 5.906145
6.115993 6.054571 6.064273 6.049716 5.999112 5.940761 5.906389
6.130053 6.054639 6.064103 6.049461 5.999056 5.940930 5.906631
6.144112 6.054706 6.063934 6.049208 5.999000 5.941097 5.906874
6.158172 6.054771 6.063766 6.048958 5.998944 5.941263 5.907115
6.172232 6.054834 6.063599 6.048709 5.998889 5.941428 5.907357
6.186292 6.054895 6.063433 6.048462 5.998833 5.941592 5.907597
6.200351 6.054955 6.063269 6.048218 5.998778 5.941755 5.907837
6.214411 6.055014 6.063105 6.047975 5.998723 5.941917 5.908077
6.228471 6.055071 6.062942 6.047734 5.998668 5.942078 5.908316
6.242531 6.055126 6.062780 6.047495 5.998614 5.942238 5.908555
6.256591 6.055180 6.062619 6.047257 5.998559 5.942397 5.908792
6.270650 6.055232 6.062459 6.047022 5.998505 5.942555 5.909030
6.284710 6.055283 6.062300 6.046788 5.998451 5.942713 5.909267
6.298770 6.055332 6.062142 6.046556 5.998397 5.942869 5.909503
6.312830 6.055380 6.061985 6.046326 5.998344 5.943024 5.909738
6.326889 6.055427 6.061829 6.046098 5.998291 5.943179 5.909974
6.340949 6.055472 6.061674 6.045871 5.998238 5.943333 5.910208
6.355009 6.055515 6.061519 6.045646 5.998185 5.943485 5.910442
6.369069 6.055557 6.061366 6.045423 5.998133 5.943637 5.910675
6.383128 6.055598 6.061213 6.045202 5.998081 5.943788 5.910908
6.397188 6.055638 6.061061 6.044982 5.998029 5.943938 5.911140
6.411248 6.055676 6.060911 6.044764 5.997977 5.944088 5.911372
6.425308 6.055713 6.060760 6.044547 5.997925 5.944236 5.911603
6.439367 6.055748 6.060611 6.044333 5.997874 5.944384 5.911833
6.453427 6.055782 6.060463 6.044119 5.997823 5.944531 5.912063
6.467487 6.055815 6.060315 6.043908 5.997773 5.944677 5.912293
6.481547 6.055847 6.060169 6.043698 5.997722 5.944822 5.912521
6.495606 6.055877 6.060023 6.043489 5.997672 5.944966 5.912749
6.509666 6.055906 6.059877 6.043283 5.997622 5.945110 5.912977
6.523726 6.055934 6.059733 6.043077 5.997573 5.945253 5.913204
6.537786 6.055961 6.059589 6.042873 5.997523 5.945395 5.913430
6.551845 6.055986 6.059447 6.042671 5.997474 5.945537 5.913656
6.565905 6.056011 6.059305 6.042470 5.997425 5.945677 5.913881
6.579965 6.056034 6.059163 6.042271 5.997377 5.945817 5.914105
6.594025 6.056056 6.059023 6.042073 5.997329 5.945956 5.914329
6.608084 6.056077 6.058883 6.041877 5.997281 5.946095 5.914553
6.622144 6.056097 6.058744 6.041682 5.997233 5.946233 5.914775
6.636204 6.056115 6.058605 6.041488 5.997186 5.946370 5.914997
6.650264 6.056133 6.058467 6.041296 5.997138 5.946506 5.915219
6.664323 6.056149 6.058330 6.041106 5.997092 5.946642 5.915440
6.678383 6.056164 6.058194 6.040916 5.997045 5.946777 5.915660
6.692443 6.056179 6.058059 6.040728 5.996999 5.946911 5.915880
6.706503 6.056192 6.057924 6.040542 5.996953 5.947045 5.916099
6.720562 6.056204 6.057789 6.040357 5.996907 5.947178 5.916317
6.734622 6.056215 6.057656 6.040173 5.996861 5.947310 5.916535
6.748682 6.056225 6.057523 6.039990 5.996816 5.947442 5.916752
6.762742 6.056234 6.057390 6.039809 5.996771 5.947573 5.916969
6.776801 6.056243 6.057259 6.039629 5.996727 5.947703 5.917185
6.790861 6.056250 6.057128 6.039451 5.996683 5.947833 5.917401
6.804921 6.056256 6.056997 6.039273 5.996639 5.947962 5.917615
6.818981 6.056261 6.056868 6.039097 5.996595 5.948090 5.917830
6.833040 6.056265 6.056738 6.038923 5.996551 5.948218 5.918043
6.847100 6.056269 6.056610 6.038749 5.996508 5.948346 5.918256
6.861160 6.056271 6.056482 6.038577 5.996465 5.948473 5.918469
6.875220 6.056273 6.056355 6.038406 5.996423 5.948599 5.918681
6.889279 6.056273 6.056228 6.038236 5.996381 5.948724 5.918892
6.903339 6.056273 6.056102 6.038067 5.996339 5.948849 5.919102
6.917399 6.056272 6.055976 6.037900 5.996297 5.948974 5.919312
6.931459 6.056270 6.055851 6.037733 5.996256 5.949098 5.919522
6.945518 6.056267 6.055727 6.037568 5.996215 5.949221 5.919731
6.959578 6.056263 6.055603 6.037404 5.996174 5.949344 5.919939
6.973638 6.056258 6.055479 6.037242 5.996133 5.949466 5.920146
6.987698 6.056253 6.055357 6.037080 5.996093 5.949588 5.920353
7.001757 6.056246 6.055234 6.036920 5.996053 5.949709 5.920560
7.015817 6.056239 6.055113 6.036760 5.996013 5.949829 5.920765
7.029877 6.056231 6.054992 6.036602 5.995974 5.949949 5.920971
7.043937 6.056223 6.054871 6.036445 5.995935 5.950069 5.921175
7.057996 6.056213 6.054751 6.036289 5.995896 5.950188 5.921379
7.072056 6.056203 6.054631 6.036134 5.995858 5.950306 5.921582
7.086116 6.056192 6.054512 6.035980 5.995820 5.950424 5.921785
7.100176 6.056180 6.054394 6.035827 5.995782 5.950542 5.921987
7.114236 6.056167 6.054276 6.035675 5.995744 5.950659 5.922189
7.128295 6.056154 6.054158 6.035524 5.995707 5.950776 5.922390
7.142355 6.056140 6.054041 6.035374 5.995670 5.950892 5.922590
7.156415 6.056125 6.053924 6.035226 5.995633 5.951007 5.922790
7.170475 6.056110 6.053808 6.035078 5.995597 5.951122 5.922989
7.184534 6.056094 6.053693 6.034931 5.995561 5.951237 5.923188
7.198594 6.056077 6.053578 6.034786 5.995525 5.951351 5.923386
7.212654 6.056059 6.053463 6.034641 5.995489 5.951465 5.923583
7.226714 6.056041 6.053349 6.034497 5.995454 5.951578 5.923780
7.240773 6.056022 6.053235 6.034354 5.995419 5.951691 5.923976
7.254833 6.056003 6.053122 6.034213 5.995384 5.951803 5.924172
7.268893 6.055982 6.053009 6.034072 5.995350 5.951915 5.924367
7.282953 6.055961 6.052897 6.033932 5.995316 5.952026 5.924561
7.297012 6.055940 6.052785 6.033793 5.995282 5.952137 5.924755
7.311072 6.055918 6.052673 6.033655 5.995248 5.952248 5.924948
7.325132 6.055895 6.052562 6.033518 5.995215 5.952358 5.925141
7.339192 6.055871 6.052451 6.033382 5.995182 5.952468 5.925333
7.353251 6.055847 6.052341 6.033247 5.995150 5.952577 5.925525
7.367311 6.055823 6.052232 6.033112 5.995117 5.952686 5.925716
7.381371 6.055797 6.052122 6.032979 5.995085 5.952795 5.925906
7.395431 6.055772 6.052013 6.032846 5.995053 5.952903 5.926096
7.409490 6.055745 6.051905 6.032714 5.995022 5.953010 5.926285
7.423550 6.055718 6.051797 6.032584 5.994990 5.953117 5.926474
7.437610 6.055691 6.051689 6.032454 5.994959 5.953224 5.926662
7.451670 6.055663 6.051582 6.032325 5.994929 5.953331 5.926849
7.465729 6.055634 6.051475 6.032196 5.994898 5.953437 5.927036
7.479789 6.055605 6.051368 6.032069 5.994868 5.953542 5.927222
7.493849 6.055575 6.051262 6.031942 5.994838 5.953648 5.927408
7.507909 6.055544 6.051156 6.031817 5.994809 5.953753 5.927593
7.521968 6.055514 6.051051 6.031692 5.994779 5.953857 5.927778
7.536028 6.055482 6.050946 6.031567 5.994750 5.953961 5.927962
7.550088 6.055450 6.050842 6.031444 5.994721 5.954065 5.928145
7.564148 6.055418 6.050737 6.031322 5.994693 5.954168 5.928328
7.578207 6.055385 6.050634 6.031200 5.994665 5.954271 5.928511
7.592267 6.055352 6.050530 6.031079 5.994637 5.954374 5.928693
7.606327 6.055318 6.050427 6.030959 5.994609 5.954476 5.928874
7.620387 6.055283 6.050324 6.030839 5.994581 5.954578 5.929055
7.634446 6.055249 6.050222 6.030721 5.994554 5.954680 5.929235
7.648506 6.055213 6.050120 6.030603 5.994527 5.954781 5.929414
7.662566 6.055177 6.050018 6.030486 5.994501 5.954882 5.929593
7.676626 6.055141 6.049917 6.030369 5.994474 5.954983 5.929772
7.690685 6.055104 6.049816 6.030254 5.994448 5.955083 5.929950
7.704745 6.055067 6.049716 6.030139 5.994422 5.955183 5.930127
7.718805 6.055030 6.049615 6.030025 5.994397 5.955282 5.930304
7.732865 6.054992 6.049515 6.029911 5.994372 5.955381 5.930480
7.746924 6.054953 6.049416 6.029798 5.994347 5.955480 5.930656
7.760984 6.054914 6.049316 6.029686 5.994322 5.955579 5.930831
7.775044 6.054875 6.049218 6.029575 5.994297 5.955677 5.931006
7.789104 6.054835 6.049119 6.029465 5.994273 5.955775 5.931180
7.803163 6.054795 6.049021 6.029355 5.994249 5.955873 5.931354
7.817223 6.054754 6.048923 6.029245 5.994225 5.955970 5.931527
7.831283 6.054713 6.048825 6.029137 5.994202 5.956067 5.931699
7.845343 6.054672 6.048728 6.029029 5.994178 5.956163 5.931871
7.859402 6.054630 6.048631 6.028922 5.994155 5.956260 5.932043
7.873462 6.054588 6.048534 6.028815 5.994133 5.956356 5.932214
7.887522 6.054545 6.048438 6.028709 5.994110 5.956451 5.932384
7.901582 6.054502 6.048342 6.028604 5.994088 5.956547 5.932554
7.915641 6.054459 6.048246 6.028500 5.994066 5.956642 5.932723
7.929701 6.054415 6.048151 6.028396 5.994044 5.956737 5.932892
7.943761 6.054371 6.048055 6.028292 5.994023 5.956831 5.933060
7.957821 6.054327 6.047961 6.028190 5.994001 5.956925 5.933228
7.971880 6.054282 6.047866 6.028088 5.993980 5.957019 5.933395
7.985940 6.054237 6.047772 6.027986 5.993960 5.957113 5.933562
8.000000 6.054192 6.047678 6.027886 5.993939 5.957206 5.933728
8.014060 6.054146 6.047584 6.027785 5.993919 5.957299 5.933894
