# t = , y1 = , y2 = 
0.000000 18.000000 2.000000
0.014060 17.887522 2.111687
0.028120 17.776620 2.221810
0.042179 17.667271 2.330390
0.056239 17.559455 2.437448
0.070299 17.453149 2.543007
0.084359 17.348333 2.647086
0.098418 17.244985 2.749708
0.112478 17.143085 2.850891
0.126538 17.042612 2.950657
0.140598 16.943548 3.049026
0.154657 16.845871 3.146016
0.168717 16.749563 3.241647
0.182777 16.654604 3.335938
0.196837 16.560975 3.428909
0.210896 16.468658 3.520577
0.224956 16.377635 3.610960
0.239016 16.287887 3.700077
0.253076 16.199396 3.787946
0.267135 16.112145 3.874584
0.281195 16.026116 3.960007
0.295255 15.941293 4.044234
0.309315 15.857658 4.127281
0.323374 15.775195 4.209165
0.337434 15.693887 4.289901
0.351494 15.613719 4.369506
0.365554 15.534673 4.447996
0.379613 15.456735 4.525386
0.393673 15.379889 4.601692
0.407733 15.304120 4.676928
0.421793 15.229412 4.751111
0.435852 15.155751 4.824254
0.449912 15.083122 4.896373
0.463972 15.011510 4.967481
0.478032 14.940902 5.037593
0.492091 14.871283 5.106723
0.506151 14.802639 5.174884
0.520211 14.734957 5.242090
0.534271 14.668224 5.308355
0.548330 14.602425 5.373691
0.562390 14.537548 5.438111
0.576450 14.473580 5.501630
0.590510 14.410508 5.564258
0.604569 14.348320 5.626009
0.618629 14.287003 5.686895
0.632689 14.226546 5.746927
0.646749 14.166935 5.806119
0.660808 14.108160 5.864481
0.674868 14.050208 5.922026
0.688928 13.993067 5.978764
0.702988 13.936728 6.034708
0.717047 13.881178 6.089868
0.731107 13.826406 6.144254
0.745167 13.772401 6.197879
0.759227 13.719153 6.250753
0.773286 13.666651 6.302886
0.787346 13.614885 6.354288
0.801406 13.563844 6.404971
0.815466 13.513518 6.454943
0.829525 13.463897 6.504215
0.843585 13.414971 6.552797
0.857645 13.366731 6.600698
0.871705 13.319167 6.647928
0.885764 13.272269 6.694496
0.899824 13.226028 6.740412
0.913884 13.180435 6.785685
0.927944 13.135480 6.830323
0.942004 13.091156 6.874336
0.956063 13.047452 6.917732
0.970123 13.004361 6.960520
0.984183 12.961874 7.002709
0.998243 12.919981 7.044307
1.012302 12.878676 7.085322
1.026362 12.837950 7.125762
1.040422 12.797794 7.165636
1.054482 12.758200 7.204951
1.068541 12.719162 7.243715
1.082601 12.680670 7.281936
1.096661 12.642717 7.319622
1.110721 12.605297 7.356779
1.124780 12.568400 7.393416
1.138840 12.532021 7.429540
1.152900 12.496151 7.465158
1.166960 12.460784 7.500276
1.181019 12.425912 7.534903
1.195079 12.391529 7.569044
1.209139 12.357627 7.602708
1.223199 12.324201 7.635899
1.237258 12.291243 7.668626
1.251318 12.258746 7.700894
1.265378 12.226705 7.732709
1.279438 12.195113 7.764080
1.293497 12.163963 7.795010
1.307557 12.133250 7.825508
1.321617 12.102967 7.855578
1.335677 12.073108 7.885226
1.349736 12.043668 7.914460
1.363796 12.014640 7.943283
1.377856 11.986019 7.971703
1.391916 11.957799 7.999725
1.405975 11.929974 8.027354
1.420035 11.902539 8.054596
1.434095 11.875489 8.081457
1.448155 11.848817 8.107941
1.462214 11.822519 8.134054
1.476274 11.796590 8.159801
1.490334 11.771024 8.185187
1.504394 11.745816 8.210218
1.518453 11.720961 8.234898
1.532513 11.696454 8.259233
1.546573 11.672291 8.283226
1.560633 11.648466 8.306883
1.574692 11.624975 8.330209
1.588752 11.601814 8.353208
1.602812 11.578976 8.375885
1.616872 11.556459 8.398244
1.630931 11.534257 8.420290
1.644991 11.512366 8.442026
1.659051 11.490782 8.463459
1.673111 11.469500 8.484591
1.687170 11.448517 8.505427
1.701230 11.427827 8.525971
1.715290 11.407428 8.546227
1.729350 11.387314 8.566200
1.743409 11.367482 8.585893
1.757469 11.347927 8.605309
1.771529 11.328647 8.624454
1.785589 11.309637 8.643331
1.799649 11.290893 8.661943
1.813708 11.272412 8.680294
1.827768 11.254190 8.698388
1.841828 11.236223 8.716229
1.855888 11.218508 8.733819
1.869947 11.201040 8.751164
1.884007 11.183818 8.768265
1.898067 11.166837 8.785127
1.912127 11.150094 8.801752
1.926186 11.133585 8.818145
1.940246 11.117308 8.834307
1.954306 11.101259 8.850244
1.968366 11.085435 8.865957
1.982425 11.069832 8.881450
1.996485 11.054448 8.896726
2.010545 11.039279 8.911788
2.024605 11.024323 8.926639
2.038664 11.009577 8.941281
2.052724 10.995037 8.955719
2.066784 10.980701 8.969954
2.080844 10.966566 8.983990
2.094903 10.952628 8.997830
2.108963 10.938886 9.011475
2.123023 10.925337 9.024929
2.137083 10.911977 9.038195
2.151142 10.898805 9.051275
2.165202 10.885817 9.064171
2.179262 10.873011 9.076887
2.193322 10.860384 9.089425
2.207381 10.847935 9.101787
2.221441 10.835660 9.113976
2.235501 10.823556 9.125994
2.249561 10.811623 9.137844
2.263620 10.799856 9.149528
2.277680 10.788255 9.161048
2.291740 10.776816 9.172406
2.305800 10.765537 9.183606
2.319859 10.754416 9.194648
2.333919 10.743451 9.205536
2.347979 10.732640 9.216272
2.362039 10.721980 9.226857
2.376098 10.711469 9.237293
2.390158 10.701106 9.247584
2.404218 10.690888 9.257730
2.418278 10.680813 9.267734
2.432337 10.670879 9.277598
2.446397 10.661085 9.287324
2.460457 10.651427 9.296913
2.474517 10.641905 9.306368
2.488576 10.632516 9.315691
2.502636 10.623259 9.324883
2.516696 10.614132 9.333946
2.530756 10.605132 9.342883
2.544815 10.596259 9.351694
2.558875 10.587510 9.360381
2.572935 10.578883 9.368947
2.586995 10.570378 9.377393
2.601054 10.561991 9.385721
2.615114 10.553722 9.393932
2.629174 10.545569 9.402028
2.643234 10.537530 9.410010
2.657293 10.529603 9.417881
2.671353 10.521788 9.425641
2.685413 10.514082 9.433292
2.699473 10.506485 9.440837
2.713533 10.498993 9.448276
2.727592 10.491607 9.455610
2.741652 10.484324 9.462842
2.755712 10.477143 9.469972
2.769772 10.470063 9.477003
2.783831 10.463082 9.483935
2.797891 10.456198 9.490770
2.811951 10.449411 9.497509
2.826011 10.442720 9.504154
2.840070 10.436122 9.510705
2.854130 10.429616 9.517165
2.868190 10.423202 9.523534
2.882250 10.416877 9.529814
2.896309 10.410641 9.536006
2.910369 10.404493 9.542112
2.924429 10.398430 9.548132
2.938489 10.392453 9.554067
2.952548 10.386559 9.559919
2.966608 10.380748 9.565690
2.980668 10.375018 9.571379
2.994728 10.369369 9.576989
3.008787 10.363798 9.582520
3.022847 10.358306 9.587974
3.036907 10.352891 9.593351
3.050967 10.347551 9.598653
3.065026 10.342286 9.603881
3.079086 10.337096 9.609035
3.093146 10.331977 9.614117
3.107206 10.326931 9.619128
3.121265 10.321955 9.624069
3.135325 10.317049 9.628941
3.149385 10.312212 9.633744
3.163445 10.307442 9.638480
3.177504 10.302740 9.643150
3.191564 10.298103 9.647754
3.205624 10.293531 9.652294
3.219684 10.289023 9.656770
3.233743 10.284578 9.661183
3.247803 10.280196 9.665535
3.261863 10.275875 9.669825
3.275923 10.271615 9.674056
3.289982 10.267414 9.678227
3.304042 10.263272 9.682340
3.318102 10.259188 9.686395
3.332162 10.255161 9.690393
3.346221 10.251191 9.694336
3.360281 10.247276 9.698223
3.374341 10.243417 9.702056
3.388401 10.239611 9.705834
3.402460 10.235859 9.709560
3.416520 10.232159 9.713234
3.430580 10.228511 9.716857
3.444640 10.224914 9.720428
3.458699 10.221367 9.723950
3.472759 10.217871 9.727422
3.486819 10.214423 9.730845
3.500879 10.211023 9.734221
3.514938 10.207672 9.737549
3.528998 10.204367 9.740831
3.543058 10.201108 9.744067
3.557118 10.197895 9.747257
3.571178 10.194727 9.750403
3.585237 10.191604 9.753504
3.599297 10.188524 9.756562
3.613357 10.185487 9.759578
3.627417 10.182493 9.762551
3.641476 10.179541 9.765482
3.655536 10.176630 9.768373
3.669596 10.173760 9.771222
3.683656 10.170930 9.774032
3.697715 10.168140 9.776803
3.711775 10.165389 9.779534
3.725835 10.162677 9.782228
3.739895 10.160002 9.784884
3.753954 10.157365 9.787502
3.768014 10.154765 9.790084
3.782074 10.152201 9.792630
3.796134 10.149674 9.795140
3.810193 10.147181 9.797614
3.824253 10.144724 9.800055
3.838313 10.142301 9.802460
3.852373 10.139912 9.804833
3.866432 10.137556 9.807172
3.880492 10.135234 9.809478
3.894552 10.132944 9.811752
3.908612 10.130686 9.813994
3.922671 10.128459 9.816205
3.936731 10.126264 9.818384
3.950791 10.124100 9.820533
3.964851 10.121966 9.822652
3.978910 10.119862 9.824742
3.992970 10.117787 9.826802
4.007030 10.115742 9.828833
4.021090 10.113725 9.830836
4.035149 10.111736 9.832811
4.049209 10.109775 9.834758
4.063269 10.107842 9.836677
4.077329 10.105936 9.838570
4.091388 10.104056 9.840436
4.105448 10.102203 9.842277
4.119508 10.100376 9.844091
4.133568 10.098574 9.845880
4.147627 10.096797 9.847644
4.161687 10.095046 9.849383
4.175747 10.093319 9.851098
4.189807 10.091616 9.852789
4.203866 10.089937 9.854456
4.217926 10.088282 9.856100
4.231986 10.086650 9.857720
4.246046 10.085040 9.859318
4.260105 10.083454 9.860894
4.274165 10.081889 9.862448
4.288225 10.080346 9.863979
4.302285 10.078825 9.865490
4.316344 10.077326 9.866979
4.330404 10.075847 9.868447
4.344464 10.074389 9.869895
4.358524 10.072951 9.871323
4.372583 10.071534 9.872730
4.386643 10.070136 9.874118
4.400703 10.068758 9.875486
4.414763 10.067400 9.876835
4.428822 10.066060 9.878165
4.442882 10.064739 9.879477
4.456942 10.063437 9.880770
4.471002 10.062153 9.882045
4.485062 10.060886 9.883303
4.499121 10.059638 9.884542
4.513181 10.058407 9.885764
4.527241 10.057194 9.886970
4.541301 10.055997 9.888158
4.555360 10.054817 9.889329
4.569420 10.053654 9.890485
4.583480 10.052507 9.891624
4.597540 10.051376 9.892747
4.611599 10.050260 9.893854
4.625659 10.049161 9.894946
4.639719 10.048077 9.896022
4.653779 10.047008 9.897084
4.667838 10.045954 9.898130
4.681898 10.044915 9.899162
4.695958 10.043890 9.900179
4.710018 10.042880 9.901183
4.724077 10.041884 9.902172
4.738137 10.040902 9.903147
4.752197 10.039933 9.904109
4.766257 10.038978 9.905057
4.780316 10.038037 9.905991
4.794376 10.037109 9.906913
4.808436 10.036193 9.907822
4.822496 10.035291 9.908718
4.836555 10.034401 9.909602
4.850615 10.033524 9.910473
4.864675 10.032659 9.911332
4.878735 10.031806 9.912179
4.892794 10.030965 9.913014
4.906854 10.030136 9.913837
4.920914 10.029318 9.914649
4.934974 10.028512 9.915449
4.949033 10.027717 9.916239
4.963093 10.026934 9.917017
4.977153 10.026161 9.917784
4.991213 10.025399 9.918541
5.005272 10.024648 9.919286
5.019332 10.023907 9.920022
5.033392 10.023177 9.920747
5.047452 10.022457 9.921462
5.061511 10.021747 9.922167
5.075571 10.021047 9.922862
5.089631 10.020356 9.923548
5.103691 10.019676 9.924223
5.117750 10.019005 9.924890
5.131810 10.018343 9.925547
5.145870 10.017691 9.926194
5.159930 10.017048 9.926833
5.173989 10.016414 9.927463
5.188049 10.015788 9.928084
5.202109 10.015172 9.928696
5.216169 10.014564 9.929300
5.230228 10.013964 9.929895
5.244288 10.013373 9.930482
5.258348 10.012791 9.931060
5.272408 10.012216 9.931631
5.286467 10.011650 9.932193
5.300527 10.011091 9.932748
5.314587 10.010540 9.933295
5.328647 10.009997 9.933834
5.342707 10.009462 9.934366
5.356766 10.008934 9.934890
5.370826 10.008413 9.935407
5.384886 10.007900 9.935916
5.398946 10.007394 9.936419
5.413005 10.006895 9.936914
5.427065 10.006403 9.937403
5.441125 10.005918 9.937884
5.455185 10.005440 9.938359
5.469244 10.004968 9.938828
5.483304 10.004503 9.939289
5.497364 10.004045 9.939744
5.511424 10.003593 9.940193
5.525483 10.003147 9.940636
5.539543 10.002708 9.941072
5.553603 10.002274 9.941503
5.567663 10.001847 9.941927
5.581722 10.001426 9.942345
5.595782 10.001011 9.942757
5.609842 10.000601 9.943164
5.623902 10.000197 9.943565
5.637961 9.999799 9.943960
5.652021 9.999407 9.944350
5.666081 9.999020 9.944734
5.680141 9.998638 9.945113
5.694200 9.998262 9.945487
5.708260 9.997891 9.945855
5.722320 9.997525 9.946219
5.736380 9.997164 9.946577
5.750439 9.996809 9.946930
5.764499 9.996458 9.947278
5.778559 9.996112 9.947621
5.792619 9.995771 9.947960
5.806678 9.995435 9.948294
5.820738 9.995104 9.948623
5.834798 9.994777 9.948947
5.848858 9.994455 9.949267
5.862917 9.994137 9.949582
5.876977 9.993824 9.949893
5.891037 9.993515 9.950200
5.905097 9.993211 9.950502
5.919156 9.992911 9.950801
5.933216 9.992615 9.951095
5.947276 9.992323 9.951384
5.961336 9.992035 9.951670
5.975395 9.991751 9.951952
5.989455 9.991471 9.952230
6.003515 9.991195 9.952504
6.017575 9.990923 9.952774
6.031634 9.990655 9.953040
6.045694 9.990391 9.953303
6.059754 9.990130 9.953561
6.073814 9.989873 9.953817
6.087873 9.989620 9.954068
6.101933 9.989370 9.954317
6.115993 9.989123 9.954561
6.130053 9.988880 9.954803
6.144112 9.988641 9.955040
6.158172 9.988404 9.955275
6.172232 9.988172 9.955506
6.186292 9.987942 9.955734
6.200351 9.987716 9.955959
6.214411 9.987492 9.956181
6.228471 9.987272 9.956399
6.242531 9.987055 9.956615
6.256591 9.986841 9.956827
6.270650 9.986630 9.957037
6.284710 9.986422 9.957243
6.298770 9.986217 9.957447
6.312830 9.986015 9.957648
6.326889 9.985815 9.957846
6.340949 9.985619 9.958041
6.355009 9.985425 9.958234
6.369069 9.985234 9.958423
6.383128 9.985045 9.958611
6.397188 9.984859 9.958795
6.411248 9.984676 9.958977
6.425308 9.984496 9.959156
6.439367 9.984317 9.959333
6.453427 9.984142 9.959508
6.467487 9.983969 9.959680
6.481547 9.983798 9.959849
6.495606 9.983629 9.960016
6.509666 9.983463 9.960181
6.523726 9.983300 9.960344
6.537786 9.983138 9.960504
6.551845 9.982979 9.960662
6.565905 9.982822 9.960818
6.579965 9.982668 9.960971
6.594025 9.982515 9.961123
6.608084 9.982365 9.961272
6.622144 9.982217 9.961419
6.636204 9.982070 9.961565
6.650264 9.981926 9.961708
6.664323 9.981784 9.961849
6.678383 9.981644 9.961988
6.692443 9.981506 9.962125
6.706503 9.981369 9.962261
6.720562 9.981235 9.962394
6.734622 9.981103 9.962525
6.748682 9.980972 9.962655
6.762742 9.980843 9.962783
6.776801 9.980716 9.962909
6.790861 9.980591 9.963033
6.804921 9.980468 9.963156
6.818981 9.980346 9.963277
6.833040 9.980226 9.963396
6.847100 9.980108 9.963513
6.861160 9.979991 9.963629
6.875220 9.979876 9.963743
6.889279 9.979763 9.963856
6.903339 9.979651 9.963967
6.917399 9.979541 9.964077
6.931459 9.979432 9.964185
6.945518 9.979325 9.964291
6.959578 9.979219 9.964396
6.973638 9.979115 9.964499
6.987698 9.979012 9.964601
7.001757 9.978911 9.964702
7.015817 9.978811 9.964801
7.029877 9.978712 9.964899
7.043937 9.978615 9.964995
7.057996 9.978520 9.965090
7.072056 9.978425 9.965184
7.086116 9.978332 9.965277
7.100176 9.978240 9.965368
7.114236 9.978150 9.965458
7.128295 9.978061 9.965546
7.142355 9.977973 9.965634
7.156415 9.977886 9.965720
7.170475 9.977800 9.965805
7.184534 9.977716 9.965888
7.198594 9.977633 9.965971
7.212654 9.977551 9.966052
7.226714 9.977470 9.966133
7.240773 9.977390 9.966212
7.254833 9.977312 9.966290
7.268893 9.977234 9.966367
7.282953 9.977158 9.966443
7.297012 9.977083 9.966517
7.311072 9.977008 9.966591
7.325132 9.976935 9.966664
7.339192 9.976863 9.966736
7.353251 9.976792 9.966806
7.367311 9.976721 9.966876
7.381371 9.976652 9.966945
7.395431 9.976584 9.967012
7.409490 9.976517 9.967079
7.423550 9.976450 9.967145
7.437610 9.976385 9.967210
7.451670 9.976320 9.967274
7.465729 9.976257 9.967337
7.479789 9.976194 9.967400
7.493849 9.976132 9.967461
7.507909 9.976071 9.967521
7.521968 9.976011 9.967581
7.536028 9.975952 9.967640
7.550088 9.975894 9.967698
7.564148 9.975836 9.967755
7.578207 9.975779 9.967812
7.592267 9.975723 9.967867
7.606327 9.975668 9.967922
7.620387 9.975613 9.967976
7.634446 9.975560 9.968029
7.648506 9.975507 9.968082
7.662566 9.975455 9.968134
7.676626 9.975403 9.968185
7.690685 9.975352 9.968235
7.704745 9.975302 9.968285
7.718805 9.975253 9.968334
7.732865 9.975204 9.968382
7.746924 9.975156 9.968430
7.760984 9.975109 9.968477
7.775044 9.975063 9.968523
7.789104 9.975017 9.968569
7.803163 9.974971 9.968614
7.817223 9.974927 9.968658
7.831283 9.974882 9.968702
7.845343 9.974839 9.968745
7.859402 9.974796 9.968788
7.873462 9.974754 9.968830
7.887522 9.974712 9.968871
7.901582 9.974671 9.968912
7.915641 9.974631 9.968952
7.929701 9.974591 9.968992
7.943761 9.974551 9.969031
7.957821 9.974513 9.969069
7.971880 9.974474 9.969107
7.985940 9.974437 9.969145
8.000000 9.974399 9.969182
