# z = ,(t = 4)
0.330661 
0.351643 
0.393895 
0.457953 
0.544529 
0.654398 
0.788266 
0.946609 
1.129509 
1.336486 
1.566345 
1.817045 
2.085610 
2.368093 
2.659590 
2.954333 
3.245839 
3.527131 
3.791014 
4.030388 
4.238596 
4.409769 
4.539153 
4.623403 
4.660806 
4.651435 
4.597209 
4.501861 
4.370807 
4.210931 
4.030293 
3.837772 
3.642674 
3.454315 
3.281607 
3.132664 
3.014444 
2.932447 
2.890477 
2.890477 
0.330661 
0.351643 
0.393895 
0.457953 
0.544529 
0.654398 
0.788266 
0.946609 
1.129509 
1.336486 
1.566345 
1.817045 
2.085610 
2.368093 
2.659590 
2.954333 
3.245839 
3.527131 
3.791014 
4.030388 
4.238596 
4.409769 
4.539153 
4.623403 
4.660806 
4.651435 
4.597209 
4.501861 
4.370807 
4.210931 
4.030293 
3.837772 
3.642674 
3.454315 
3.281607 
3.132664 
3.014444 
2.932447 
2.890477 
2.890477 
0.330661 
0.351643 
0.393895 
0.457953 
0.544529 
0.654398 
0.788266 
0.946609 
1.129509 
1.336486 
1.566345 
1.817045 
2.085610 
2.368093 
2.659590 
2.954333 
3.245839 
3.527131 
3.791014 
4.030388 
4.238596 
4.409769 
4.539153 
4.623403 
4.660806 
4.651435 
4.597209 
4.501861 
4.370807 
4.210931 
4.030293 
3.837772 
3.642674 
3.454315 
3.281607 
3.132664 
3.014444 
2.932447 
2.890477 
2.890477 
0.330661 
0.351643 
0.393895 
0.457953 
0.544529 
0.654398 
0.788266 
0.946609 
1.129509 
1.336486 
1.566345 
1.817045 
2.085610 
2.368093 
2.659590 
2.954333 
3.245839 
3.527131 
3.791014 
4.030388 
4.238596 
4.409769 
4.539153 
4.623403 
4.660806 
4.651435 
4.597209 
4.501861 
4.370807 
4.210931 
4.030293 
3.837772 
3.642674 
3.454315 
3.281607 
3.132664 
3.014444 
2.932447 
2.890477 
2.890477 
0.330661 
0.351643 
0.393895 
0.457953 
0.544529 
0.654398 
0.788266 
0.946609 
1.129509 
1.336486 
1.566345 
1.817045 
2.085610 
2.368093 
2.659590 
2.954333 
3.245839 
3.527131 
3.791014 
4.030388 
4.238596 
4.409769 
4.539153 
4.623403 
4.660806 
4.651435 
4.597209 
4.501861 
4.370807 
4.210931 
4.030293 
3.837772 
3.642674 
3.454315 
3.281607 
3.132664 
3.014444 
2.932447 
2.890477 
2.890477 
0.330661 
0.351643 
0.393895 
0.457953 
0.544529 
0.654398 
0.788266 
0.946609 
1.129509 
1.336486 
1.566345 
1.817045 
2.085610 
2.368093 
2.659590 
2.954333 
3.245839 
3.527131 
3.791014 
4.030388 
4.238596 
4.409769 
4.539153 
4.623403 
4.660806 
4.651435 
4.597209 
4.501861 
4.370807 
4.210931 
4.030293 
3.837772 
3.642674 
3.454315 
3.281607 
3.132664 
3.014444 
2.932447 
2.890477 
2.890477 
0.330661 
0.351643 
0.393895 
0.457953 
0.544529 
0.654398 
0.788266 
0.946609 
1.129509 
1.336486 
1.566345 
1.817045 
2.085610 
2.368093 
2.659590 
2.954333 
3.245839 
3.527131 
3.791014 
4.030388 
4.238596 
4.409769 
4.539153 
4.623403 
4.660806 
4.651435 
4.597209 
4.501861 
4.370807 
4.210931 
4.030293 
3.837772 
3.642674 
3.454315 
3.281607 
3.132664 
3.014444 
2.932447 
2.890477 
2.890477 
0.330661 
0.351643 
0.393895 
0.457953 
0.544529 
0.654398 
0.788266 
0.946609 
1.129509 
1.336486 
1.566345 
1.817045 
2.085610 
2.368093 
2.659590 
2.954333 
3.245839 
3.527131 
3.791014 
4.030388 
4.238596 
4.409769 
4.539153 
4.623403 
4.660806 
4.651435 
4.597209 
4.501861 
4.370807 
4.210931 
4.030293 
3.837772 
3.642674 
3.454315 
3.281607 
3.132664 
3.014444 
2.932447 
2.890477 
2.890477 
0.330661 
0.351643 
0.393895 
0.457953 
0.544529 
0.654398 
0.788266 
0.946609 
1.129509 
1.336486 
1.566345 
1.817045 
2.085610 
2.368093 
2.659590 
2.954333 
3.245839 
3.527131 
3.791014 
4.030388 
4.238596 
4.409769 
4.539153 
4.623403 
4.660806 
4.651435 
4.597209 
4.501861 
4.370807 
4.210931 
4.030293 
3.837772 
3.642674 
3.454315 
3.281607 
3.132664 
3.014444 
2.932447 
2.890477 
2.890477 
0.330661 
0.351643 
0.393895 
0.457953 
0.544529 
0.654398 
0.788266 
0.946609 
1.129509 
1.336486 
1.566345 
1.817045 
2.085610 
2.368093 
2.659590 
2.954333 
3.245839 
3.527131 
3.791014 
4.030388 
4.238596 
4.409769 
4.539153 
4.623403 
4.660806 
4.651435 
4.597209 
4.501861 
4.370807 
4.210931 
4.030293 
3.837772 
3.642674 
3.454315 
3.281607 
3.132664 
3.014444 
2.932447 
2.890477 
2.890477 
0.330661 
0.351643 
0.393895 
0.457953 
0.544529 
0.654398 
0.788266 
0.946609 
1.129509 
1.336486 
1.566345 
1.817045 
2.085610 
2.368093 
2.659590 
2.954333 
3.245839 
3.527131 
3.791014 
4.030388 
4.238596 
4.409769 
4.539153 
4.623403 
4.660806 
4.651435 
4.597209 
4.501861 
4.370807 
4.210931 
4.030293 
3.837772 
3.642674 
3.454315 
3.281607 
3.132664 
3.014444 
2.932447 
2.890477 
2.890477 
0.330661 
0.351643 
0.393895 
0.457953 
0.544529 
0.654398 
0.788266 
0.946609 
1.129509 
1.336486 
1.566345 
1.817045 
2.085610 
2.368093 
2.659590 
2.954333 
3.245839 
3.527131 
3.791014 
4.030388 
4.238596 
4.409769 
4.539153 
4.623403 
4.660806 
4.651435 
4.597209 
4.501861 
4.370807 
4.210931 
4.030293 
3.837772 
3.642674 
3.454315 
3.281607 
3.132664 
3.014444 
2.932447 
2.890477 
2.890477 
0.330661 
0.351643 
0.393895 
0.457953 
0.544529 
0.654398 
0.788266 
0.946609 
1.129509 
1.336486 
1.566345 
1.817045 
2.085610 
2.368093 
2.659590 
2.954333 
3.245839 
3.527131 
3.791014 
4.030388 
4.238596 
4.409769 
4.539153 
4.623403 
4.660806 
4.651435 
4.597209 
4.501861 
4.370807 
4.210931 
4.030293 
3.837772 
3.642674 
3.454315 
3.281607 
3.132664 
3.014444 
2.932447 
2.890477 
2.890477 
0.330661 
0.351643 
0.393895 
0.457953 
0.544529 
0.654398 
0.788266 
0.946609 
1.129509 
1.336486 
1.566345 
1.817045 
2.085610 
2.368093 
2.659590 
2.954333 
3.245839 
3.527131 
3.791014 
4.030388 
4.238596 
4.409769 
4.539153 
4.623403 
4.660806 
4.651435 
4.597209 
4.501861 
4.370807 
4.210931 
4.030293 
3.837772 
3.642674 
3.454315 
3.281607 
3.132664 
3.014444 
2.932447 
2.890477 
2.890477 
0.330661 
0.351643 
0.393895 
0.457953 
0.544529 
0.654398 
0.788266 
0.946609 
1.129509 
1.336486 
1.566345 
1.817045 
2.085610 
2.368093 
2.659590 
2.954333 
3.245839 
3.527131 
3.791014 
4.030388 
4.238596 
4.409769 
4.539153 
4.623403 
4.660806 
4.651435 
4.597209 
4.501861 
4.370807 
4.210931 
4.030293 
3.837772 
3.642674 
3.454315 
3.281607 
3.132664 
3.014444 
2.932447 
2.890477 
2.890477 
0.330661 
0.351643 
0.393895 
0.457953 
0.544529 
0.654398 
0.788266 
0.946609 
1.129509 
1.336486 
1.566345 
1.817045 
2.085610 
2.368093 
2.659590 
2.954333 
3.245839 
3.527131 
3.791014 
4.030388 
4.238596 
4.409769 
4.539153 
4.623403 
4.660806 
4.651435 
4.597209 
4.501861 
4.370807 
4.210931 
4.030293 
3.837772 
3.642674 
3.454315 
3.281607 
3.132664 
3.014444 
2.932447 
2.890477 
2.890477 
0.330661 
0.351643 
0.393895 
0.457953 
0.544529 
0.654398 
0.788266 
0.946609 
1.129509 
1.336486 
1.566345 
1.817045 
2.085610 
2.368093 
2.659590 
2.954333 
3.245839 
3.527131 
3.791014 
4.030388 
4.238596 
4.409769 
4.539153 
4.623403 
4.660806 
4.651435 
4.597209 
4.501861 
4.370807 
4.210931 
4.030293 
3.837772 
3.642674 
3.454315 
3.281607 
3.132664 
3.014444 
2.932447 
2.890477 
2.890477 
0.330661 
0.351643 
0.393895 
0.457953 
0.544529 
0.654398 
0.788266 
0.946609 
1.129509 
1.336486 
1.566345 
1.817045 
2.085610 
2.368093 
2.659590 
2.954333 
3.245839 
3.527131 
3.791014 
4.030388 
4.238596 
4.409769 
4.539153 
4.623403 
4.660806 
4.651435 
4.597209 
4.501861 
4.370807 
4.210931 
4.030293 
3.837772 
3.642674 
3.454315 
3.281607 
3.132664 
3.014444 
2.932447 
2.890477 
2.890477 
0.330661 
0.351643 
0.393895 
0.457953 
0.544529 
0.654398 
0.788266 
0.946609 
1.129509 
1.336486 
1.566345 
1.817045 
2.085610 
2.368093 
2.659590 
2.954333 
3.245839 
3.527131 
3.791014 
4.030388 
4.238596 
4.409769 
4.539153 
4.623403 
4.660806 
4.651435 
4.597209 
4.501861 
4.370807 
4.210931 
4.030293 
3.837772 
3.642674 
3.454315 
3.281607 
3.132664 
3.014444 
2.932447 
2.890477 
2.890477 
0.330661 
0.351643 
0.393895 
0.457953 
0.544529 
0.654398 
0.788266 
0.946609 
1.129509 
1.336486 
1.566345 
1.817045 
2.085610 
2.368093 
2.659590 
2.954333 
3.245839 
3.527131 
3.791014 
4.030388 
4.238596 
4.409769 
4.539153 
4.623403 
4.660806 
4.651435 
4.597209 
4.501861 
4.370807 
4.210931 
4.030293 
3.837772 
3.642674 
3.454315 
3.281607 
3.132664 
3.014444 
2.932447 
2.890477 
2.890477 
0.330661 
0.351643 
0.393895 
0.457953 
0.544529 
0.654398 
0.788266 
0.946609 
1.129509 
1.336486 
1.566345 
1.817045 
2.085610 
2.368093 
2.659590 
2.954333 
3.245839 
3.527131 
3.791014 
4.030388 
4.238596 
4.409769 
4.539153 
4.623403 
4.660806 
4.651435 
4.597209 
4.501861 
4.370807 
4.210931 
4.030293 
3.837772 
3.642674 
3.454315 
3.281607 
3.132664 
3.014444 
2.932447 
2.890477 
2.890477 
0.330661 
0.351643 
0.393895 
0.457953 
0.544529 
0.654398 
0.788266 
0.946609 
1.129509 
1.336486 
1.566345 
1.817045 
2.085610 
2.368093 
2.659590 
2.954333 
3.245839 
3.527131 
3.791014 
4.030388 
4.238596 
4.409769 
4.539153 
4.623403 
4.660806 
4.651435 
4.597209 
4.501861 
4.370807 
4.210931 
4.030293 
3.837772 
3.642674 
3.454315 
3.281607 
3.132664 
3.014444 
2.932447 
2.890477 
2.890477 
0.330661 
0.351643 
0.393895 
0.457953 
0.544529 
0.654398 
0.788266 
0.946609 
1.129509 
1.336486 
1.566345 
1.817045 
2.085610 
2.368093 
2.659590 
2.954333 
3.245839 
3.527131 
3.791014 
4.030388 
4.238596 
4.409769 
4.539153 
4.623403 
4.660806 
4.651435 
4.597209 
4.501861 
4.370807 
4.210931 
4.030293 
3.837772 
3.642674 
3.454315 
3.281607 
3.132664 
3.014444 
2.932447 
2.890477 
2.890477 
0.330661 
0.351643 
0.393895 
0.457953 
0.544529 
0.654398 
0.788266 
0.946609 
1.129509 
1.336486 
1.566345 
1.817045 
2.085610 
2.368093 
2.659590 
2.954333 
3.245839 
3.527131 
3.791014 
4.030388 
4.238596 
4.409769 
4.539153 
4.623403 
4.660806 
4.651435 
4.597209 
4.501861 
4.370807 
4.210931 
4.030293 
3.837772 
3.642674 
3.454315 
3.281607 
3.132664 
3.014444 
2.932447 
2.890477 
2.890477 
0.330661 
0.351643 
0.393895 
0.457953 
0.544529 
0.654398 
0.788266 
0.946609 
1.129509 
1.336486 
1.566345 
1.817045 
2.085610 
2.368093 
2.659590 
2.954333 
3.245839 
3.527131 
3.791014 
4.030388 
4.238596 
4.409769 
4.539153 
4.623403 
4.660806 
4.651435 
4.597209 
4.501861 
4.370807 
4.210931 
4.030293 
3.837772 
3.642674 
3.454315 
3.281607 
3.132664 
3.014444 
2.932447 
2.890477 
2.890477 
0.330661 
0.351643 
0.393895 
0.457953 
0.544529 
0.654398 
0.788266 
0.946609 
1.129509 
1.336486 
1.566345 
1.817045 
2.085610 
2.368093 
2.659590 
2.954333 
3.245839 
3.527131 
3.791014 
4.030388 
4.238596 
4.409769 
4.539153 
4.623403 
4.660806 
4.651435 
4.597209 
4.501861 
4.370807 
4.210931 
4.030293 
3.837772 
3.642674 
3.454315 
3.281607 
3.132664 
3.014444 
2.932447 
2.890477 
2.890477 
0.330661 
0.351643 
0.393895 
0.457953 
0.544529 
0.654398 
0.788266 
0.946609 
1.129509 
1.336486 
1.566345 
1.817045 
2.085610 
2.368093 
2.659590 
2.954333 
3.245839 
3.527131 
3.791014 
4.030388 
4.238596 
4.409769 
4.539153 
4.623403 
4.660806 
4.651435 
4.597209 
4.501861 
4.370807 
4.210931 
4.030293 
3.837772 
3.642674 
3.454315 
3.281607 
3.132664 
3.014444 
2.932447 
2.890477 
2.890477 
0.330661 
0.351643 
0.393895 
0.457953 
0.544529 
0.654398 
0.788266 
0.946609 
1.129509 
1.336486 
1.566345 
1.817045 
2.085610 
2.368093 
2.659590 
2.954333 
3.245839 
3.527131 
3.791014 
4.030388 
4.238596 
4.409769 
4.539153 
4.623403 
4.660806 
4.651435 
4.597209 
4.501861 
4.370807 
4.210931 
4.030293 
3.837772 
3.642674 
3.454315 
3.281607 
3.132664 
3.014444 
2.932447 
2.890477 
2.890477 
0.330661 
0.351643 
0.393895 
0.457953 
0.544529 
0.654398 
0.788266 
0.946609 
1.129509 
1.336486 
1.566345 
1.817045 
2.085610 
2.368093 
2.659590 
2.954333 
3.245839 
3.527131 
3.791014 
4.030388 
4.238596 
4.409769 
4.539153 
4.623403 
4.660806 
4.651435 
4.597209 
4.501861 
4.370807 
4.210931 
4.030293 
3.837772 
3.642674 
3.454315 
3.281607 
3.132664 
3.014444 
2.932447 
2.890477 
2.890477 
0.330661 
0.351643 
0.393895 
0.457953 
0.544529 
0.654398 
0.788266 
0.946609 
1.129509 
1.336486 
1.566345 
1.817045 
2.085610 
2.368093 
2.659590 
2.954333 
3.245839 
3.527131 
3.791014 
4.030388 
4.238596 
4.409769 
4.539153 
4.623403 
4.660806 
4.651435 
4.597209 
4.501861 
4.370807 
4.210931 
4.030293 
3.837772 
3.642674 
3.454315 
3.281607 
3.132664 
3.014444 
2.932447 
2.890477 
2.890477 
0.330661 
0.351643 
0.393895 
0.457953 
0.544529 
0.654398 
0.788266 
0.946609 
1.129509 
1.336486 
1.566345 
1.817045 
2.085610 
2.368093 
2.659590 
2.954333 
3.245839 
3.527131 
3.791014 
4.030388 
4.238596 
4.409769 
4.539153 
4.623403 
4.660806 
4.651435 
4.597209 
4.501861 
4.370807 
4.210931 
4.030293 
3.837772 
3.642674 
3.454315 
3.281607 
3.132664 
3.014444 
2.932447 
2.890477 
2.890477 
0.330661 
0.351643 
0.393895 
0.457953 
0.544529 
0.654398 
0.788266 
0.946609 
1.129509 
1.336486 
1.566345 
1.817045 
2.085610 
2.368093 
2.659590 
2.954333 
3.245839 
3.527131 
3.791014 
4.030388 
4.238596 
4.409769 
4.539153 
4.623403 
4.660806 
4.651435 
4.597209 
4.501861 
4.370807 
4.210931 
4.030293 
3.837772 
3.642674 
3.454315 
3.281607 
3.132664 
3.014444 
2.932447 
2.890477 
2.890477 
0.330661 
0.351643 
0.393895 
0.457953 
0.544529 
0.654398 
0.788266 
0.946609 
1.129509 
1.336486 
1.566345 
1.817045 
2.085610 
2.368093 
2.659590 
2.954333 
3.245839 
3.527131 
3.791014 
4.030388 
4.238596 
4.409769 
4.539153 
4.623403 
4.660806 
4.651435 
4.597209 
4.501861 
4.370807 
4.210931 
4.030293 
3.837772 
3.642674 
3.454315 
3.281607 
3.132664 
3.014444 
2.932447 
2.890477 
2.890477 
0.330661 
0.351643 
0.393895 
0.457953 
0.544529 
0.654398 
0.788266 
0.946609 
1.129509 
1.336486 
1.566345 
1.817045 
2.085610 
2.368093 
2.659590 
2.954333 
3.245839 
3.527131 
3.791014 
4.030388 
4.238596 
4.409769 
4.539153 
4.623403 
4.660806 
4.651435 
4.597209 
4.501861 
4.370807 
4.210931 
4.030293 
3.837772 
3.642674 
3.454315 
3.281607 
3.132664 
3.014444 
2.932447 
2.890477 
2.890477 
0.330661 
0.351643 
0.393895 
0.457953 
0.544529 
0.654398 
0.788266 
0.946609 
1.129509 
1.336486 
1.566345 
1.817045 
2.085610 
2.368093 
2.659590 
2.954333 
3.245839 
3.527131 
3.791014 
4.030388 
4.238596 
4.409769 
4.539153 
4.623403 
4.660806 
4.651435 
4.597209 
4.501861 
4.370807 
4.210931 
4.030293 
3.837772 
3.642674 
3.454315 
3.281607 
3.132664 
3.014444 
2.932447 
2.890477 
2.890477 
0.330661 
0.351643 
0.393895 
0.457953 
0.544529 
0.654398 
0.788266 
0.946609 
1.129509 
1.336486 
1.566345 
1.817045 
2.085610 
2.368093 
2.659590 
2.954333 
3.245839 
3.527131 
3.791014 
4.030388 
4.238596 
4.409769 
4.539153 
4.623403 
4.660806 
4.651435 
4.597209 
4.501861 
4.370807 
4.210931 
4.030293 
3.837772 
3.642674 
3.454315 
3.281607 
3.132664 
3.014444 
2.932447 
2.890477 
2.890477 
0.330661 
0.351643 
0.393895 
0.457953 
0.544529 
0.654398 
0.788266 
0.946609 
1.129509 
1.336486 
1.566345 
1.817045 
2.085610 
2.368093 
2.659590 
2.954333 
3.245839 
3.527131 
3.791014 
4.030388 
4.238596 
4.409769 
4.539153 
4.623403 
4.660806 
4.651435 
4.597209 
4.501861 
4.370807 
4.210931 
4.030293 
3.837772 
3.642674 
3.454315 
3.281607 
3.132664 
3.014444 
2.932447 
2.890477 
2.890477 
0.330661 
0.351643 
0.393895 
0.457953 
0.544529 
0.654398 
0.788266 
0.946609 
1.129509 
1.336486 
1.566345 
1.817045 
2.085610 
2.368093 
2.659590 
2.954333 
3.245839 
3.527131 
3.791014 
4.030388 
4.238596 
4.409769 
4.539153 
4.623403 
4.660806 
4.651435 
4.597209 
4.501861 
4.370807 
4.210931 
4.030293 
3.837772 
3.642674 
3.454315 
3.281607 
3.132664 
3.014444 
2.932447 
2.890477 
2.890477 
0.330661 
0.351643 
0.393895 
0.457953 
0.544529 
0.654398 
0.788266 
0.946609 
1.129509 
1.336486 
1.566345 
1.817045 
2.085610 
2.368093 
2.659590 
2.954333 
3.245839 
3.527131 
3.791014 
4.030388 
4.238596 
4.409769 
4.539153 
4.623403 
4.660806 
4.651435 
4.597209 
4.501861 
4.370807 
4.210931 
4.030293 
3.837772 
3.642674 
3.454315 
3.281607 
3.132664 
3.014444 
2.932447 
2.890477 
2.890477 
0.330661 
0.351643 
0.393895 
0.457953 
0.544529 
0.654398 
0.788266 
0.946609 
1.129509 
1.336486 
1.566345 
1.817045 
2.085610 
2.368093 
2.659590 
2.954333 
3.245839 
3.527131 
3.791014 
4.030388 
4.238596 
4.409769 
4.539153 
4.623403 
4.660806 
4.651435 
4.597209 
4.501861 
4.370807 
4.210931 
4.030293 
3.837772 
3.642674 
3.454315 
3.281607 
3.132664 
3.014444 
2.932447 
2.890477 
2.890477 
