# z = ,(t = 1)
0.000285 
0.000543 
0.001240 
0.002824 
0.006203 
0.013066 
0.026372 
0.050988 
0.094431 
0.167534 
0.284765 
0.463852 
0.724333 
1.084885 
1.559559 
2.153522 
2.859264 
3.654389 
4.501826 
5.352741 
6.151675 
6.842825 
7.376219 
7.712775 
7.827773 
7.712778 
7.376229 
6.842854 
6.151754 
5.352946 
4.502339 
3.655619 
2.862085 
2.159723 
1.572625 
1.111257 
0.775321 
0.558283 
0.452299 
0.452299 
0.000285 
0.000543 
0.001240 
0.002824 
0.006203 
0.013066 
0.026372 
0.050988 
0.094431 
0.167534 
0.284765 
0.463852 
0.724333 
1.084885 
1.559559 
2.153522 
2.859264 
3.654389 
4.501826 
5.352741 
6.151675 
6.842825 
7.376219 
7.712775 
7.827773 
7.712778 
7.376229 
6.842854 
6.151754 
5.352946 
4.502339 
3.655619 
2.862085 
2.159723 
1.572625 
1.111257 
0.775321 
0.558283 
0.452299 
0.452299 
0.000285 
0.000543 
0.001240 
0.002824 
0.006203 
0.013066 
0.026372 
0.050988 
0.094431 
0.167534 
0.284765 
0.463852 
0.724333 
1.084885 
1.559559 
2.153522 
2.859264 
3.654389 
4.501826 
5.352741 
6.151675 
6.842825 
7.376219 
7.712775 
7.827773 
7.712778 
7.376229 
6.842854 
6.151754 
5.352946 
4.502339 
3.655619 
2.862085 
2.159723 
1.572625 
1.111257 
0.775321 
0.558283 
0.452299 
0.452299 
0.000285 
0.000543 
0.001240 
0.002824 
0.006203 
0.013066 
0.026372 
0.050988 
0.094431 
0.167534 
0.284765 
0.463852 
0.724333 
1.084885 
1.559559 
2.153522 
2.859264 
3.654389 
4.501826 
5.352741 
6.151675 
6.842825 
7.376219 
7.712775 
7.827773 
7.712778 
7.376229 
6.842854 
6.151754 
5.352946 
4.502339 
3.655619 
2.862085 
2.159723 
1.572625 
1.111257 
0.775321 
0.558283 
0.452299 
0.452299 
0.000285 
0.000543 
0.001240 
0.002824 
0.006203 
0.013066 
0.026372 
0.050988 
0.094431 
0.167534 
0.284765 
0.463852 
0.724333 
1.084885 
1.559559 
2.153522 
2.859264 
3.654389 
4.501826 
5.352741 
6.151675 
6.842825 
7.376219 
7.712775 
7.827773 
7.712778 
7.376229 
6.842854 
6.151754 
5.352946 
4.502339 
3.655619 
2.862085 
2.159723 
1.572625 
1.111257 
0.775321 
0.558283 
0.452299 
0.452299 
0.000285 
0.000543 
0.001240 
0.002824 
0.006203 
0.013066 
0.026372 
0.050988 
0.094431 
0.167534 
0.284765 
0.463852 
0.724333 
1.084885 
1.559559 
2.153522 
2.859264 
3.654389 
4.501826 
5.352741 
6.151675 
6.842825 
7.376219 
7.712775 
7.827773 
7.712778 
7.376229 
6.842854 
6.151754 
5.352946 
4.502339 
3.655619 
2.862085 
2.159723 
1.572625 
1.111257 
0.775321 
0.558283 
0.452299 
0.452299 
0.000285 
0.000543 
0.001240 
0.002824 
0.006203 
0.013066 
0.026372 
0.050988 
0.094431 
0.167534 
0.284765 
0.463852 
0.724333 
1.084885 
1.559559 
2.153522 
2.859264 
3.654389 
4.501826 
5.352741 
6.151675 
6.842825 
7.376219 
7.712775 
7.827773 
7.712778 
7.376229 
6.842854 
6.151754 
5.352946 
4.502339 
3.655619 
2.862085 
2.159723 
1.572625 
1.111257 
0.775321 
0.558283 
0.452299 
0.452299 
0.000285 
0.000543 
0.001240 
0.002824 
0.006203 
0.013066 
0.026372 
0.050988 
0.094431 
0.167534 
0.284765 
0.463852 
0.724333 
1.084885 
1.559559 
2.153522 
2.859264 
3.654389 
4.501826 
5.352741 
6.151675 
6.842825 
7.376219 
7.712775 
7.827773 
7.712778 
7.376229 
6.842854 
6.151754 
5.352946 
4.502339 
3.655619 
2.862085 
2.159723 
1.572625 
1.111257 
0.775321 
0.558283 
0.452299 
0.452299 
0.000285 
0.000543 
0.001240 
0.002824 
0.006203 
0.013066 
0.026372 
0.050988 
0.094431 
0.167534 
0.284765 
0.463852 
0.724333 
1.084885 
1.559559 
2.153522 
2.859264 
3.654389 
4.501826 
5.352741 
6.151675 
6.842825 
7.376219 
7.712775 
7.827773 
7.712778 
7.376229 
6.842854 
6.151754 
5.352946 
4.502339 
3.655619 
2.862085 
2.159723 
1.572625 
1.111257 
0.775321 
0.558283 
0.452299 
0.452299 
0.000285 
0.000543 
0.001240 
0.002824 
0.006203 
0.013066 
0.026372 
0.050988 
0.094431 
0.167534 
0.284765 
0.463852 
0.724333 
1.084885 
1.559559 
2.153522 
2.859264 
3.654389 
4.501826 
5.352741 
6.151675 
6.842825 
7.376219 
7.712775 
7.827773 
7.712778 
7.376229 
6.842854 
6.151754 
5.352946 
4.502339 
3.655619 
2.862085 
2.159723 
1.572625 
1.111257 
0.775321 
0.558283 
0.452299 
0.452299 
0.000285 
0.000543 
0.001240 
0.002824 
0.006203 
0.013066 
0.026372 
0.050988 
0.094431 
0.167534 
0.284765 
0.463852 
0.724333 
1.084885 
1.559559 
2.153522 
2.859264 
3.654389 
4.501826 
5.352741 
6.151675 
6.842825 
7.376219 
7.712775 
7.827773 
7.712778 
7.376229 
6.842854 
6.151754 
5.352946 
4.502339 
3.655619 
2.862085 
2.159723 
1.572625 
1.111257 
0.775321 
0.558283 
0.452299 
0.452299 
0.000285 
0.000543 
0.001240 
0.002824 
0.006203 
0.013066 
0.026372 
0.050988 
0.094431 
0.167534 
0.284765 
0.463852 
0.724333 
1.084885 
1.559559 
2.153522 
2.859264 
3.654389 
4.501826 
5.352741 
6.151675 
6.842825 
7.376219 
7.712775 
7.827773 
7.712778 
7.376229 
6.842854 
6.151754 
5.352946 
4.502339 
3.655619 
2.862085 
2.159723 
1.572625 
1.111257 
0.775321 
0.558283 
0.452299 
0.452299 
0.000285 
0.000543 
0.001240 
0.002824 
0.006203 
0.013066 
0.026372 
0.050988 
0.094431 
0.167534 
0.284765 
0.463852 
0.724333 
1.084885 
1.559559 
2.153522 
2.859264 
3.654389 
4.501826 
5.352741 
6.151675 
6.842825 
7.376219 
7.712775 
7.827773 
7.712778 
7.376229 
6.842854 
6.151754 
5.352946 
4.502339 
3.655619 
2.862085 
2.159723 
1.572625 
1.111257 
0.775321 
0.558283 
0.452299 
0.452299 
0.000285 
0.000543 
0.001240 
0.002824 
0.006203 
0.013066 
0.026372 
0.050988 
0.094431 
0.167534 
0.284765 
0.463852 
0.724333 
1.084885 
1.559559 
2.153522 
2.859264 
3.654389 
4.501826 
5.352741 
6.151675 
6.842825 
7.376219 
7.712775 
7.827773 
7.712778 
7.376229 
6.842854 
6.151754 
5.352946 
4.502339 
3.655619 
2.862085 
2.159723 
1.572625 
1.111257 
0.775321 
0.558283 
0.452299 
0.452299 
0.000285 
0.000543 
0.001240 
0.002824 
0.006203 
0.013066 
0.026372 
0.050988 
0.094431 
0.167534 
0.284765 
0.463852 
0.724333 
1.084885 
1.559559 
2.153522 
2.859264 
3.654389 
4.501826 
5.352741 
6.151675 
6.842825 
7.376219 
7.712775 
7.827773 
7.712778 
7.376229 
6.842854 
6.151754 
5.352946 
4.502339 
3.655619 
2.862085 
2.159723 
1.572625 
1.111257 
0.775321 
0.558283 
0.452299 
0.452299 
0.000285 
0.000543 
0.001240 
0.002824 
0.006203 
0.013066 
0.026372 
0.050988 
0.094431 
0.167534 
0.284765 
0.463852 
0.724333 
1.084885 
1.559559 
2.153522 
2.859264 
3.654389 
4.501826 
5.352741 
6.151675 
6.842825 
7.376219 
7.712775 
7.827773 
7.712778 
7.376229 
6.842854 
6.151754 
5.352946 
4.502339 
3.655619 
2.862085 
2.159723 
1.572625 
1.111257 
0.775321 
0.558283 
0.452299 
0.452299 
0.000285 
0.000543 
0.001240 
0.002824 
0.006203 
0.013066 
0.026372 
0.050988 
0.094431 
0.167534 
0.284765 
0.463852 
0.724333 
1.084885 
1.559559 
2.153522 
2.859264 
3.654389 
4.501826 
5.352741 
6.151675 
6.842825 
7.376219 
7.712775 
7.827773 
7.712778 
7.376229 
6.842854 
6.151754 
5.352946 
4.502339 
3.655619 
2.862085 
2.159723 
1.572625 
1.111257 
0.775321 
0.558283 
0.452299 
0.452299 
0.000285 
0.000543 
0.001240 
0.002824 
0.006203 
0.013066 
0.026372 
0.050988 
0.094431 
0.167534 
0.284765 
0.463852 
0.724333 
1.084885 
1.559559 
2.153522 
2.859264 
3.654389 
4.501826 
5.352741 
6.151675 
6.842825 
7.376219 
7.712775 
7.827773 
7.712778 
7.376229 
6.842854 
6.151754 
5.352946 
4.502339 
3.655619 
2.862085 
2.159723 
1.572625 
1.111257 
0.775321 
0.558283 
0.452299 
0.452299 
0.000285 
0.000543 
0.001240 
0.002824 
0.006203 
0.013066 
0.026372 
0.050988 
0.094431 
0.167534 
0.284765 
0.463852 
0.724333 
1.084885 
1.559559 
2.153522 
2.859264 
3.654389 
4.501826 
5.352741 
6.151675 
6.842825 
7.376219 
7.712775 
7.827773 
7.712778 
7.376229 
6.842854 
6.151754 
5.352946 
4.502339 
3.655619 
2.862085 
2.159723 
1.572625 
1.111257 
0.775321 
0.558283 
0.452299 
0.452299 
0.000285 
0.000543 
0.001240 
0.002824 
0.006203 
0.013066 
0.026372 
0.050988 
0.094431 
0.167534 
0.284765 
0.463852 
0.724333 
1.084885 
1.559559 
2.153522 
2.859264 
3.654389 
4.501826 
5.352741 
6.151675 
6.842825 
7.376219 
7.712775 
7.827773 
7.712778 
7.376229 
6.842854 
6.151754 
5.352946 
4.502339 
3.655619 
2.862085 
2.159723 
1.572625 
1.111257 
0.775321 
0.558283 
0.452299 
0.452299 
0.000285 
0.000543 
0.001240 
0.002824 
0.006203 
0.013066 
0.026372 
0.050988 
0.094431 
0.167534 
0.284765 
0.463852 
0.724333 
1.084885 
1.559559 
2.153522 
2.859264 
3.654389 
4.501826 
5.352741 
6.151675 
6.842825 
7.376219 
7.712775 
7.827773 
7.712778 
7.376229 
6.842854 
6.151754 
5.352946 
4.502339 
3.655619 
2.862085 
2.159723 
1.572625 
1.111257 
0.775321 
0.558283 
0.452299 
0.452299 
0.000285 
0.000543 
0.001240 
0.002824 
0.006203 
0.013066 
0.026372 
0.050988 
0.094431 
0.167534 
0.284765 
0.463852 
0.724333 
1.084885 
1.559559 
2.153522 
2.859264 
3.654389 
4.501826 
5.352741 
6.151675 
6.842825 
7.376219 
7.712775 
7.827773 
7.712778 
7.376229 
6.842854 
6.151754 
5.352946 
4.502339 
3.655619 
2.862085 
2.159723 
1.572625 
1.111257 
0.775321 
0.558283 
0.452299 
0.452299 
0.000285 
0.000543 
0.001240 
0.002824 
0.006203 
0.013066 
0.026372 
0.050988 
0.094431 
0.167534 
0.284765 
0.463852 
0.724333 
1.084885 
1.559559 
2.153522 
2.859264 
3.654389 
4.501826 
5.352741 
6.151675 
6.842825 
7.376219 
7.712775 
7.827773 
7.712778 
7.376229 
6.842854 
6.151754 
5.352946 
4.502339 
3.655619 
2.862085 
2.159723 
1.572625 
1.111257 
0.775321 
0.558283 
0.452299 
0.452299 
0.000285 
0.000543 
0.001240 
0.002824 
0.006203 
0.013066 
0.026372 
0.050988 
0.094431 
0.167534 
0.284765 
0.463852 
0.724333 
1.084885 
1.559559 
2.153522 
2.859264 
3.654389 
4.501826 
5.352741 
6.151675 
6.842825 
7.376219 
7.712775 
7.827773 
7.712778 
7.376229 
6.842854 
6.151754 
5.352946 
4.502339 
3.655619 
2.862085 
2.159723 
1.572625 
1.111257 
0.775321 
0.558283 
0.452299 
0.452299 
0.000285 
0.000543 
0.001240 
0.002824 
0.006203 
0.013066 
0.026372 
0.050988 
0.094431 
0.167534 
0.284765 
0.463852 
0.724333 
1.084885 
1.559559 
2.153522 
2.859264 
3.654389 
4.501826 
5.352741 
6.151675 
6.842825 
7.376219 
7.712775 
7.827773 
7.712778 
7.376229 
6.842854 
6.151754 
5.352946 
4.502339 
3.655619 
2.862085 
2.159723 
1.572625 
1.111257 
0.775321 
0.558283 
0.452299 
0.452299 
0.000285 
0.000543 
0.001240 
0.002824 
0.006203 
0.013066 
0.026372 
0.050988 
0.094431 
0.167534 
0.284765 
0.463852 
0.724333 
1.084885 
1.559559 
2.153522 
2.859264 
3.654389 
4.501826 
5.352741 
6.151675 
6.842825 
7.376219 
7.712775 
7.827773 
7.712778 
7.376229 
6.842854 
6.151754 
5.352946 
4.502339 
3.655619 
2.862085 
2.159723 
1.572625 
1.111257 
0.775321 
0.558283 
0.452299 
0.452299 
0.000285 
0.000543 
0.001240 
0.002824 
0.006203 
0.013066 
0.026372 
0.050988 
0.094431 
0.167534 
0.284765 
0.463852 
0.724333 
1.084885 
1.559559 
2.153522 
2.859264 
3.654389 
4.501826 
5.352741 
6.151675 
6.842825 
7.376219 
7.712775 
7.827773 
7.712778 
7.376229 
6.842854 
6.151754 
5.352946 
4.502339 
3.655619 
2.862085 
2.159723 
1.572625 
1.111257 
0.775321 
0.558283 
0.452299 
0.452299 
0.000285 
0.000543 
0.001240 
0.002824 
0.006203 
0.013066 
0.026372 
0.050988 
0.094431 
0.167534 
0.284765 
0.463852 
0.724333 
1.084885 
1.559559 
2.153522 
2.859264 
3.654389 
4.501826 
5.352741 
6.151675 
6.842825 
7.376219 
7.712775 
7.827773 
7.712778 
7.376229 
6.842854 
6.151754 
5.352946 
4.502339 
3.655619 
2.862085 
2.159723 
1.572625 
1.111257 
0.775321 
0.558283 
0.452299 
0.452299 
0.000285 
0.000543 
0.001240 
0.002824 
0.006203 
0.013066 
0.026372 
0.050988 
0.094431 
0.167534 
0.284765 
0.463852 
0.724333 
1.084885 
1.559559 
2.153522 
2.859264 
3.654389 
4.501826 
5.352741 
6.151675 
6.842825 
7.376219 
7.712775 
7.827773 
7.712778 
7.376229 
6.842854 
6.151754 
5.352946 
4.502339 
3.655619 
2.862085 
2.159723 
1.572625 
1.111257 
0.775321 
0.558283 
0.452299 
0.452299 
0.000285 
0.000543 
0.001240 
0.002824 
0.006203 
0.013066 
0.026372 
0.050988 
0.094431 
0.167534 
0.284765 
0.463852 
0.724333 
1.084885 
1.559559 
2.153522 
2.859264 
3.654389 
4.501826 
5.352741 
6.151675 
6.842825 
7.376219 
7.712775 
7.827773 
7.712778 
7.376229 
6.842854 
6.151754 
5.352946 
4.502339 
3.655619 
2.862085 
2.159723 
1.572625 
1.111257 
0.775321 
0.558283 
0.452299 
0.452299 
0.000285 
0.000543 
0.001240 
0.002824 
0.006203 
0.013066 
0.026372 
0.050988 
0.094431 
0.167534 
0.284765 
0.463852 
0.724333 
1.084885 
1.559559 
2.153522 
2.859264 
3.654389 
4.501826 
5.352741 
6.151675 
6.842825 
7.376219 
7.712775 
7.827773 
7.712778 
7.376229 
6.842854 
6.151754 
5.352946 
4.502339 
3.655619 
2.862085 
2.159723 
1.572625 
1.111257 
0.775321 
0.558283 
0.452299 
0.452299 
0.000285 
0.000543 
0.001240 
0.002824 
0.006203 
0.013066 
0.026372 
0.050988 
0.094431 
0.167534 
0.284765 
0.463852 
0.724333 
1.084885 
1.559559 
2.153522 
2.859264 
3.654389 
4.501826 
5.352741 
6.151675 
6.842825 
7.376219 
7.712775 
7.827773 
7.712778 
7.376229 
6.842854 
6.151754 
5.352946 
4.502339 
3.655619 
2.862085 
2.159723 
1.572625 
1.111257 
0.775321 
0.558283 
0.452299 
0.452299 
0.000285 
0.000543 
0.001240 
0.002824 
0.006203 
0.013066 
0.026372 
0.050988 
0.094431 
0.167534 
0.284765 
0.463852 
0.724333 
1.084885 
1.559559 
2.153522 
2.859264 
3.654389 
4.501826 
5.352741 
6.151675 
6.842825 
7.376219 
7.712775 
7.827773 
7.712778 
7.376229 
6.842854 
6.151754 
5.352946 
4.502339 
3.655619 
2.862085 
2.159723 
1.572625 
1.111257 
0.775321 
0.558283 
0.452299 
0.452299 
0.000285 
0.000543 
0.001240 
0.002824 
0.006203 
0.013066 
0.026372 
0.050988 
0.094431 
0.167534 
0.284765 
0.463852 
0.724333 
1.084885 
1.559559 
2.153522 
2.859264 
3.654389 
4.501826 
5.352741 
6.151675 
6.842825 
7.376219 
7.712775 
7.827773 
7.712778 
7.376229 
6.842854 
6.151754 
5.352946 
4.502339 
3.655619 
2.862085 
2.159723 
1.572625 
1.111257 
0.775321 
0.558283 
0.452299 
0.452299 
0.000285 
0.000543 
0.001240 
0.002824 
0.006203 
0.013066 
0.026372 
0.050988 
0.094431 
0.167534 
0.284765 
0.463852 
0.724333 
1.084885 
1.559559 
2.153522 
2.859264 
3.654389 
4.501826 
5.352741 
6.151675 
6.842825 
7.376219 
7.712775 
7.827773 
7.712778 
7.376229 
6.842854 
6.151754 
5.352946 
4.502339 
3.655619 
2.862085 
2.159723 
1.572625 
1.111257 
0.775321 
0.558283 
0.452299 
0.452299 
0.000285 
0.000543 
0.001240 
0.002824 
0.006203 
0.013066 
0.026372 
0.050988 
0.094431 
0.167534 
0.284765 
0.463852 
0.724333 
1.084885 
1.559559 
2.153522 
2.859264 
3.654389 
4.501826 
5.352741 
6.151675 
6.842825 
7.376219 
7.712775 
7.827773 
7.712778 
7.376229 
6.842854 
6.151754 
5.352946 
4.502339 
3.655619 
2.862085 
2.159723 
1.572625 
1.111257 
0.775321 
0.558283 
0.452299 
0.452299 
0.000285 
0.000543 
0.001240 
0.002824 
0.006203 
0.013066 
0.026372 
0.050988 
0.094431 
0.167534 
0.284765 
0.463852 
0.724333 
1.084885 
1.559559 
2.153522 
2.859264 
3.654389 
4.501826 
5.352741 
6.151675 
6.842825 
7.376219 
7.712775 
7.827773 
7.712778 
7.376229 
6.842854 
6.151754 
5.352946 
4.502339 
3.655619 
2.862085 
2.159723 
1.572625 
1.111257 
0.775321 
0.558283 
0.452299 
0.452299 
0.000285 
0.000543 
0.001240 
0.002824 
0.006203 
0.013066 
0.026372 
0.050988 
0.094431 
0.167534 
0.284765 
0.463852 
0.724333 
1.084885 
1.559559 
2.153522 
2.859264 
3.654389 
4.501826 
5.352741 
6.151675 
6.842825 
7.376219 
7.712775 
7.827773 
7.712778 
7.376229 
6.842854 
6.151754 
5.352946 
4.502339 
3.655619 
2.862085 
2.159723 
1.572625 
1.111257 
0.775321 
0.558283 
0.452299 
0.452299 
0.000285 
0.000543 
0.001240 
0.002824 
0.006203 
0.013066 
0.026372 
0.050988 
0.094431 
0.167534 
0.284765 
0.463852 
0.724333 
1.084885 
1.559559 
2.153522 
2.859264 
3.654389 
4.501826 
5.352741 
6.151675 
6.842825 
7.376219 
7.712775 
7.827773 
7.712778 
7.376229 
6.842854 
6.151754 
5.352946 
4.502339 
3.655619 
2.862085 
2.159723 
1.572625 
1.111257 
0.775321 
0.558283 
0.452299 
0.452299 
0.000285 
0.000543 
0.001240 
0.002824 
0.006203 
0.013066 
0.026372 
0.050988 
0.094431 
0.167534 
0.284765 
0.463852 
0.724333 
1.084885 
1.559559 
2.153522 
2.859264 
3.654389 
4.501826 
5.352741 
6.151675 
6.842825 
7.376219 
7.712775 
7.827773 
7.712778 
7.376229 
6.842854 
6.151754 
5.352946 
4.502339 
3.655619 
2.862085 
2.159723 
1.572625 
1.111257 
0.775321 
0.558283 
0.452299 
0.452299 
