# z = ,(t = 8)
1.156001 
1.173243 
1.207507 
1.258358 
1.325140 
1.406988 
1.502825 
1.611376 
1.731172 
1.860572 
1.997779 
2.140861 
2.287789 
2.436464 
2.584761 
2.730571 
2.871849 
3.006661 
3.133233 
3.250001 
3.355647 
3.449145 
3.529783 
3.597190 
3.651345 
3.692574 
3.721541 
3.739219 
3.746855 
3.745927 
3.738083 
3.725078 
3.708712 
3.690754 
3.672877 
3.656588 
3.643174 
3.633648 
3.628707 
3.628707 
1.156001 
1.173243 
1.207507 
1.258358 
1.325140 
1.406988 
1.502825 
1.611376 
1.731172 
1.860572 
1.997779 
2.140861 
2.287789 
2.436464 
2.584761 
2.730571 
2.871849 
3.006661 
3.133233 
3.250001 
3.355647 
3.449145 
3.529783 
3.597190 
3.651345 
3.692574 
3.721541 
3.739219 
3.746855 
3.745927 
3.738083 
3.725078 
3.708712 
3.690754 
3.672877 
3.656588 
3.643174 
3.633648 
3.628707 
3.628707 
1.156001 
1.173243 
1.207507 
1.258358 
1.325140 
1.406988 
1.502825 
1.611376 
1.731172 
1.860572 
1.997779 
2.140861 
2.287789 
2.436464 
2.584761 
2.730571 
2.871849 
3.006661 
3.133233 
3.250001 
3.355647 
3.449145 
3.529783 
3.597190 
3.651345 
3.692574 
3.721541 
3.739219 
3.746855 
3.745927 
3.738083 
3.725078 
3.708712 
3.690754 
3.672877 
3.656588 
3.643174 
3.633648 
3.628707 
3.628707 
1.156001 
1.173243 
1.207507 
1.258358 
1.325140 
1.406988 
1.502825 
1.611376 
1.731172 
1.860572 
1.997779 
2.140861 
2.287789 
2.436464 
2.584761 
2.730571 
2.871849 
3.006661 
3.133233 
3.250001 
3.355647 
3.449145 
3.529783 
3.597190 
3.651345 
3.692574 
3.721541 
3.739219 
3.746855 
3.745927 
3.738083 
3.725078 
3.708712 
3.690754 
3.672877 
3.656588 
3.643174 
3.633648 
3.628707 
3.628707 
1.156001 
1.173243 
1.207507 
1.258358 
1.325140 
1.406988 
1.502825 
1.611376 
1.731172 
1.860572 
1.997779 
2.140861 
2.287789 
2.436464 
2.584761 
2.730571 
2.871849 
3.006661 
3.133233 
3.250001 
3.355647 
3.449145 
3.529783 
3.597190 
3.651345 
3.692574 
3.721541 
3.739219 
3.746855 
3.745927 
3.738083 
3.725078 
3.708712 
3.690754 
3.672877 
3.656588 
3.643174 
3.633648 
3.628707 
3.628707 
1.156001 
1.173243 
1.207507 
1.258358 
1.325140 
1.406988 
1.502825 
1.611376 
1.731172 
1.860572 
1.997779 
2.140861 
2.287789 
2.436464 
2.584761 
2.730571 
2.871849 
3.006661 
3.133233 
3.250001 
3.355647 
3.449145 
3.529783 
3.597190 
3.651345 
3.692574 
3.721541 
3.739219 
3.746855 
3.745927 
3.738083 
3.725078 
3.708712 
3.690754 
3.672877 
3.656588 
3.643174 
3.633648 
3.628707 
3.628707 
1.156001 
1.173243 
1.207507 
1.258358 
1.325140 
1.406988 
1.502825 
1.611376 
1.731172 
1.860572 
1.997779 
2.140861 
2.287789 
2.436464 
2.584761 
2.730571 
2.871849 
3.006661 
3.133233 
3.250001 
3.355647 
3.449145 
3.529783 
3.597190 
3.651345 
3.692574 
3.721541 
3.739219 
3.746855 
3.745927 
3.738083 
3.725078 
3.708712 
3.690754 
3.672877 
3.656588 
3.643174 
3.633648 
3.628707 
3.628707 
1.156001 
1.173243 
1.207507 
1.258358 
1.325140 
1.406988 
1.502825 
1.611376 
1.731172 
1.860572 
1.997779 
2.140861 
2.287789 
2.436464 
2.584761 
2.730571 
2.871849 
3.006661 
3.133233 
3.250001 
3.355647 
3.449145 
3.529783 
3.597190 
3.651345 
3.692574 
3.721541 
3.739219 
3.746855 
3.745927 
3.738083 
3.725078 
3.708712 
3.690754 
3.672877 
3.656588 
3.643174 
3.633648 
3.628707 
3.628707 
1.156001 
1.173243 
1.207507 
1.258358 
1.325140 
1.406988 
1.502825 
1.611376 
1.731172 
1.860572 
1.997779 
2.140861 
2.287789 
2.436464 
2.584761 
2.730571 
2.871849 
3.006661 
3.133233 
3.250001 
3.355647 
3.449145 
3.529783 
3.597190 
3.651345 
3.692574 
3.721541 
3.739219 
3.746855 
3.745927 
3.738083 
3.725078 
3.708712 
3.690754 
3.672877 
3.656588 
3.643174 
3.633648 
3.628707 
3.628707 
1.156001 
1.173243 
1.207507 
1.258358 
1.325140 
1.406988 
1.502825 
1.611376 
1.731172 
1.860572 
1.997779 
2.140861 
2.287789 
2.436464 
2.584761 
2.730571 
2.871849 
3.006661 
3.133233 
3.250001 
3.355647 
3.449145 
3.529783 
3.597190 
3.651345 
3.692574 
3.721541 
3.739219 
3.746855 
3.745927 
3.738083 
3.725078 
3.708712 
3.690754 
3.672877 
3.656588 
3.643174 
3.633648 
3.628707 
3.628707 
1.156001 
1.173243 
1.207507 
1.258358 
1.325140 
1.406988 
1.502825 
1.611376 
1.731172 
1.860572 
1.997779 
2.140861 
2.287789 
2.436464 
2.584761 
2.730571 
2.871849 
3.006661 
3.133233 
3.250001 
3.355647 
3.449145 
3.529783 
3.597190 
3.651345 
3.692574 
3.721541 
3.739219 
3.746855 
3.745927 
3.738083 
3.725078 
3.708712 
3.690754 
3.672877 
3.656588 
3.643174 
3.633648 
3.628707 
3.628707 
1.156001 
1.173243 
1.207507 
1.258358 
1.325140 
1.406988 
1.502825 
1.611376 
1.731172 
1.860572 
1.997779 
2.140861 
2.287789 
2.436464 
2.584761 
2.730571 
2.871849 
3.006661 
3.133233 
3.250001 
3.355647 
3.449145 
3.529783 
3.597190 
3.651345 
3.692574 
3.721541 
3.739219 
3.746855 
3.745927 
3.738083 
3.725078 
3.708712 
3.690754 
3.672877 
3.656588 
3.643174 
3.633648 
3.628707 
3.628707 
1.156001 
1.173243 
1.207507 
1.258358 
1.325140 
1.406988 
1.502825 
1.611376 
1.731172 
1.860572 
1.997779 
2.140861 
2.287789 
2.436464 
2.584761 
2.730571 
2.871849 
3.006661 
3.133233 
3.250001 
3.355647 
3.449145 
3.529783 
3.597190 
3.651345 
3.692574 
3.721541 
3.739219 
3.746855 
3.745927 
3.738083 
3.725078 
3.708712 
3.690754 
3.672877 
3.656588 
3.643174 
3.633648 
3.628707 
3.628707 
1.156001 
1.173243 
1.207507 
1.258358 
1.325140 
1.406988 
1.502825 
1.611376 
1.731172 
1.860572 
1.997779 
2.140861 
2.287789 
2.436464 
2.584761 
2.730571 
2.871849 
3.006661 
3.133233 
3.250001 
3.355647 
3.449145 
3.529783 
3.597190 
3.651345 
3.692574 
3.721541 
3.739219 
3.746855 
3.745927 
3.738083 
3.725078 
3.708712 
3.690754 
3.672877 
3.656588 
3.643174 
3.633648 
3.628707 
3.628707 
1.156001 
1.173243 
1.207507 
1.258358 
1.325140 
1.406988 
1.502825 
1.611376 
1.731172 
1.860572 
1.997779 
2.140861 
2.287789 
2.436464 
2.584761 
2.730571 
2.871849 
3.006661 
3.133233 
3.250001 
3.355647 
3.449145 
3.529783 
3.597190 
3.651345 
3.692574 
3.721541 
3.739219 
3.746855 
3.745927 
3.738083 
3.725078 
3.708712 
3.690754 
3.672877 
3.656588 
3.643174 
3.633648 
3.628707 
3.628707 
1.156001 
1.173243 
1.207507 
1.258358 
1.325140 
1.406988 
1.502825 
1.611376 
1.731172 
1.860572 
1.997779 
2.140861 
2.287789 
2.436464 
2.584761 
2.730571 
2.871849 
3.006661 
3.133233 
3.250001 
3.355647 
3.449145 
3.529783 
3.597190 
3.651345 
3.692574 
3.721541 
3.739219 
3.746855 
3.745927 
3.738083 
3.725078 
3.708712 
3.690754 
3.672877 
3.656588 
3.643174 
3.633648 
3.628707 
3.628707 
1.156001 
1.173243 
1.207507 
1.258358 
1.325140 
1.406988 
1.502825 
1.611376 
1.731172 
1.860572 
1.997779 
2.140861 
2.287789 
2.436464 
2.584761 
2.730571 
2.871849 
3.006661 
3.133233 
3.250001 
3.355647 
3.449145 
3.529783 
3.597190 
3.651345 
3.692574 
3.721541 
3.739219 
3.746855 
3.745927 
3.738083 
3.725078 
3.708712 
3.690754 
3.672877 
3.656588 
3.643174 
3.633648 
3.628707 
3.628707 
1.156001 
1.173243 
1.207507 
1.258358 
1.325140 
1.406988 
1.502825 
1.611376 
1.731172 
1.860572 
1.997779 
2.140861 
2.287789 
2.436464 
2.584761 
2.730571 
2.871849 
3.006661 
3.133233 
3.250001 
3.355647 
3.449145 
3.529783 
3.597190 
3.651345 
3.692574 
3.721541 
3.739219 
3.746855 
3.745927 
3.738083 
3.725078 
3.708712 
3.690754 
3.672877 
3.656588 
3.643174 
3.633648 
3.628707 
3.628707 
1.156001 
1.173243 
1.207507 
1.258358 
1.325140 
1.406988 
1.502825 
1.611376 
1.731172 
1.860572 
1.997779 
2.140861 
2.287789 
2.436464 
2.584761 
2.730571 
2.871849 
3.006661 
3.133233 
3.250001 
3.355647 
3.449145 
3.529783 
3.597190 
3.651345 
3.692574 
3.721541 
3.739219 
3.746855 
3.745927 
3.738083 
3.725078 
3.708712 
3.690754 
3.672877 
3.656588 
3.643174 
3.633648 
3.628707 
3.628707 
1.156001 
1.173243 
1.207507 
1.258358 
1.325140 
1.406988 
1.502825 
1.611376 
1.731172 
1.860572 
1.997779 
2.140861 
2.287789 
2.436464 
2.584761 
2.730571 
2.871849 
3.006661 
3.133233 
3.250001 
3.355647 
3.449145 
3.529783 
3.597190 
3.651345 
3.692574 
3.721541 
3.739219 
3.746855 
3.745927 
3.738083 
3.725078 
3.708712 
3.690754 
3.672877 
3.656588 
3.643174 
3.633648 
3.628707 
3.628707 
1.156001 
1.173243 
1.207507 
1.258358 
1.325140 
1.406988 
1.502825 
1.611376 
1.731172 
1.860572 
1.997779 
2.140861 
2.287789 
2.436464 
2.584761 
2.730571 
2.871849 
3.006661 
3.133233 
3.250001 
3.355647 
3.449145 
3.529783 
3.597190 
3.651345 
3.692574 
3.721541 
3.739219 
3.746855 
3.745927 
3.738083 
3.725078 
3.708712 
3.690754 
3.672877 
3.656588 
3.643174 
3.633648 
3.628707 
3.628707 
1.156001 
1.173243 
1.207507 
1.258358 
1.325140 
1.406988 
1.502825 
1.611376 
1.731172 
1.860572 
1.997779 
2.140861 
2.287789 
2.436464 
2.584761 
2.730571 
2.871849 
3.006661 
3.133233 
3.250001 
3.355647 
3.449145 
3.529783 
3.597190 
3.651345 
3.692574 
3.721541 
3.739219 
3.746855 
3.745927 
3.738083 
3.725078 
3.708712 
3.690754 
3.672877 
3.656588 
3.643174 
3.633648 
3.628707 
3.628707 
1.156001 
1.173243 
1.207507 
1.258358 
1.325140 
1.406988 
1.502825 
1.611376 
1.731172 
1.860572 
1.997779 
2.140861 
2.287789 
2.436464 
2.584761 
2.730571 
2.871849 
3.006661 
3.133233 
3.250001 
3.355647 
3.449145 
3.529783 
3.597190 
3.651345 
3.692574 
3.721541 
3.739219 
3.746855 
3.745927 
3.738083 
3.725078 
3.708712 
3.690754 
3.672877 
3.656588 
3.643174 
3.633648 
3.628707 
3.628707 
1.156001 
1.173243 
1.207507 
1.258358 
1.325140 
1.406988 
1.502825 
1.611376 
1.731172 
1.860572 
1.997779 
2.140861 
2.287789 
2.436464 
2.584761 
2.730571 
2.871849 
3.006661 
3.133233 
3.250001 
3.355647 
3.449145 
3.529783 
3.597190 
3.651345 
3.692574 
3.721541 
3.739219 
3.746855 
3.745927 
3.738083 
3.725078 
3.708712 
3.690754 
3.672877 
3.656588 
3.643174 
3.633648 
3.628707 
3.628707 
1.156001 
1.173243 
1.207507 
1.258358 
1.325140 
1.406988 
1.502825 
1.611376 
1.731172 
1.860572 
1.997779 
2.140861 
2.287789 
2.436464 
2.584761 
2.730571 
2.871849 
3.006661 
3.133233 
3.250001 
3.355647 
3.449145 
3.529783 
3.597190 
3.651345 
3.692574 
3.721541 
3.739219 
3.746855 
3.745927 
3.738083 
3.725078 
3.708712 
3.690754 
3.672877 
3.656588 
3.643174 
3.633648 
3.628707 
3.628707 
1.156001 
1.173243 
1.207507 
1.258358 
1.325140 
1.406988 
1.502825 
1.611376 
1.731172 
1.860572 
1.997779 
2.140861 
2.287789 
2.436464 
2.584761 
2.730571 
2.871849 
3.006661 
3.133233 
3.250001 
3.355647 
3.449145 
3.529783 
3.597190 
3.651345 
3.692574 
3.721541 
3.739219 
3.746855 
3.745927 
3.738083 
3.725078 
3.708712 
3.690754 
3.672877 
3.656588 
3.643174 
3.633648 
3.628707 
3.628707 
1.156001 
1.173243 
1.207507 
1.258358 
1.325140 
1.406988 
1.502825 
1.611376 
1.731172 
1.860572 
1.997779 
2.140861 
2.287789 
2.436464 
2.584761 
2.730571 
2.871849 
3.006661 
3.133233 
3.250001 
3.355647 
3.449145 
3.529783 
3.597190 
3.651345 
3.692574 
3.721541 
3.739219 
3.746855 
3.745927 
3.738083 
3.725078 
3.708712 
3.690754 
3.672877 
3.656588 
3.643174 
3.633648 
3.628707 
3.628707 
1.156001 
1.173243 
1.207507 
1.258358 
1.325140 
1.406988 
1.502825 
1.611376 
1.731172 
1.860572 
1.997779 
2.140861 
2.287789 
2.436464 
2.584761 
2.730571 
2.871849 
3.006661 
3.133233 
3.250001 
3.355647 
3.449145 
3.529783 
3.597190 
3.651345 
3.692574 
3.721541 
3.739219 
3.746855 
3.745927 
3.738083 
3.725078 
3.708712 
3.690754 
3.672877 
3.656588 
3.643174 
3.633648 
3.628707 
3.628707 
1.156001 
1.173243 
1.207507 
1.258358 
1.325140 
1.406988 
1.502825 
1.611376 
1.731172 
1.860572 
1.997779 
2.140861 
2.287789 
2.436464 
2.584761 
2.730571 
2.871849 
3.006661 
3.133233 
3.250001 
3.355647 
3.449145 
3.529783 
3.597190 
3.651345 
3.692574 
3.721541 
3.739219 
3.746855 
3.745927 
3.738083 
3.725078 
3.708712 
3.690754 
3.672877 
3.656588 
3.643174 
3.633648 
3.628707 
3.628707 
1.156001 
1.173243 
1.207507 
1.258358 
1.325140 
1.406988 
1.502825 
1.611376 
1.731172 
1.860572 
1.997779 
2.140861 
2.287789 
2.436464 
2.584761 
2.730571 
2.871849 
3.006661 
3.133233 
3.250001 
3.355647 
3.449145 
3.529783 
3.597190 
3.651345 
3.692574 
3.721541 
3.739219 
3.746855 
3.745927 
3.738083 
3.725078 
3.708712 
3.690754 
3.672877 
3.656588 
3.643174 
3.633648 
3.628707 
3.628707 
1.156001 
1.173243 
1.207507 
1.258358 
1.325140 
1.406988 
1.502825 
1.611376 
1.731172 
1.860572 
1.997779 
2.140861 
2.287789 
2.436464 
2.584761 
2.730571 
2.871849 
3.006661 
3.133233 
3.250001 
3.355647 
3.449145 
3.529783 
3.597190 
3.651345 
3.692574 
3.721541 
3.739219 
3.746855 
3.745927 
3.738083 
3.725078 
3.708712 
3.690754 
3.672877 
3.656588 
3.643174 
3.633648 
3.628707 
3.628707 
1.156001 
1.173243 
1.207507 
1.258358 
1.325140 
1.406988 
1.502825 
1.611376 
1.731172 
1.860572 
1.997779 
2.140861 
2.287789 
2.436464 
2.584761 
2.730571 
2.871849 
3.006661 
3.133233 
3.250001 
3.355647 
3.449145 
3.529783 
3.597190 
3.651345 
3.692574 
3.721541 
3.739219 
3.746855 
3.745927 
3.738083 
3.725078 
3.708712 
3.690754 
3.672877 
3.656588 
3.643174 
3.633648 
3.628707 
3.628707 
1.156001 
1.173243 
1.207507 
1.258358 
1.325140 
1.406988 
1.502825 
1.611376 
1.731172 
1.860572 
1.997779 
2.140861 
2.287789 
2.436464 
2.584761 
2.730571 
2.871849 
3.006661 
3.133233 
3.250001 
3.355647 
3.449145 
3.529783 
3.597190 
3.651345 
3.692574 
3.721541 
3.739219 
3.746855 
3.745927 
3.738083 
3.725078 
3.708712 
3.690754 
3.672877 
3.656588 
3.643174 
3.633648 
3.628707 
3.628707 
1.156001 
1.173243 
1.207507 
1.258358 
1.325140 
1.406988 
1.502825 
1.611376 
1.731172 
1.860572 
1.997779 
2.140861 
2.287789 
2.436464 
2.584761 
2.730571 
2.871849 
3.006661 
3.133233 
3.250001 
3.355647 
3.449145 
3.529783 
3.597190 
3.651345 
3.692574 
3.721541 
3.739219 
3.746855 
3.745927 
3.738083 
3.725078 
3.708712 
3.690754 
3.672877 
3.656588 
3.643174 
3.633648 
3.628707 
3.628707 
1.156001 
1.173243 
1.207507 
1.258358 
1.325140 
1.406988 
1.502825 
1.611376 
1.731172 
1.860572 
1.997779 
2.140861 
2.287789 
2.436464 
2.584761 
2.730571 
2.871849 
3.006661 
3.133233 
3.250001 
3.355647 
3.449145 
3.529783 
3.597190 
3.651345 
3.692574 
3.721541 
3.739219 
3.746855 
3.745927 
3.738083 
3.725078 
3.708712 
3.690754 
3.672877 
3.656588 
3.643174 
3.633648 
3.628707 
3.628707 
1.156001 
1.173243 
1.207507 
1.258358 
1.325140 
1.406988 
1.502825 
1.611376 
1.731172 
1.860572 
1.997779 
2.140861 
2.287789 
2.436464 
2.584761 
2.730571 
2.871849 
3.006661 
3.133233 
3.250001 
3.355647 
3.449145 
3.529783 
3.597190 
3.651345 
3.692574 
3.721541 
3.739219 
3.746855 
3.745927 
3.738083 
3.725078 
3.708712 
3.690754 
3.672877 
3.656588 
3.643174 
3.633648 
3.628707 
3.628707 
1.156001 
1.173243 
1.207507 
1.258358 
1.325140 
1.406988 
1.502825 
1.611376 
1.731172 
1.860572 
1.997779 
2.140861 
2.287789 
2.436464 
2.584761 
2.730571 
2.871849 
3.006661 
3.133233 
3.250001 
3.355647 
3.449145 
3.529783 
3.597190 
3.651345 
3.692574 
3.721541 
3.739219 
3.746855 
3.745927 
3.738083 
3.725078 
3.708712 
3.690754 
3.672877 
3.656588 
3.643174 
3.633648 
3.628707 
3.628707 
1.156001 
1.173243 
1.207507 
1.258358 
1.325140 
1.406988 
1.502825 
1.611376 
1.731172 
1.860572 
1.997779 
2.140861 
2.287789 
2.436464 
2.584761 
2.730571 
2.871849 
3.006661 
3.133233 
3.250001 
3.355647 
3.449145 
3.529783 
3.597190 
3.651345 
3.692574 
3.721541 
3.739219 
3.746855 
3.745927 
3.738083 
3.725078 
3.708712 
3.690754 
3.672877 
3.656588 
3.643174 
3.633648 
3.628707 
3.628707 
1.156001 
1.173243 
1.207507 
1.258358 
1.325140 
1.406988 
1.502825 
1.611376 
1.731172 
1.860572 
1.997779 
2.140861 
2.287789 
2.436464 
2.584761 
2.730571 
2.871849 
3.006661 
3.133233 
3.250001 
3.355647 
3.449145 
3.529783 
3.597190 
3.651345 
3.692574 
3.721541 
3.739219 
3.746855 
3.745927 
3.738083 
3.725078 
3.708712 
3.690754 
3.672877 
3.656588 
3.643174 
3.633648 
3.628707 
3.628707 
1.156001 
1.173243 
1.207507 
1.258358 
1.325140 
1.406988 
1.502825 
1.611376 
1.731172 
1.860572 
1.997779 
2.140861 
2.287789 
2.436464 
2.584761 
2.730571 
2.871849 
3.006661 
3.133233 
3.250001 
3.355647 
3.449145 
3.529783 
3.597190 
3.651345 
3.692574 
3.721541 
3.739219 
3.746855 
3.745927 
3.738083 
3.725078 
3.708712 
3.690754 
3.672877 
3.656588 
3.643174 
3.633648 
3.628707 
3.628707 
