# z = ,(t = 2)
0.027809 
0.034550 
0.049013 
0.073177 
0.110048 
0.163664 
0.239041 
0.342039 
0.479079 
0.656719 
0.881055 
1.156982 
1.487362 
1.872183 
2.307825 
2.786530 
3.296219 
3.820710 
4.340393 
4.833346 
5.276797 
5.648822 
5.930092 
6.105500 
6.165481 
6.106877 
5.933273 
5.654753 
5.287127 
4.850713 
4.368842 
3.866236 
3.367447 
2.895513 
2.470918 
2.110925 
1.829244 
1.635977 
1.537719 
1.537719 
0.027809 
0.034550 
0.049013 
0.073177 
0.110048 
0.163664 
0.239041 
0.342039 
0.479079 
0.656719 
0.881055 
1.156982 
1.487362 
1.872183 
2.307825 
2.786530 
3.296219 
3.820710 
4.340393 
4.833346 
5.276797 
5.648822 
5.930092 
6.105500 
6.165481 
6.106877 
5.933273 
5.654753 
5.287127 
4.850713 
4.368842 
3.866236 
3.367447 
2.895513 
2.470918 
2.110925 
1.829244 
1.635977 
1.537719 
1.537719 
0.027809 
0.034550 
0.049013 
0.073177 
0.110048 
0.163664 
0.239041 
0.342039 
0.479079 
0.656719 
0.881055 
1.156982 
1.487362 
1.872183 
2.307825 
2.786530 
3.296219 
3.820710 
4.340393 
4.833346 
5.276797 
5.648822 
5.930092 
6.105500 
6.165481 
6.106877 
5.933273 
5.654753 
5.287127 
4.850713 
4.368842 
3.866236 
3.367447 
2.895513 
2.470918 
2.110925 
1.829244 
1.635977 
1.537719 
1.537719 
0.027809 
0.034550 
0.049013 
0.073177 
0.110048 
0.163664 
0.239041 
0.342039 
0.479079 
0.656719 
0.881055 
1.156982 
1.487362 
1.872183 
2.307825 
2.786530 
3.296219 
3.820710 
4.340393 
4.833346 
5.276797 
5.648822 
5.930092 
6.105500 
6.165481 
6.106877 
5.933273 
5.654753 
5.287127 
4.850713 
4.368842 
3.866236 
3.367447 
2.895513 
2.470918 
2.110925 
1.829244 
1.635977 
1.537719 
1.537719 
0.027809 
0.034550 
0.049013 
0.073177 
0.110048 
0.163664 
0.239041 
0.342039 
0.479079 
0.656719 
0.881055 
1.156982 
1.487362 
1.872183 
2.307825 
2.786530 
3.296219 
3.820710 
4.340393 
4.833346 
5.276797 
5.648822 
5.930092 
6.105500 
6.165481 
6.106877 
5.933273 
5.654753 
5.287127 
4.850713 
4.368842 
3.866236 
3.367447 
2.895513 
2.470918 
2.110925 
1.829244 
1.635977 
1.537719 
1.537719 
0.027809 
0.034550 
0.049013 
0.073177 
0.110048 
0.163664 
0.239041 
0.342039 
0.479079 
0.656719 
0.881055 
1.156982 
1.487362 
1.872183 
2.307825 
2.786530 
3.296219 
3.820710 
4.340393 
4.833346 
5.276797 
5.648822 
5.930092 
6.105500 
6.165481 
6.106877 
5.933273 
5.654753 
5.287127 
4.850713 
4.368842 
3.866236 
3.367447 
2.895513 
2.470918 
2.110925 
1.829244 
1.635977 
1.537719 
1.537719 
0.027809 
0.034550 
0.049013 
0.073177 
0.110048 
0.163664 
0.239041 
0.342039 
0.479079 
0.656719 
0.881055 
1.156982 
1.487362 
1.872183 
2.307825 
2.786530 
3.296219 
3.820710 
4.340393 
4.833346 
5.276797 
5.648822 
5.930092 
6.105500 
6.165481 
6.106877 
5.933273 
5.654753 
5.287127 
4.850713 
4.368842 
3.866236 
3.367447 
2.895513 
2.470918 
2.110925 
1.829244 
1.635977 
1.537719 
1.537719 
0.027809 
0.034550 
0.049013 
0.073177 
0.110048 
0.163664 
0.239041 
0.342039 
0.479079 
0.656719 
0.881055 
1.156982 
1.487362 
1.872183 
2.307825 
2.786530 
3.296219 
3.820710 
4.340393 
4.833346 
5.276797 
5.648822 
5.930092 
6.105500 
6.165481 
6.106877 
5.933273 
5.654753 
5.287127 
4.850713 
4.368842 
3.866236 
3.367447 
2.895513 
2.470918 
2.110925 
1.829244 
1.635977 
1.537719 
1.537719 
0.027809 
0.034550 
0.049013 
0.073177 
0.110048 
0.163664 
0.239041 
0.342039 
0.479079 
0.656719 
0.881055 
1.156982 
1.487362 
1.872183 
2.307825 
2.786530 
3.296219 
3.820710 
4.340393 
4.833346 
5.276797 
5.648822 
5.930092 
6.105500 
6.165481 
6.106877 
5.933273 
5.654753 
5.287127 
4.850713 
4.368842 
3.866236 
3.367447 
2.895513 
2.470918 
2.110925 
1.829244 
1.635977 
1.537719 
1.537719 
0.027809 
0.034550 
0.049013 
0.073177 
0.110048 
0.163664 
0.239041 
0.342039 
0.479079 
0.656719 
0.881055 
1.156982 
1.487362 
1.872183 
2.307825 
2.786530 
3.296219 
3.820710 
4.340393 
4.833346 
5.276797 
5.648822 
5.930092 
6.105500 
6.165481 
6.106877 
5.933273 
5.654753 
5.287127 
4.850713 
4.368842 
3.866236 
3.367447 
2.895513 
2.470918 
2.110925 
1.829244 
1.635977 
1.537719 
1.537719 
0.027809 
0.034550 
0.049013 
0.073177 
0.110048 
0.163664 
0.239041 
0.342039 
0.479079 
0.656719 
0.881055 
1.156982 
1.487362 
1.872183 
2.307825 
2.786530 
3.296219 
3.820710 
4.340393 
4.833346 
5.276797 
5.648822 
5.930092 
6.105500 
6.165481 
6.106877 
5.933273 
5.654753 
5.287127 
4.850713 
4.368842 
3.866236 
3.367447 
2.895513 
2.470918 
2.110925 
1.829244 
1.635977 
1.537719 
1.537719 
0.027809 
0.034550 
0.049013 
0.073177 
0.110048 
0.163664 
0.239041 
0.342039 
0.479079 
0.656719 
0.881055 
1.156982 
1.487362 
1.872183 
2.307825 
2.786530 
3.296219 
3.820710 
4.340393 
4.833346 
5.276797 
5.648822 
5.930092 
6.105500 
6.165481 
6.106877 
5.933273 
5.654753 
5.287127 
4.850713 
4.368842 
3.866236 
3.367447 
2.895513 
2.470918 
2.110925 
1.829244 
1.635977 
1.537719 
1.537719 
0.027809 
0.034550 
0.049013 
0.073177 
0.110048 
0.163664 
0.239041 
0.342039 
0.479079 
0.656719 
0.881055 
1.156982 
1.487362 
1.872183 
2.307825 
2.786530 
3.296219 
3.820710 
4.340393 
4.833346 
5.276797 
5.648822 
5.930092 
6.105500 
6.165481 
6.106877 
5.933273 
5.654753 
5.287127 
4.850713 
4.368842 
3.866236 
3.367447 
2.895513 
2.470918 
2.110925 
1.829244 
1.635977 
1.537719 
1.537719 
0.027809 
0.034550 
0.049013 
0.073177 
0.110048 
0.163664 
0.239041 
0.342039 
0.479079 
0.656719 
0.881055 
1.156982 
1.487362 
1.872183 
2.307825 
2.786530 
3.296219 
3.820710 
4.340393 
4.833346 
5.276797 
5.648822 
5.930092 
6.105500 
6.165481 
6.106877 
5.933273 
5.654753 
5.287127 
4.850713 
4.368842 
3.866236 
3.367447 
2.895513 
2.470918 
2.110925 
1.829244 
1.635977 
1.537719 
1.537719 
0.027809 
0.034550 
0.049013 
0.073177 
0.110048 
0.163664 
0.239041 
0.342039 
0.479079 
0.656719 
0.881055 
1.156982 
1.487362 
1.872183 
2.307825 
2.786530 
3.296219 
3.820710 
4.340393 
4.833346 
5.276797 
5.648822 
5.930092 
6.105500 
6.165481 
6.106877 
5.933273 
5.654753 
5.287127 
4.850713 
4.368842 
3.866236 
3.367447 
2.895513 
2.470918 
2.110925 
1.829244 
1.635977 
1.537719 
1.537719 
0.027809 
0.034550 
0.049013 
0.073177 
0.110048 
0.163664 
0.239041 
0.342039 
0.479079 
0.656719 
0.881055 
1.156982 
1.487362 
1.872183 
2.307825 
2.786530 
3.296219 
3.820710 
4.340393 
4.833346 
5.276797 
5.648822 
5.930092 
6.105500 
6.165481 
6.106877 
5.933273 
5.654753 
5.287127 
4.850713 
4.368842 
3.866236 
3.367447 
2.895513 
2.470918 
2.110925 
1.829244 
1.635977 
1.537719 
1.537719 
0.027809 
0.034550 
0.049013 
0.073177 
0.110048 
0.163664 
0.239041 
0.342039 
0.479079 
0.656719 
0.881055 
1.156982 
1.487362 
1.872183 
2.307825 
2.786530 
3.296219 
3.820710 
4.340393 
4.833346 
5.276797 
5.648822 
5.930092 
6.105500 
6.165481 
6.106877 
5.933273 
5.654753 
5.287127 
4.850713 
4.368842 
3.866236 
3.367447 
2.895513 
2.470918 
2.110925 
1.829244 
1.635977 
1.537719 
1.537719 
0.027809 
0.034550 
0.049013 
0.073177 
0.110048 
0.163664 
0.239041 
0.342039 
0.479079 
0.656719 
0.881055 
1.156982 
1.487362 
1.872183 
2.307825 
2.786530 
3.296219 
3.820710 
4.340393 
4.833346 
5.276797 
5.648822 
5.930092 
6.105500 
6.165481 
6.106877 
5.933273 
5.654753 
5.287127 
4.850713 
4.368842 
3.866236 
3.367447 
2.895513 
2.470918 
2.110925 
1.829244 
1.635977 
1.537719 
1.537719 
0.027809 
0.034550 
0.049013 
0.073177 
0.110048 
0.163664 
0.239041 
0.342039 
0.479079 
0.656719 
0.881055 
1.156982 
1.487362 
1.872183 
2.307825 
2.786530 
3.296219 
3.820710 
4.340393 
4.833346 
5.276797 
5.648822 
5.930092 
6.105500 
6.165481 
6.106877 
5.933273 
5.654753 
5.287127 
4.850713 
4.368842 
3.866236 
3.367447 
2.895513 
2.470918 
2.110925 
1.829244 
1.635977 
1.537719 
1.537719 
0.027809 
0.034550 
0.049013 
0.073177 
0.110048 
0.163664 
0.239041 
0.342039 
0.479079 
0.656719 
0.881055 
1.156982 
1.487362 
1.872183 
2.307825 
2.786530 
3.296219 
3.820710 
4.340393 
4.833346 
5.276797 
5.648822 
5.930092 
6.105500 
6.165481 
6.106877 
5.933273 
5.654753 
5.287127 
4.850713 
4.368842 
3.866236 
3.367447 
2.895513 
2.470918 
2.110925 
1.829244 
1.635977 
1.537719 
1.537719 
0.027809 
0.034550 
0.049013 
0.073177 
0.110048 
0.163664 
0.239041 
0.342039 
0.479079 
0.656719 
0.881055 
1.156982 
1.487362 
1.872183 
2.307825 
2.786530 
3.296219 
3.820710 
4.340393 
4.833346 
5.276797 
5.648822 
5.930092 
6.105500 
6.165481 
6.106877 
5.933273 
5.654753 
5.287127 
4.850713 
4.368842 
3.866236 
3.367447 
2.895513 
2.470918 
2.110925 
1.829244 
1.635977 
1.537719 
1.537719 
0.027809 
0.034550 
0.049013 
0.073177 
0.110048 
0.163664 
0.239041 
0.342039 
0.479079 
0.656719 
0.881055 
1.156982 
1.487362 
1.872183 
2.307825 
2.786530 
3.296219 
3.820710 
4.340393 
4.833346 
5.276797 
5.648822 
5.930092 
6.105500 
6.165481 
6.106877 
5.933273 
5.654753 
5.287127 
4.850713 
4.368842 
3.866236 
3.367447 
2.895513 
2.470918 
2.110925 
1.829244 
1.635977 
1.537719 
1.537719 
0.027809 
0.034550 
0.049013 
0.073177 
0.110048 
0.163664 
0.239041 
0.342039 
0.479079 
0.656719 
0.881055 
1.156982 
1.487362 
1.872183 
2.307825 
2.786530 
3.296219 
3.820710 
4.340393 
4.833346 
5.276797 
5.648822 
5.930092 
6.105500 
6.165481 
6.106877 
5.933273 
5.654753 
5.287127 
4.850713 
4.368842 
3.866236 
3.367447 
2.895513 
2.470918 
2.110925 
1.829244 
1.635977 
1.537719 
1.537719 
0.027809 
0.034550 
0.049013 
0.073177 
0.110048 
0.163664 
0.239041 
0.342039 
0.479079 
0.656719 
0.881055 
1.156982 
1.487362 
1.872183 
2.307825 
2.786530 
3.296219 
3.820710 
4.340393 
4.833346 
5.276797 
5.648822 
5.930092 
6.105500 
6.165481 
6.106877 
5.933273 
5.654753 
5.287127 
4.850713 
4.368842 
3.866236 
3.367447 
2.895513 
2.470918 
2.110925 
1.829244 
1.635977 
1.537719 
1.537719 
0.027809 
0.034550 
0.049013 
0.073177 
0.110048 
0.163664 
0.239041 
0.342039 
0.479079 
0.656719 
0.881055 
1.156982 
1.487362 
1.872183 
2.307825 
2.786530 
3.296219 
3.820710 
4.340393 
4.833346 
5.276797 
5.648822 
5.930092 
6.105500 
6.165481 
6.106877 
5.933273 
5.654753 
5.287127 
4.850713 
4.368842 
3.866236 
3.367447 
2.895513 
2.470918 
2.110925 
1.829244 
1.635977 
1.537719 
1.537719 
0.027809 
0.034550 
0.049013 
0.073177 
0.110048 
0.163664 
0.239041 
0.342039 
0.479079 
0.656719 
0.881055 
1.156982 
1.487362 
1.872183 
2.307825 
2.786530 
3.296219 
3.820710 
4.340393 
4.833346 
5.276797 
5.648822 
5.930092 
6.105500 
6.165481 
6.106877 
5.933273 
5.654753 
5.287127 
4.850713 
4.368842 
3.866236 
3.367447 
2.895513 
2.470918 
2.110925 
1.829244 
1.635977 
1.537719 
1.537719 
0.027809 
0.034550 
0.049013 
0.073177 
0.110048 
0.163664 
0.239041 
0.342039 
0.479079 
0.656719 
0.881055 
1.156982 
1.487362 
1.872183 
2.307825 
2.786530 
3.296219 
3.820710 
4.340393 
4.833346 
5.276797 
5.648822 
5.930092 
6.105500 
6.165481 
6.106877 
5.933273 
5.654753 
5.287127 
4.850713 
4.368842 
3.866236 
3.367447 
2.895513 
2.470918 
2.110925 
1.829244 
1.635977 
1.537719 
1.537719 
0.027809 
0.034550 
0.049013 
0.073177 
0.110048 
0.163664 
0.239041 
0.342039 
0.479079 
0.656719 
0.881055 
1.156982 
1.487362 
1.872183 
2.307825 
2.786530 
3.296219 
3.820710 
4.340393 
4.833346 
5.276797 
5.648822 
5.930092 
6.105500 
6.165481 
6.106877 
5.933273 
5.654753 
5.287127 
4.850713 
4.368842 
3.866236 
3.367447 
2.895513 
2.470918 
2.110925 
1.829244 
1.635977 
1.537719 
1.537719 
0.027809 
0.034550 
0.049013 
0.073177 
0.110048 
0.163664 
0.239041 
0.342039 
0.479079 
0.656719 
0.881055 
1.156982 
1.487362 
1.872183 
2.307825 
2.786530 
3.296219 
3.820710 
4.340393 
4.833346 
5.276797 
5.648822 
5.930092 
6.105500 
6.165481 
6.106877 
5.933273 
5.654753 
5.287127 
4.850713 
4.368842 
3.866236 
3.367447 
2.895513 
2.470918 
2.110925 
1.829244 
1.635977 
1.537719 
1.537719 
0.027809 
0.034550 
0.049013 
0.073177 
0.110048 
0.163664 
0.239041 
0.342039 
0.479079 
0.656719 
0.881055 
1.156982 
1.487362 
1.872183 
2.307825 
2.786530 
3.296219 
3.820710 
4.340393 
4.833346 
5.276797 
5.648822 
5.930092 
6.105500 
6.165481 
6.106877 
5.933273 
5.654753 
5.287127 
4.850713 
4.368842 
3.866236 
3.367447 
2.895513 
2.470918 
2.110925 
1.829244 
1.635977 
1.537719 
1.537719 
0.027809 
0.034550 
0.049013 
0.073177 
0.110048 
0.163664 
0.239041 
0.342039 
0.479079 
0.656719 
0.881055 
1.156982 
1.487362 
1.872183 
2.307825 
2.786530 
3.296219 
3.820710 
4.340393 
4.833346 
5.276797 
5.648822 
5.930092 
6.105500 
6.165481 
6.106877 
5.933273 
5.654753 
5.287127 
4.850713 
4.368842 
3.866236 
3.367447 
2.895513 
2.470918 
2.110925 
1.829244 
1.635977 
1.537719 
1.537719 
0.027809 
0.034550 
0.049013 
0.073177 
0.110048 
0.163664 
0.239041 
0.342039 
0.479079 
0.656719 
0.881055 
1.156982 
1.487362 
1.872183 
2.307825 
2.786530 
3.296219 
3.820710 
4.340393 
4.833346 
5.276797 
5.648822 
5.930092 
6.105500 
6.165481 
6.106877 
5.933273 
5.654753 
5.287127 
4.850713 
4.368842 
3.866236 
3.367447 
2.895513 
2.470918 
2.110925 
1.829244 
1.635977 
1.537719 
1.537719 
0.027809 
0.034550 
0.049013 
0.073177 
0.110048 
0.163664 
0.239041 
0.342039 
0.479079 
0.656719 
0.881055 
1.156982 
1.487362 
1.872183 
2.307825 
2.786530 
3.296219 
3.820710 
4.340393 
4.833346 
5.276797 
5.648822 
5.930092 
6.105500 
6.165481 
6.106877 
5.933273 
5.654753 
5.287127 
4.850713 
4.368842 
3.866236 
3.367447 
2.895513 
2.470918 
2.110925 
1.829244 
1.635977 
1.537719 
1.537719 
0.027809 
0.034550 
0.049013 
0.073177 
0.110048 
0.163664 
0.239041 
0.342039 
0.479079 
0.656719 
0.881055 
1.156982 
1.487362 
1.872183 
2.307825 
2.786530 
3.296219 
3.820710 
4.340393 
4.833346 
5.276797 
5.648822 
5.930092 
6.105500 
6.165481 
6.106877 
5.933273 
5.654753 
5.287127 
4.850713 
4.368842 
3.866236 
3.367447 
2.895513 
2.470918 
2.110925 
1.829244 
1.635977 
1.537719 
1.537719 
0.027809 
0.034550 
0.049013 
0.073177 
0.110048 
0.163664 
0.239041 
0.342039 
0.479079 
0.656719 
0.881055 
1.156982 
1.487362 
1.872183 
2.307825 
2.786530 
3.296219 
3.820710 
4.340393 
4.833346 
5.276797 
5.648822 
5.930092 
6.105500 
6.165481 
6.106877 
5.933273 
5.654753 
5.287127 
4.850713 
4.368842 
3.866236 
3.367447 
2.895513 
2.470918 
2.110925 
1.829244 
1.635977 
1.537719 
1.537719 
0.027809 
0.034550 
0.049013 
0.073177 
0.110048 
0.163664 
0.239041 
0.342039 
0.479079 
0.656719 
0.881055 
1.156982 
1.487362 
1.872183 
2.307825 
2.786530 
3.296219 
3.820710 
4.340393 
4.833346 
5.276797 
5.648822 
5.930092 
6.105500 
6.165481 
6.106877 
5.933273 
5.654753 
5.287127 
4.850713 
4.368842 
3.866236 
3.367447 
2.895513 
2.470918 
2.110925 
1.829244 
1.635977 
1.537719 
1.537719 
0.027809 
0.034550 
0.049013 
0.073177 
0.110048 
0.163664 
0.239041 
0.342039 
0.479079 
0.656719 
0.881055 
1.156982 
1.487362 
1.872183 
2.307825 
2.786530 
3.296219 
3.820710 
4.340393 
4.833346 
5.276797 
5.648822 
5.930092 
6.105500 
6.165481 
6.106877 
5.933273 
5.654753 
5.287127 
4.850713 
4.368842 
3.866236 
3.367447 
2.895513 
2.470918 
2.110925 
1.829244 
1.635977 
1.537719 
1.537719 
0.027809 
0.034550 
0.049013 
0.073177 
0.110048 
0.163664 
0.239041 
0.342039 
0.479079 
0.656719 
0.881055 
1.156982 
1.487362 
1.872183 
2.307825 
2.786530 
3.296219 
3.820710 
4.340393 
4.833346 
5.276797 
5.648822 
5.930092 
6.105500 
6.165481 
6.106877 
5.933273 
5.654753 
5.287127 
4.850713 
4.368842 
3.866236 
3.367447 
2.895513 
2.470918 
2.110925 
1.829244 
1.635977 
1.537719 
1.537719 
0.027809 
0.034550 
0.049013 
0.073177 
0.110048 
0.163664 
0.239041 
0.342039 
0.479079 
0.656719 
0.881055 
1.156982 
1.487362 
1.872183 
2.307825 
2.786530 
3.296219 
3.820710 
4.340393 
4.833346 
5.276797 
5.648822 
5.930092 
6.105500 
6.165481 
6.106877 
5.933273 
5.654753 
5.287127 
4.850713 
4.368842 
3.866236 
3.367447 
2.895513 
2.470918 
2.110925 
1.829244 
1.635977 
1.537719 
1.537719 
0.027809 
0.034550 
0.049013 
0.073177 
0.110048 
0.163664 
0.239041 
0.342039 
0.479079 
0.656719 
0.881055 
1.156982 
1.487362 
1.872183 
2.307825 
2.786530 
3.296219 
3.820710 
4.340393 
4.833346 
5.276797 
5.648822 
5.930092 
6.105500 
6.165481 
6.106877 
5.933273 
5.654753 
5.287127 
4.850713 
4.368842 
3.866236 
3.367447 
2.895513 
2.470918 
2.110925 
1.829244 
1.635977 
1.537719 
1.537719 
