# z = , (t = 0.5)
0.000000 
0.000000 
0.000002 
0.000008 
0.000035 
0.000135 
0.000486 
0.001613 
0.004956 
0.014057 
0.036787 
0.088756 
0.197293 
0.403933 
0.761825 
1.324578 
2.126464 
3.160235 
4.364234 
5.629197 
6.825223 
7.836613 
8.586631 
9.040874 
9.192130 
9.040874 
8.586631 
7.836613 
6.825223 
5.629197 
4.364234 
3.160237 
2.126473 
1.324613 
0.761960 
0.404419 
0.198906 
0.093711 
0.050844 
0.050844 
0.000000 
0.000000 
0.000002 
0.000008 
0.000035 
0.000135 
0.000486 
0.001613 
0.004956 
0.014057 
0.036787 
0.088756 
0.197293 
0.403933 
0.761825 
1.324578 
2.126464 
3.160235 
4.364234 
5.629197 
6.825223 
7.836613 
8.586631 
9.040874 
9.192130 
9.040874 
8.586631 
7.836613 
6.825223 
5.629197 
4.364234 
3.160237 
2.126473 
1.324613 
0.761960 
0.404419 
0.198906 
0.093711 
0.050844 
0.050844 
0.000000 
0.000000 
0.000002 
0.000008 
0.000035 
0.000135 
0.000486 
0.001613 
0.004956 
0.014057 
0.036787 
0.088756 
0.197293 
0.403933 
0.761825 
1.324578 
2.126464 
3.160235 
4.364234 
5.629197 
6.825223 
7.836613 
8.586631 
9.040874 
9.192130 
9.040874 
8.586631 
7.836613 
6.825223 
5.629197 
4.364234 
3.160237 
2.126473 
1.324613 
0.761960 
0.404419 
0.198906 
0.093711 
0.050844 
0.050844 
0.000000 
0.000000 
0.000002 
0.000008 
0.000035 
0.000135 
0.000486 
0.001613 
0.004956 
0.014057 
0.036787 
0.088756 
0.197293 
0.403933 
0.761825 
1.324578 
2.126464 
3.160235 
4.364234 
5.629197 
6.825223 
7.836613 
8.586631 
9.040874 
9.192130 
9.040874 
8.586631 
7.836613 
6.825223 
5.629197 
4.364234 
3.160237 
2.126473 
1.324613 
0.761960 
0.404419 
0.198906 
0.093711 
0.050844 
0.050844 
0.000000 
0.000000 
0.000002 
0.000008 
0.000035 
0.000135 
0.000486 
0.001613 
0.004956 
0.014057 
0.036787 
0.088756 
0.197293 
0.403933 
0.761825 
1.324578 
2.126464 
3.160235 
4.364234 
5.629197 
6.825223 
7.836613 
8.586631 
9.040874 
9.192130 
9.040874 
8.586631 
7.836613 
6.825223 
5.629197 
4.364234 
3.160237 
2.126473 
1.324613 
0.761960 
0.404419 
0.198906 
0.093711 
0.050844 
0.050844 
0.000000 
0.000000 
0.000002 
0.000008 
0.000035 
0.000135 
0.000486 
0.001613 
0.004956 
0.014057 
0.036787 
0.088756 
0.197293 
0.403933 
0.761825 
1.324578 
2.126464 
3.160235 
4.364234 
5.629197 
6.825223 
7.836613 
8.586631 
9.040874 
9.192130 
9.040874 
8.586631 
7.836613 
6.825223 
5.629197 
4.364234 
3.160237 
2.126473 
1.324613 
0.761960 
0.404419 
0.198906 
0.093711 
0.050844 
0.050844 
0.000000 
0.000000 
0.000002 
0.000008 
0.000035 
0.000135 
0.000486 
0.001613 
0.004956 
0.014057 
0.036787 
0.088756 
0.197293 
0.403933 
0.761825 
1.324578 
2.126464 
3.160235 
4.364234 
5.629197 
6.825223 
7.836613 
8.586631 
9.040874 
9.192130 
9.040874 
8.586631 
7.836613 
6.825223 
5.629197 
4.364234 
3.160237 
2.126473 
1.324613 
0.761960 
0.404419 
0.198906 
0.093711 
0.050844 
0.050844 
0.000000 
0.000000 
0.000002 
0.000008 
0.000035 
0.000135 
0.000486 
0.001613 
0.004956 
0.014057 
0.036787 
0.088756 
0.197293 
0.403933 
0.761825 
1.324578 
2.126464 
3.160235 
4.364234 
5.629197 
6.825223 
7.836613 
8.586631 
9.040874 
9.192130 
9.040874 
8.586631 
7.836613 
6.825223 
5.629197 
4.364234 
3.160237 
2.126473 
1.324613 
0.761960 
0.404419 
0.198906 
0.093711 
0.050844 
0.050844 
0.000000 
0.000000 
0.000002 
0.000008 
0.000035 
0.000135 
0.000486 
0.001613 
0.004956 
0.014057 
0.036787 
0.088756 
0.197293 
0.403933 
0.761825 
1.324578 
2.126464 
3.160235 
4.364234 
5.629197 
6.825223 
7.836613 
8.586631 
9.040874 
9.192130 
9.040874 
8.586631 
7.836613 
6.825223 
5.629197 
4.364234 
3.160237 
2.126473 
1.324613 
0.761960 
0.404419 
0.198906 
0.093711 
0.050844 
0.050844 
0.000000 
0.000000 
0.000002 
0.000008 
0.000035 
0.000135 
0.000486 
0.001613 
0.004956 
0.014057 
0.036787 
0.088756 
0.197293 
0.403933 
0.761825 
1.324578 
2.126464 
3.160235 
4.364234 
5.629197 
6.825223 
7.836613 
8.586631 
9.040874 
9.192130 
9.040874 
8.586631 
7.836613 
6.825223 
5.629197 
4.364234 
3.160237 
2.126473 
1.324613 
0.761960 
0.404419 
0.198906 
0.093711 
0.050844 
0.050844 
0.000000 
0.000000 
0.000002 
0.000008 
0.000035 
0.000135 
0.000486 
0.001613 
0.004956 
0.014057 
0.036787 
0.088756 
0.197293 
0.403933 
0.761825 
1.324578 
2.126464 
3.160235 
4.364234 
5.629197 
6.825223 
7.836613 
8.586631 
9.040874 
9.192130 
9.040874 
8.586631 
7.836613 
6.825223 
5.629197 
4.364234 
3.160237 
2.126473 
1.324613 
0.761960 
0.404419 
0.198906 
0.093711 
0.050844 
0.050844 
0.000000 
0.000000 
0.000002 
0.000008 
0.000035 
0.000135 
0.000486 
0.001613 
0.004956 
0.014057 
0.036787 
0.088756 
0.197293 
0.403933 
0.761825 
1.324578 
2.126464 
3.160235 
4.364234 
5.629197 
6.825223 
7.836613 
8.586631 
9.040874 
9.192130 
9.040874 
8.586631 
7.836613 
6.825223 
5.629197 
4.364234 
3.160237 
2.126473 
1.324613 
0.761960 
0.404419 
0.198906 
0.093711 
0.050844 
0.050844 
0.000000 
0.000000 
0.000002 
0.000008 
0.000035 
0.000135 
0.000486 
0.001613 
0.004956 
0.014057 
0.036787 
0.088756 
0.197293 
0.403933 
0.761825 
1.324578 
2.126464 
3.160235 
4.364234 
5.629197 
6.825223 
7.836613 
8.586631 
9.040874 
9.192130 
9.040874 
8.586631 
7.836613 
6.825223 
5.629197 
4.364234 
3.160237 
2.126473 
1.324613 
0.761960 
0.404419 
0.198906 
0.093711 
0.050844 
0.050844 
0.000000 
0.000000 
0.000002 
0.000008 
0.000035 
0.000135 
0.000486 
0.001613 
0.004956 
0.014057 
0.036787 
0.088756 
0.197293 
0.403933 
0.761825 
1.324578 
2.126464 
3.160235 
4.364234 
5.629197 
6.825223 
7.836613 
8.586631 
9.040874 
9.192130 
9.040874 
8.586631 
7.836613 
6.825223 
5.629197 
4.364234 
3.160237 
2.126473 
1.324613 
0.761960 
0.404419 
0.198906 
0.093711 
0.050844 
0.050844 
0.000000 
0.000000 
0.000002 
0.000008 
0.000035 
0.000135 
0.000486 
0.001613 
0.004956 
0.014057 
0.036787 
0.088756 
0.197293 
0.403933 
0.761825 
1.324578 
2.126464 
3.160235 
4.364234 
5.629197 
6.825223 
7.836613 
8.586631 
9.040874 
9.192130 
9.040874 
8.586631 
7.836613 
6.825223 
5.629197 
4.364234 
3.160237 
2.126473 
1.324613 
0.761960 
0.404419 
0.198906 
0.093711 
0.050844 
0.050844 
0.000000 
0.000000 
0.000002 
0.000008 
0.000035 
0.000135 
0.000486 
0.001613 
0.004956 
0.014057 
0.036787 
0.088756 
0.197293 
0.403933 
0.761825 
1.324578 
2.126464 
3.160235 
4.364234 
5.629197 
6.825223 
7.836613 
8.586631 
9.040874 
9.192130 
9.040874 
8.586631 
7.836613 
6.825223 
5.629197 
4.364234 
3.160237 
2.126473 
1.324613 
0.761960 
0.404419 
0.198906 
0.093711 
0.050844 
0.050844 
0.000000 
0.000000 
0.000002 
0.000008 
0.000035 
0.000135 
0.000486 
0.001613 
0.004956 
0.014057 
0.036787 
0.088756 
0.197293 
0.403933 
0.761825 
1.324578 
2.126464 
3.160235 
4.364234 
5.629197 
6.825223 
7.836613 
8.586631 
9.040874 
9.192130 
9.040874 
8.586631 
7.836613 
6.825223 
5.629197 
4.364234 
3.160237 
2.126473 
1.324613 
0.761960 
0.404419 
0.198906 
0.093711 
0.050844 
0.050844 
0.000000 
0.000000 
0.000002 
0.000008 
0.000035 
0.000135 
0.000486 
0.001613 
0.004956 
0.014057 
0.036787 
0.088756 
0.197293 
0.403933 
0.761825 
1.324578 
2.126464 
3.160235 
4.364234 
5.629197 
6.825223 
7.836613 
8.586631 
9.040874 
9.192130 
9.040874 
8.586631 
7.836613 
6.825223 
5.629197 
4.364234 
3.160237 
2.126473 
1.324613 
0.761960 
0.404419 
0.198906 
0.093711 
0.050844 
0.050844 
0.000000 
0.000000 
0.000002 
0.000008 
0.000035 
0.000135 
0.000486 
0.001613 
0.004956 
0.014057 
0.036787 
0.088756 
0.197293 
0.403933 
0.761825 
1.324578 
2.126464 
3.160235 
4.364234 
5.629197 
6.825223 
7.836613 
8.586631 
9.040874 
9.192130 
9.040874 
8.586631 
7.836613 
6.825223 
5.629197 
4.364234 
3.160237 
2.126473 
1.324613 
0.761960 
0.404419 
0.198906 
0.093711 
0.050844 
0.050844 
0.000000 
0.000000 
0.000002 
0.000008 
0.000035 
0.000135 
0.000486 
0.001613 
0.004956 
0.014057 
0.036787 
0.088756 
0.197293 
0.403933 
0.761825 
1.324578 
2.126464 
3.160235 
4.364234 
5.629197 
6.825223 
7.836613 
8.586631 
9.040874 
9.192130 
9.040874 
8.586631 
7.836613 
6.825223 
5.629197 
4.364234 
3.160237 
2.126473 
1.324613 
0.761960 
0.404419 
0.198906 
0.093711 
0.050844 
0.050844 
0.000000 
0.000000 
0.000002 
0.000008 
0.000035 
0.000135 
0.000486 
0.001613 
0.004956 
0.014057 
0.036787 
0.088756 
0.197293 
0.403933 
0.761825 
1.324578 
2.126464 
3.160235 
4.364234 
5.629197 
6.825223 
7.836613 
8.586631 
9.040874 
9.192130 
9.040874 
8.586631 
7.836613 
6.825223 
5.629197 
4.364234 
3.160237 
2.126473 
1.324613 
0.761960 
0.404419 
0.198906 
0.093711 
0.050844 
0.050844 
0.000000 
0.000000 
0.000002 
0.000008 
0.000035 
0.000135 
0.000486 
0.001613 
0.004956 
0.014057 
0.036787 
0.088756 
0.197293 
0.403933 
0.761825 
1.324578 
2.126464 
3.160235 
4.364234 
5.629197 
6.825223 
7.836613 
8.586631 
9.040874 
9.192130 
9.040874 
8.586631 
7.836613 
6.825223 
5.629197 
4.364234 
3.160237 
2.126473 
1.324613 
0.761960 
0.404419 
0.198906 
0.093711 
0.050844 
0.050844 
0.000000 
0.000000 
0.000002 
0.000008 
0.000035 
0.000135 
0.000486 
0.001613 
0.004956 
0.014057 
0.036787 
0.088756 
0.197293 
0.403933 
0.761825 
1.324578 
2.126464 
3.160235 
4.364234 
5.629197 
6.825223 
7.836613 
8.586631 
9.040874 
9.192130 
9.040874 
8.586631 
7.836613 
6.825223 
5.629197 
4.364234 
3.160237 
2.126473 
1.324613 
0.761960 
0.404419 
0.198906 
0.093711 
0.050844 
0.050844 
0.000000 
0.000000 
0.000002 
0.000008 
0.000035 
0.000135 
0.000486 
0.001613 
0.004956 
0.014057 
0.036787 
0.088756 
0.197293 
0.403933 
0.761825 
1.324578 
2.126464 
3.160235 
4.364234 
5.629197 
6.825223 
7.836613 
8.586631 
9.040874 
9.192130 
9.040874 
8.586631 
7.836613 
6.825223 
5.629197 
4.364234 
3.160237 
2.126473 
1.324613 
0.761960 
0.404419 
0.198906 
0.093711 
0.050844 
0.050844 
0.000000 
0.000000 
0.000002 
0.000008 
0.000035 
0.000135 
0.000486 
0.001613 
0.004956 
0.014057 
0.036787 
0.088756 
0.197293 
0.403933 
0.761825 
1.324578 
2.126464 
3.160235 
4.364234 
5.629197 
6.825223 
7.836613 
8.586631 
9.040874 
9.192130 
9.040874 
8.586631 
7.836613 
6.825223 
5.629197 
4.364234 
3.160237 
2.126473 
1.324613 
0.761960 
0.404419 
0.198906 
0.093711 
0.050844 
0.050844 
0.000000 
0.000000 
0.000002 
0.000008 
0.000035 
0.000135 
0.000486 
0.001613 
0.004956 
0.014057 
0.036787 
0.088756 
0.197293 
0.403933 
0.761825 
1.324578 
2.126464 
3.160235 
4.364234 
5.629197 
6.825223 
7.836613 
8.586631 
9.040874 
9.192130 
9.040874 
8.586631 
7.836613 
6.825223 
5.629197 
4.364234 
3.160237 
2.126473 
1.324613 
0.761960 
0.404419 
0.198906 
0.093711 
0.050844 
0.050844 
0.000000 
0.000000 
0.000002 
0.000008 
0.000035 
0.000135 
0.000486 
0.001613 
0.004956 
0.014057 
0.036787 
0.088756 
0.197293 
0.403933 
0.761825 
1.324578 
2.126464 
3.160235 
4.364234 
5.629197 
6.825223 
7.836613 
8.586631 
9.040874 
9.192130 
9.040874 
8.586631 
7.836613 
6.825223 
5.629197 
4.364234 
3.160237 
2.126473 
1.324613 
0.761960 
0.404419 
0.198906 
0.093711 
0.050844 
0.050844 
0.000000 
0.000000 
0.000002 
0.000008 
0.000035 
0.000135 
0.000486 
0.001613 
0.004956 
0.014057 
0.036787 
0.088756 
0.197293 
0.403933 
0.761825 
1.324578 
2.126464 
3.160235 
4.364234 
5.629197 
6.825223 
7.836613 
8.586631 
9.040874 
9.192130 
9.040874 
8.586631 
7.836613 
6.825223 
5.629197 
4.364234 
3.160237 
2.126473 
1.324613 
0.761960 
0.404419 
0.198906 
0.093711 
0.050844 
0.050844 
0.000000 
0.000000 
0.000002 
0.000008 
0.000035 
0.000135 
0.000486 
0.001613 
0.004956 
0.014057 
0.036787 
0.088756 
0.197293 
0.403933 
0.761825 
1.324578 
2.126464 
3.160235 
4.364234 
5.629197 
6.825223 
7.836613 
8.586631 
9.040874 
9.192130 
9.040874 
8.586631 
7.836613 
6.825223 
5.629197 
4.364234 
3.160237 
2.126473 
1.324613 
0.761960 
0.404419 
0.198906 
0.093711 
0.050844 
0.050844 
0.000000 
0.000000 
0.000002 
0.000008 
0.000035 
0.000135 
0.000486 
0.001613 
0.004956 
0.014057 
0.036787 
0.088756 
0.197293 
0.403933 
0.761825 
1.324578 
2.126464 
3.160235 
4.364234 
5.629197 
6.825223 
7.836613 
8.586631 
9.040874 
9.192130 
9.040874 
8.586631 
7.836613 
6.825223 
5.629197 
4.364234 
3.160237 
2.126473 
1.324613 
0.761960 
0.404419 
0.198906 
0.093711 
0.050844 
0.050844 
0.000000 
0.000000 
0.000002 
0.000008 
0.000035 
0.000135 
0.000486 
0.001613 
0.004956 
0.014057 
0.036787 
0.088756 
0.197293 
0.403933 
0.761825 
1.324578 
2.126464 
3.160235 
4.364234 
5.629197 
6.825223 
7.836613 
8.586631 
9.040874 
9.192130 
9.040874 
8.586631 
7.836613 
6.825223 
5.629197 
4.364234 
3.160237 
2.126473 
1.324613 
0.761960 
0.404419 
0.198906 
0.093711 
0.050844 
0.050844 
0.000000 
0.000000 
0.000002 
0.000008 
0.000035 
0.000135 
0.000486 
0.001613 
0.004956 
0.014057 
0.036787 
0.088756 
0.197293 
0.403933 
0.761825 
1.324578 
2.126464 
3.160235 
4.364234 
5.629197 
6.825223 
7.836613 
8.586631 
9.040874 
9.192130 
9.040874 
8.586631 
7.836613 
6.825223 
5.629197 
4.364234 
3.160237 
2.126473 
1.324613 
0.761960 
0.404419 
0.198906 
0.093711 
0.050844 
0.050844 
0.000000 
0.000000 
0.000002 
0.000008 
0.000035 
0.000135 
0.000486 
0.001613 
0.004956 
0.014057 
0.036787 
0.088756 
0.197293 
0.403933 
0.761825 
1.324578 
2.126464 
3.160235 
4.364234 
5.629197 
6.825223 
7.836613 
8.586631 
9.040874 
9.192130 
9.040874 
8.586631 
7.836613 
6.825223 
5.629197 
4.364234 
3.160237 
2.126473 
1.324613 
0.761960 
0.404419 
0.198906 
0.093711 
0.050844 
0.050844 
0.000000 
0.000000 
0.000002 
0.000008 
0.000035 
0.000135 
0.000486 
0.001613 
0.004956 
0.014057 
0.036787 
0.088756 
0.197293 
0.403933 
0.761825 
1.324578 
2.126464 
3.160235 
4.364234 
5.629197 
6.825223 
7.836613 
8.586631 
9.040874 
9.192130 
9.040874 
8.586631 
7.836613 
6.825223 
5.629197 
4.364234 
3.160237 
2.126473 
1.324613 
0.761960 
0.404419 
0.198906 
0.093711 
0.050844 
0.050844 
0.000000 
0.000000 
0.000002 
0.000008 
0.000035 
0.000135 
0.000486 
0.001613 
0.004956 
0.014057 
0.036787 
0.088756 
0.197293 
0.403933 
0.761825 
1.324578 
2.126464 
3.160235 
4.364234 
5.629197 
6.825223 
7.836613 
8.586631 
9.040874 
9.192130 
9.040874 
8.586631 
7.836613 
6.825223 
5.629197 
4.364234 
3.160237 
2.126473 
1.324613 
0.761960 
0.404419 
0.198906 
0.093711 
0.050844 
0.050844 
0.000000 
0.000000 
0.000002 
0.000008 
0.000035 
0.000135 
0.000486 
0.001613 
0.004956 
0.014057 
0.036787 
0.088756 
0.197293 
0.403933 
0.761825 
1.324578 
2.126464 
3.160235 
4.364234 
5.629197 
6.825223 
7.836613 
8.586631 
9.040874 
9.192130 
9.040874 
8.586631 
7.836613 
6.825223 
5.629197 
4.364234 
3.160237 
2.126473 
1.324613 
0.761960 
0.404419 
0.198906 
0.093711 
0.050844 
0.050844 
0.000000 
0.000000 
0.000002 
0.000008 
0.000035 
0.000135 
0.000486 
0.001613 
0.004956 
0.014057 
0.036787 
0.088756 
0.197293 
0.403933 
0.761825 
1.324578 
2.126464 
3.160235 
4.364234 
5.629197 
6.825223 
7.836613 
8.586631 
9.040874 
9.192130 
9.040874 
8.586631 
7.836613 
6.825223 
5.629197 
4.364234 
3.160237 
2.126473 
1.324613 
0.761960 
0.404419 
0.198906 
0.093711 
0.050844 
0.050844 
0.000000 
0.000000 
0.000002 
0.000008 
0.000035 
0.000135 
0.000486 
0.001613 
0.004956 
0.014057 
0.036787 
0.088756 
0.197293 
0.403933 
0.761825 
1.324578 
2.126464 
3.160235 
4.364234 
5.629197 
6.825223 
7.836613 
8.586631 
9.040874 
9.192130 
9.040874 
8.586631 
7.836613 
6.825223 
5.629197 
4.364234 
3.160237 
2.126473 
1.324613 
0.761960 
0.404419 
0.198906 
0.093711 
0.050844 
0.050844 
0.000000 
0.000000 
0.000002 
0.000008 
0.000035 
0.000135 
0.000486 
0.001613 
0.004956 
0.014057 
0.036787 
0.088756 
0.197293 
0.403933 
0.761825 
1.324578 
2.126464 
3.160235 
4.364234 
5.629197 
6.825223 
7.836613 
8.586631 
9.040874 
9.192130 
9.040874 
8.586631 
7.836613 
6.825223 
5.629197 
4.364234 
3.160237 
2.126473 
1.324613 
0.761960 
0.404419 
0.198906 
0.093711 
0.050844 
0.050844 
0.000000 
0.000000 
0.000002 
0.000008 
0.000035 
0.000135 
0.000486 
0.001613 
0.004956 
0.014057 
0.036787 
0.088756 
0.197293 
0.403933 
0.761825 
1.324578 
2.126464 
3.160235 
4.364234 
5.629197 
6.825223 
7.836613 
8.586631 
9.040874 
9.192130 
9.040874 
8.586631 
7.836613 
6.825223 
5.629197 
4.364234 
3.160237 
2.126473 
1.324613 
0.761960 
0.404419 
0.198906 
0.093711 
0.050844 
0.050844 
