# z = ,(t = 16)
2.009772 
2.016056 
2.028558 
2.047145 
2.071621 
2.101729 
2.137157 
2.177541 
2.222470 
2.271496 
2.324136 
2.379883 
2.438214 
2.498592 
2.560481 
2.623348 
2.686670 
2.749945 
2.812692 
2.874461 
2.934832 
2.993424 
3.049893 
3.103935 
3.155287 
3.203725 
3.249066 
3.291161 
3.329895 
3.365186 
3.396974 
3.425224 
3.449920 
3.471058 
3.488644 
3.502688 
3.513205 
3.520209 
3.523707 
3.523707 
2.009772 
2.016056 
2.028558 
2.047145 
2.071621 
2.101729 
2.137157 
2.177541 
2.222470 
2.271496 
2.324136 
2.379883 
2.438214 
2.498592 
2.560481 
2.623348 
2.686670 
2.749945 
2.812692 
2.874461 
2.934832 
2.993424 
3.049893 
3.103935 
3.155287 
3.203725 
3.249066 
3.291161 
3.329895 
3.365186 
3.396974 
3.425224 
3.449920 
3.471058 
3.488644 
3.502688 
3.513205 
3.520209 
3.523707 
3.523707 
2.009772 
2.016056 
2.028558 
2.047145 
2.071621 
2.101729 
2.137157 
2.177541 
2.222470 
2.271496 
2.324136 
2.379883 
2.438214 
2.498592 
2.560481 
2.623348 
2.686670 
2.749945 
2.812692 
2.874461 
2.934832 
2.993424 
3.049893 
3.103935 
3.155287 
3.203725 
3.249066 
3.291161 
3.329895 
3.365186 
3.396974 
3.425224 
3.449920 
3.471058 
3.488644 
3.502688 
3.513205 
3.520209 
3.523707 
3.523707 
2.009772 
2.016056 
2.028558 
2.047145 
2.071621 
2.101729 
2.137157 
2.177541 
2.222470 
2.271496 
2.324136 
2.379883 
2.438214 
2.498592 
2.560481 
2.623348 
2.686670 
2.749945 
2.812692 
2.874461 
2.934832 
2.993424 
3.049893 
3.103935 
3.155287 
3.203725 
3.249066 
3.291161 
3.329895 
3.365186 
3.396974 
3.425224 
3.449920 
3.471058 
3.488644 
3.502688 
3.513205 
3.520209 
3.523707 
3.523707 
2.009772 
2.016056 
2.028558 
2.047145 
2.071621 
2.101729 
2.137157 
2.177541 
2.222470 
2.271496 
2.324136 
2.379883 
2.438214 
2.498592 
2.560481 
2.623348 
2.686670 
2.749945 
2.812692 
2.874461 
2.934832 
2.993424 
3.049893 
3.103935 
3.155287 
3.203725 
3.249066 
3.291161 
3.329895 
3.365186 
3.396974 
3.425224 
3.449920 
3.471058 
3.488644 
3.502688 
3.513205 
3.520209 
3.523707 
3.523707 
2.009772 
2.016056 
2.028558 
2.047145 
2.071621 
2.101729 
2.137157 
2.177541 
2.222470 
2.271496 
2.324136 
2.379883 
2.438214 
2.498592 
2.560481 
2.623348 
2.686670 
2.749945 
2.812692 
2.874461 
2.934832 
2.993424 
3.049893 
3.103935 
3.155287 
3.203725 
3.249066 
3.291161 
3.329895 
3.365186 
3.396974 
3.425224 
3.449920 
3.471058 
3.488644 
3.502688 
3.513205 
3.520209 
3.523707 
3.523707 
2.009772 
2.016056 
2.028558 
2.047145 
2.071621 
2.101729 
2.137157 
2.177541 
2.222470 
2.271496 
2.324136 
2.379883 
2.438214 
2.498592 
2.560481 
2.623348 
2.686670 
2.749945 
2.812692 
2.874461 
2.934832 
2.993424 
3.049893 
3.103935 
3.155287 
3.203725 
3.249066 
3.291161 
3.329895 
3.365186 
3.396974 
3.425224 
3.449920 
3.471058 
3.488644 
3.502688 
3.513205 
3.520209 
3.523707 
3.523707 
2.009772 
2.016056 
2.028558 
2.047145 
2.071621 
2.101729 
2.137157 
2.177541 
2.222470 
2.271496 
2.324136 
2.379883 
2.438214 
2.498592 
2.560481 
2.623348 
2.686670 
2.749945 
2.812692 
2.874461 
2.934832 
2.993424 
3.049893 
3.103935 
3.155287 
3.203725 
3.249066 
3.291161 
3.329895 
3.365186 
3.396974 
3.425224 
3.449920 
3.471058 
3.488644 
3.502688 
3.513205 
3.520209 
3.523707 
3.523707 
2.009772 
2.016056 
2.028558 
2.047145 
2.071621 
2.101729 
2.137157 
2.177541 
2.222470 
2.271496 
2.324136 
2.379883 
2.438214 
2.498592 
2.560481 
2.623348 
2.686670 
2.749945 
2.812692 
2.874461 
2.934832 
2.993424 
3.049893 
3.103935 
3.155287 
3.203725 
3.249066 
3.291161 
3.329895 
3.365186 
3.396974 
3.425224 
3.449920 
3.471058 
3.488644 
3.502688 
3.513205 
3.520209 
3.523707 
3.523707 
2.009772 
2.016056 
2.028558 
2.047145 
2.071621 
2.101729 
2.137157 
2.177541 
2.222470 
2.271496 
2.324136 
2.379883 
2.438214 
2.498592 
2.560481 
2.623348 
2.686670 
2.749945 
2.812692 
2.874461 
2.934832 
2.993424 
3.049893 
3.103935 
3.155287 
3.203725 
3.249066 
3.291161 
3.329895 
3.365186 
3.396974 
3.425224 
3.449920 
3.471058 
3.488644 
3.502688 
3.513205 
3.520209 
3.523707 
3.523707 
2.009772 
2.016056 
2.028558 
2.047145 
2.071621 
2.101729 
2.137157 
2.177541 
2.222470 
2.271496 
2.324136 
2.379883 
2.438214 
2.498592 
2.560481 
2.623348 
2.686670 
2.749945 
2.812692 
2.874461 
2.934832 
2.993424 
3.049893 
3.103935 
3.155287 
3.203725 
3.249066 
3.291161 
3.329895 
3.365186 
3.396974 
3.425224 
3.449920 
3.471058 
3.488644 
3.502688 
3.513205 
3.520209 
3.523707 
3.523707 
2.009772 
2.016056 
2.028558 
2.047145 
2.071621 
2.101729 
2.137157 
2.177541 
2.222470 
2.271496 
2.324136 
2.379883 
2.438214 
2.498592 
2.560481 
2.623348 
2.686670 
2.749945 
2.812692 
2.874461 
2.934832 
2.993424 
3.049893 
3.103935 
3.155287 
3.203725 
3.249066 
3.291161 
3.329895 
3.365186 
3.396974 
3.425224 
3.449920 
3.471058 
3.488644 
3.502688 
3.513205 
3.520209 
3.523707 
3.523707 
2.009772 
2.016056 
2.028558 
2.047145 
2.071621 
2.101729 
2.137157 
2.177541 
2.222470 
2.271496 
2.324136 
2.379883 
2.438214 
2.498592 
2.560481 
2.623348 
2.686670 
2.749945 
2.812692 
2.874461 
2.934832 
2.993424 
3.049893 
3.103935 
3.155287 
3.203725 
3.249066 
3.291161 
3.329895 
3.365186 
3.396974 
3.425224 
3.449920 
3.471058 
3.488644 
3.502688 
3.513205 
3.520209 
3.523707 
3.523707 
2.009772 
2.016056 
2.028558 
2.047145 
2.071621 
2.101729 
2.137157 
2.177541 
2.222470 
2.271496 
2.324136 
2.379883 
2.438214 
2.498592 
2.560481 
2.623348 
2.686670 
2.749945 
2.812692 
2.874461 
2.934832 
2.993424 
3.049893 
3.103935 
3.155287 
3.203725 
3.249066 
3.291161 
3.329895 
3.365186 
3.396974 
3.425224 
3.449920 
3.471058 
3.488644 
3.502688 
3.513205 
3.520209 
3.523707 
3.523707 
2.009772 
2.016056 
2.028558 
2.047145 
2.071621 
2.101729 
2.137157 
2.177541 
2.222470 
2.271496 
2.324136 
2.379883 
2.438214 
2.498592 
2.560481 
2.623348 
2.686670 
2.749945 
2.812692 
2.874461 
2.934832 
2.993424 
3.049893 
3.103935 
3.155287 
3.203725 
3.249066 
3.291161 
3.329895 
3.365186 
3.396974 
3.425224 
3.449920 
3.471058 
3.488644 
3.502688 
3.513205 
3.520209 
3.523707 
3.523707 
2.009772 
2.016056 
2.028558 
2.047145 
2.071621 
2.101729 
2.137157 
2.177541 
2.222470 
2.271496 
2.324136 
2.379883 
2.438214 
2.498592 
2.560481 
2.623348 
2.686670 
2.749945 
2.812692 
2.874461 
2.934832 
2.993424 
3.049893 
3.103935 
3.155287 
3.203725 
3.249066 
3.291161 
3.329895 
3.365186 
3.396974 
3.425224 
3.449920 
3.471058 
3.488644 
3.502688 
3.513205 
3.520209 
3.523707 
3.523707 
2.009772 
2.016056 
2.028558 
2.047145 
2.071621 
2.101729 
2.137157 
2.177541 
2.222470 
2.271496 
2.324136 
2.379883 
2.438214 
2.498592 
2.560481 
2.623348 
2.686670 
2.749945 
2.812692 
2.874461 
2.934832 
2.993424 
3.049893 
3.103935 
3.155287 
3.203725 
3.249066 
3.291161 
3.329895 
3.365186 
3.396974 
3.425224 
3.449920 
3.471058 
3.488644 
3.502688 
3.513205 
3.520209 
3.523707 
3.523707 
2.009772 
2.016056 
2.028558 
2.047145 
2.071621 
2.101729 
2.137157 
2.177541 
2.222470 
2.271496 
2.324136 
2.379883 
2.438214 
2.498592 
2.560481 
2.623348 
2.686670 
2.749945 
2.812692 
2.874461 
2.934832 
2.993424 
3.049893 
3.103935 
3.155287 
3.203725 
3.249066 
3.291161 
3.329895 
3.365186 
3.396974 
3.425224 
3.449920 
3.471058 
3.488644 
3.502688 
3.513205 
3.520209 
3.523707 
3.523707 
2.009772 
2.016056 
2.028558 
2.047145 
2.071621 
2.101729 
2.137157 
2.177541 
2.222470 
2.271496 
2.324136 
2.379883 
2.438214 
2.498592 
2.560481 
2.623348 
2.686670 
2.749945 
2.812692 
2.874461 
2.934832 
2.993424 
3.049893 
3.103935 
3.155287 
3.203725 
3.249066 
3.291161 
3.329895 
3.365186 
3.396974 
3.425224 
3.449920 
3.471058 
3.488644 
3.502688 
3.513205 
3.520209 
3.523707 
3.523707 
2.009772 
2.016056 
2.028558 
2.047145 
2.071621 
2.101729 
2.137157 
2.177541 
2.222470 
2.271496 
2.324136 
2.379883 
2.438214 
2.498592 
2.560481 
2.623348 
2.686670 
2.749945 
2.812692 
2.874461 
2.934832 
2.993424 
3.049893 
3.103935 
3.155287 
3.203725 
3.249066 
3.291161 
3.329895 
3.365186 
3.396974 
3.425224 
3.449920 
3.471058 
3.488644 
3.502688 
3.513205 
3.520209 
3.523707 
3.523707 
2.009772 
2.016056 
2.028558 
2.047145 
2.071621 
2.101729 
2.137157 
2.177541 
2.222470 
2.271496 
2.324136 
2.379883 
2.438214 
2.498592 
2.560481 
2.623348 
2.686670 
2.749945 
2.812692 
2.874461 
2.934832 
2.993424 
3.049893 
3.103935 
3.155287 
3.203725 
3.249066 
3.291161 
3.329895 
3.365186 
3.396974 
3.425224 
3.449920 
3.471058 
3.488644 
3.502688 
3.513205 
3.520209 
3.523707 
3.523707 
2.009772 
2.016056 
2.028558 
2.047145 
2.071621 
2.101729 
2.137157 
2.177541 
2.222470 
2.271496 
2.324136 
2.379883 
2.438214 
2.498592 
2.560481 
2.623348 
2.686670 
2.749945 
2.812692 
2.874461 
2.934832 
2.993424 
3.049893 
3.103935 
3.155287 
3.203725 
3.249066 
3.291161 
3.329895 
3.365186 
3.396974 
3.425224 
3.449920 
3.471058 
3.488644 
3.502688 
3.513205 
3.520209 
3.523707 
3.523707 
2.009772 
2.016056 
2.028558 
2.047145 
2.071621 
2.101729 
2.137157 
2.177541 
2.222470 
2.271496 
2.324136 
2.379883 
2.438214 
2.498592 
2.560481 
2.623348 
2.686670 
2.749945 
2.812692 
2.874461 
2.934832 
2.993424 
3.049893 
3.103935 
3.155287 
3.203725 
3.249066 
3.291161 
3.329895 
3.365186 
3.396974 
3.425224 
3.449920 
3.471058 
3.488644 
3.502688 
3.513205 
3.520209 
3.523707 
3.523707 
2.009772 
2.016056 
2.028558 
2.047145 
2.071621 
2.101729 
2.137157 
2.177541 
2.222470 
2.271496 
2.324136 
2.379883 
2.438214 
2.498592 
2.560481 
2.623348 
2.686670 
2.749945 
2.812692 
2.874461 
2.934832 
2.993424 
3.049893 
3.103935 
3.155287 
3.203725 
3.249066 
3.291161 
3.329895 
3.365186 
3.396974 
3.425224 
3.449920 
3.471058 
3.488644 
3.502688 
3.513205 
3.520209 
3.523707 
3.523707 
2.009772 
2.016056 
2.028558 
2.047145 
2.071621 
2.101729 
2.137157 
2.177541 
2.222470 
2.271496 
2.324136 
2.379883 
2.438214 
2.498592 
2.560481 
2.623348 
2.686670 
2.749945 
2.812692 
2.874461 
2.934832 
2.993424 
3.049893 
3.103935 
3.155287 
3.203725 
3.249066 
3.291161 
3.329895 
3.365186 
3.396974 
3.425224 
3.449920 
3.471058 
3.488644 
3.502688 
3.513205 
3.520209 
3.523707 
3.523707 
2.009772 
2.016056 
2.028558 
2.047145 
2.071621 
2.101729 
2.137157 
2.177541 
2.222470 
2.271496 
2.324136 
2.379883 
2.438214 
2.498592 
2.560481 
2.623348 
2.686670 
2.749945 
2.812692 
2.874461 
2.934832 
2.993424 
3.049893 
3.103935 
3.155287 
3.203725 
3.249066 
3.291161 
3.329895 
3.365186 
3.396974 
3.425224 
3.449920 
3.471058 
3.488644 
3.502688 
3.513205 
3.520209 
3.523707 
3.523707 
2.009772 
2.016056 
2.028558 
2.047145 
2.071621 
2.101729 
2.137157 
2.177541 
2.222470 
2.271496 
2.324136 
2.379883 
2.438214 
2.498592 
2.560481 
2.623348 
2.686670 
2.749945 
2.812692 
2.874461 
2.934832 
2.993424 
3.049893 
3.103935 
3.155287 
3.203725 
3.249066 
3.291161 
3.329895 
3.365186 
3.396974 
3.425224 
3.449920 
3.471058 
3.488644 
3.502688 
3.513205 
3.520209 
3.523707 
3.523707 
2.009772 
2.016056 
2.028558 
2.047145 
2.071621 
2.101729 
2.137157 
2.177541 
2.222470 
2.271496 
2.324136 
2.379883 
2.438214 
2.498592 
2.560481 
2.623348 
2.686670 
2.749945 
2.812692 
2.874461 
2.934832 
2.993424 
3.049893 
3.103935 
3.155287 
3.203725 
3.249066 
3.291161 
3.329895 
3.365186 
3.396974 
3.425224 
3.449920 
3.471058 
3.488644 
3.502688 
3.513205 
3.520209 
3.523707 
3.523707 
2.009772 
2.016056 
2.028558 
2.047145 
2.071621 
2.101729 
2.137157 
2.177541 
2.222470 
2.271496 
2.324136 
2.379883 
2.438214 
2.498592 
2.560481 
2.623348 
2.686670 
2.749945 
2.812692 
2.874461 
2.934832 
2.993424 
3.049893 
3.103935 
3.155287 
3.203725 
3.249066 
3.291161 
3.329895 
3.365186 
3.396974 
3.425224 
3.449920 
3.471058 
3.488644 
3.502688 
3.513205 
3.520209 
3.523707 
3.523707 
2.009772 
2.016056 
2.028558 
2.047145 
2.071621 
2.101729 
2.137157 
2.177541 
2.222470 
2.271496 
2.324136 
2.379883 
2.438214 
2.498592 
2.560481 
2.623348 
2.686670 
2.749945 
2.812692 
2.874461 
2.934832 
2.993424 
3.049893 
3.103935 
3.155287 
3.203725 
3.249066 
3.291161 
3.329895 
3.365186 
3.396974 
3.425224 
3.449920 
3.471058 
3.488644 
3.502688 
3.513205 
3.520209 
3.523707 
3.523707 
2.009772 
2.016056 
2.028558 
2.047145 
2.071621 
2.101729 
2.137157 
2.177541 
2.222470 
2.271496 
2.324136 
2.379883 
2.438214 
2.498592 
2.560481 
2.623348 
2.686670 
2.749945 
2.812692 
2.874461 
2.934832 
2.993424 
3.049893 
3.103935 
3.155287 
3.203725 
3.249066 
3.291161 
3.329895 
3.365186 
3.396974 
3.425224 
3.449920 
3.471058 
3.488644 
3.502688 
3.513205 
3.520209 
3.523707 
3.523707 
2.009772 
2.016056 
2.028558 
2.047145 
2.071621 
2.101729 
2.137157 
2.177541 
2.222470 
2.271496 
2.324136 
2.379883 
2.438214 
2.498592 
2.560481 
2.623348 
2.686670 
2.749945 
2.812692 
2.874461 
2.934832 
2.993424 
3.049893 
3.103935 
3.155287 
3.203725 
3.249066 
3.291161 
3.329895 
3.365186 
3.396974 
3.425224 
3.449920 
3.471058 
3.488644 
3.502688 
3.513205 
3.520209 
3.523707 
3.523707 
2.009772 
2.016056 
2.028558 
2.047145 
2.071621 
2.101729 
2.137157 
2.177541 
2.222470 
2.271496 
2.324136 
2.379883 
2.438214 
2.498592 
2.560481 
2.623348 
2.686670 
2.749945 
2.812692 
2.874461 
2.934832 
2.993424 
3.049893 
3.103935 
3.155287 
3.203725 
3.249066 
3.291161 
3.329895 
3.365186 
3.396974 
3.425224 
3.449920 
3.471058 
3.488644 
3.502688 
3.513205 
3.520209 
3.523707 
3.523707 
2.009772 
2.016056 
2.028558 
2.047145 
2.071621 
2.101729 
2.137157 
2.177541 
2.222470 
2.271496 
2.324136 
2.379883 
2.438214 
2.498592 
2.560481 
2.623348 
2.686670 
2.749945 
2.812692 
2.874461 
2.934832 
2.993424 
3.049893 
3.103935 
3.155287 
3.203725 
3.249066 
3.291161 
3.329895 
3.365186 
3.396974 
3.425224 
3.449920 
3.471058 
3.488644 
3.502688 
3.513205 
3.520209 
3.523707 
3.523707 
2.009772 
2.016056 
2.028558 
2.047145 
2.071621 
2.101729 
2.137157 
2.177541 
2.222470 
2.271496 
2.324136 
2.379883 
2.438214 
2.498592 
2.560481 
2.623348 
2.686670 
2.749945 
2.812692 
2.874461 
2.934832 
2.993424 
3.049893 
3.103935 
3.155287 
3.203725 
3.249066 
3.291161 
3.329895 
3.365186 
3.396974 
3.425224 
3.449920 
3.471058 
3.488644 
3.502688 
3.513205 
3.520209 
3.523707 
3.523707 
2.009772 
2.016056 
2.028558 
2.047145 
2.071621 
2.101729 
2.137157 
2.177541 
2.222470 
2.271496 
2.324136 
2.379883 
2.438214 
2.498592 
2.560481 
2.623348 
2.686670 
2.749945 
2.812692 
2.874461 
2.934832 
2.993424 
3.049893 
3.103935 
3.155287 
3.203725 
3.249066 
3.291161 
3.329895 
3.365186 
3.396974 
3.425224 
3.449920 
3.471058 
3.488644 
3.502688 
3.513205 
3.520209 
3.523707 
3.523707 
2.009772 
2.016056 
2.028558 
2.047145 
2.071621 
2.101729 
2.137157 
2.177541 
2.222470 
2.271496 
2.324136 
2.379883 
2.438214 
2.498592 
2.560481 
2.623348 
2.686670 
2.749945 
2.812692 
2.874461 
2.934832 
2.993424 
3.049893 
3.103935 
3.155287 
3.203725 
3.249066 
3.291161 
3.329895 
3.365186 
3.396974 
3.425224 
3.449920 
3.471058 
3.488644 
3.502688 
3.513205 
3.520209 
3.523707 
3.523707 
2.009772 
2.016056 
2.028558 
2.047145 
2.071621 
2.101729 
2.137157 
2.177541 
2.222470 
2.271496 
2.324136 
2.379883 
2.438214 
2.498592 
2.560481 
2.623348 
2.686670 
2.749945 
2.812692 
2.874461 
2.934832 
2.993424 
3.049893 
3.103935 
3.155287 
3.203725 
3.249066 
3.291161 
3.329895 
3.365186 
3.396974 
3.425224 
3.449920 
3.471058 
3.488644 
3.502688 
3.513205 
3.520209 
3.523707 
3.523707 
2.009772 
2.016056 
2.028558 
2.047145 
2.071621 
2.101729 
2.137157 
2.177541 
2.222470 
2.271496 
2.324136 
2.379883 
2.438214 
2.498592 
2.560481 
2.623348 
2.686670 
2.749945 
2.812692 
2.874461 
2.934832 
2.993424 
3.049893 
3.103935 
3.155287 
3.203725 
3.249066 
3.291161 
3.329895 
3.365186 
3.396974 
3.425224 
3.449920 
3.471058 
3.488644 
3.502688 
3.513205 
3.520209 
3.523707 
3.523707 
2.009772 
2.016056 
2.028558 
2.047145 
2.071621 
2.101729 
2.137157 
2.177541 
2.222470 
2.271496 
2.324136 
2.379883 
2.438214 
2.498592 
2.560481 
2.623348 
2.686670 
2.749945 
2.812692 
2.874461 
2.934832 
2.993424 
3.049893 
3.103935 
3.155287 
3.203725 
3.249066 
3.291161 
3.329895 
3.365186 
3.396974 
3.425224 
3.449920 
3.471058 
3.488644 
3.502688 
3.513205 
3.520209 
3.523707 
3.523707 
