# z = ,(t = 2)
0.001436 
0.003167 
0.005521 
0.008881 
0.013710 
0.020569 
0.030121 
0.043119 
0.060377 
0.082721 
0.110916 
0.145572 
0.187045 
0.235329 
0.289966 
0.349982 
0.413861 
0.479576 
0.544672 
0.606406 
0.661927 
0.708491 
0.743675 
0.765581 
0.772993 
0.765483 
0.743447 
0.708057 
0.661157 
0.605085 
0.542463 
0.475966 
0.408092 
0.340965 
0.276184 
0.214722 
0.156905 
0.102445 
0.050536 
0.000000 
0.002835 
0.006255 
0.010904 
0.017539 
0.027077 
0.040624 
0.059491 
0.085163 
0.119252 
0.163388 
0.219081 
0.287539 
0.369462 
0.464840 
0.572769 
0.691324 
0.817512 
0.947327 
1.075921 
1.197873 
1.307553 
1.399539 
1.469045 
1.512319 
1.526961 
1.512126 
1.468594 
1.398683 
1.306033 
1.195266 
1.071560 
0.940198 
0.806118 
0.673517 
0.545549 
0.424140 
0.309933 
0.202357 
0.099822 
0.000000 
0.004165 
0.009190 
0.016020 
0.025769 
0.039783 
0.059691 
0.087414 
0.125141 
0.175236 
0.240099 
0.321948 
0.422559 
0.542962 
0.683143 
0.841773 
1.016023 
1.201495 
1.392300 
1.581312 
1.760563 
1.921776 
2.056983 
2.159148 
2.222756 
2.244277 
2.222472 
2.158485 
2.055726 
1.919544 
1.756732 
1.574905 
1.381827 
1.184756 
0.989861 
0.801779 
0.623342 
0.455492 
0.297391 
0.146701 
0.000000 
0.005397 
0.011908 
0.020760 
0.033395 
0.051559 
0.077364 
0.113301 
0.162206 
0.227148 
0.311238 
0.417352 
0.547793 
0.703901 
0.885655 
1.091335 
1.317272 
1.557763 
1.805175 
2.050264 
2.282697 
2.491745 
2.667070 
2.799550 
2.882032 
2.909940 
2.881664 
2.798691 
2.665441 
2.488853 
2.277735 
2.041961 
1.791603 
1.536072 
1.283367 
1.039503 
0.808149 
0.590528 
0.385553 
0.190190 
0.000000 
0.006510 
0.014364 
0.025042 
0.040286 
0.062201 
0.093337 
0.136701 
0.195717 
0.274090 
0.375573 
0.503643 
0.661079 
0.849499 
1.068881 
1.317149 
1.589875 
1.880176 
2.178835 
2.474696 
2.755283 
3.007642 
3.219293 
3.379223 
3.478796 
3.512487 
3.478354 
3.378188 
3.217329 
3.004155 
2.749298 
2.464682 
2.162465 
1.854010 
1.548975 
1.254619 
0.975372 
0.712710 
0.465320 
0.229536 
0.000000 
0.007489 
0.016526 
0.028814 
0.046356 
0.071578 
0.107414 
0.157328 
0.225263 
0.315484 
0.432315 
0.579760 
0.761023 
0.977966 
1.230569 
1.516440 
1.830482 
2.164769 
2.508689 
2.849391 
3.172511 
3.463127 
3.706866 
3.891044 
4.005715 
4.044514 
4.005206 
3.889853 
3.704607 
3.459116 
3.165626 
2.837872 
2.489856 
2.134664 
1.783420 
1.444483 
1.122957 
0.820538 
0.535712 
0.264257 
0.000000 
0.008330 
0.018383 
0.032052 
0.051569 
0.079634 
0.119512 
0.175059 
0.250666 
0.351081 
0.481122 
0.645245 
0.847020 
1.088525 
1.369736 
1.687994 
2.037625 
2.409805 
2.792719 
3.172058 
3.531826 
3.855407 
4.126798 
4.331872 
4.459554 
4.502756 
4.458987 
4.330548 
4.124287 
3.850947 
3.524170 
3.159246 
2.771771 
2.376317 
1.985270 
1.607939 
1.250004 
0.913354 
0.596301 
0.294142 
0.000000 
0.009034 
0.019937 
0.034764 
0.055936 
0.086383 
0.129650 
0.189922 
0.271966 
0.380937 
0.522065 
0.700192 
0.919194 
1.181328 
1.486572 
1.832042 
2.211579 
2.615605 
3.031292 
3.443107 
3.833682 
4.184977 
4.479615 
4.702257 
4.840877 
4.887781 
4.840263 
4.700821 
4.476892 
4.180142 
3.825381 
3.429215 
3.008575 
2.579284 
2.154792 
1.745203 
1.356684 
0.991285 
0.647170 
0.319232 
0.000000 
0.009608 
0.021205 
0.036978 
0.059502 
0.091897 
0.137935 
0.202073 
0.289383 
0.405358 
0.555566 
0.745162 
0.978275 
1.257312 
1.582252 
1.950026 
2.354080 
2.784215 
3.226777 
3.665224 
4.081064 
4.455089 
4.768794 
5.005846 
5.153439 
5.203379 
5.152787 
5.004320 
4.765899 
4.449948 
4.072237 
3.650450 
3.202616 
2.745583 
2.293673 
1.857645 
1.444065 
1.055111 
0.688830 
0.339778 
0.000000 
0.010065 
0.022214 
0.038740 
0.062341 
0.096289 
0.144538 
0.211760 
0.303275 
0.424842 
0.582301 
0.781060 
1.025451 
1.318000 
1.658686 
2.044296 
2.467957 
2.918978 
3.383038 
3.842793 
4.278850 
4.671064 
5.000027 
5.248612 
5.403386 
5.455756 
5.402703 
5.247014 
4.996996 
4.665680 
4.269605 
3.827318 
3.357728 
2.878506 
2.404668 
1.947500 
1.513884 
1.106105 
0.722111 
0.356192 
0.000000 
0.010420 
0.022997 
0.040108 
0.064547 
0.099702 
0.149670 
0.219293 
0.314082 
0.440005 
0.603113 
0.809014 
1.062197 
1.365281 
1.718251 
2.117775 
2.556736 
3.024055 
3.504897 
3.981286 
4.433126 
4.839540 
5.180418 
5.438007 
5.598389 
5.652658 
5.597682 
5.436354 
5.177281 
4.833968 
4.423556 
3.965267 
3.478696 
2.982155 
2.491209 
2.017548 
1.568307 
1.145850 
0.748048 
0.368982 
0.000000 
0.010688 
0.023590 
0.041143 
0.066217 
0.102288 
0.153561 
0.225006 
0.322281 
0.451513 
0.618916 
0.830246 
1.090116 
1.401216 
1.763532 
2.173647 
2.624256 
3.103986 
3.597606 
4.086664 
4.550526 
4.967759 
5.317714 
5.582164 
5.746818 
5.802533 
5.746094 
5.580469 
5.314497 
4.962045 
4.540712 
4.070234 
3.570731 
3.061005 
2.557034 
2.070821 
1.609691 
1.176068 
0.767766 
0.378706 
0.000000 
0.010886 
0.024027 
0.041908 
0.067450 
0.104198 
0.156437 
0.229231 
0.328348 
0.460032 
0.630619 
0.845976 
1.110807 
1.427856 
1.797110 
2.215089 
2.674348 
3.163297 
3.666411 
4.164882 
4.637679 
5.062952 
5.419653 
5.689203 
5.857033 
5.913823 
5.856296 
5.687477 
5.416378 
5.057133 
4.627685 
4.148150 
3.639039 
3.119518 
2.605874 
2.110343 
1.640387 
1.198480 
0.782389 
0.385916 
0.000000 
0.011028 
0.024342 
0.042458 
0.068338 
0.105575 
0.158510 
0.232278 
0.332725 
0.466182 
0.639070 
0.857339 
1.125759 
1.447113 
1.821389 
2.245062 
2.710586 
3.206213 
3.716207 
4.221500 
4.700771 
5.131872 
5.493463 
5.766710 
5.936843 
5.994412 
5.936096 
5.764962 
5.490146 
5.125978 
4.690648 
4.204550 
3.688478 
3.161861 
2.641212 
2.138933 
1.662590 
1.214688 
0.792963 
0.391129 
0.000000 
0.011128 
0.024562 
0.042843 
0.068961 
0.106540 
0.159965 
0.234418 
0.335801 
0.470504 
0.645013 
0.865334 
1.136283 
1.460672 
1.838490 
2.266180 
2.736125 
3.236465 
3.751314 
4.261422 
4.745265 
5.180481 
5.545526 
5.821384 
5.993143 
6.051262 
5.992389 
5.819621 
5.542180 
5.174535 
4.735052 
4.244320 
3.723334 
3.191710 
2.666118 
2.159081 
1.678234 
1.226106 
0.800411 
0.394801 
0.000000 
0.011195 
0.024712 
0.043105 
0.069385 
0.107198 
0.160957 
0.235877 
0.337900 
0.473456 
0.649073 
0.870798 
1.143479 
1.469946 
1.850190 
2.280632 
2.753606 
3.257177 
3.775355 
4.288766 
4.775745 
5.213783 
5.581197 
5.858846 
6.031720 
6.090218 
6.030962 
5.857072 
5.577831 
5.207801 
4.765469 
4.271560 
3.747206 
3.212149 
2.683170 
2.172872 
1.688940 
1.233919 
0.805507 
0.397314 
0.000000 
0.011240 
0.024810 
0.043277 
0.069663 
0.107630 
0.161608 
0.236837 
0.339280 
0.475398 
0.651746 
0.874396 
1.148218 
1.476057 
1.857902 
2.290161 
2.765136 
3.270840 
3.791218 
4.306810 
4.795861 
5.235764 
5.604744 
5.883577 
6.057189 
6.115936 
6.056428 
5.881796 
5.601365 
5.229760 
4.785545 
4.289537 
3.762957 
3.225633 
2.694417 
2.181967 
1.695999 
1.239071 
0.808867 
0.398970 
0.000000 
0.011267 
0.024871 
0.043384 
0.069835 
0.107897 
0.162011 
0.237430 
0.340134 
0.476601 
0.653402 
0.876626 
1.151157 
1.479847 
1.862687 
2.296074 
2.772293 
3.279324 
3.801068 
4.318017 
4.808356 
5.249420 
5.619373 
5.898942 
6.073013 
6.131915 
6.072250 
5.897157 
5.615986 
5.243400 
4.798016 
4.300702 
3.772738 
3.234005 
2.701400 
2.187612 
1.700381 
1.242267 
0.810951 
0.399997 
0.000000 
0.011282 
0.024903 
0.043441 
0.069928 
0.108041 
0.162229 
0.237751 
0.340596 
0.477250 
0.654296 
0.877832 
1.152746 
1.481897 
1.865275 
2.299274 
2.776165 
3.283914 
3.806399 
4.324083 
4.815120 
5.256812 
5.627293 
5.907261 
6.081580 
6.140567 
6.080817 
5.905474 
5.623902 
5.250785 
4.804767 
4.306746 
3.778032 
3.238536 
2.705178 
2.190667 
1.702751 
1.243996 
0.812079 
0.400553 
0.000000 
0.011286 
0.024914 
0.043459 
0.069957 
0.108086 
0.162297 
0.237852 
0.340741 
0.477455 
0.654578 
0.878212 
1.153247 
1.482543 
1.866092 
2.300283 
2.777386 
3.285362 
3.808081 
4.325997 
4.817254 
5.259145 
5.629792 
5.909887 
6.084284 
6.143297 
6.083520 
5.908099 
5.626400 
5.253115 
4.806897 
4.308652 
3.779703 
3.239966 
2.706370 
2.191630 
1.703499 
1.244542 
0.812434 
0.400728 
0.000000 
0.011282 
0.024903 
0.043441 
0.069928 
0.108041 
0.162229 
0.237751 
0.340596 
0.477250 
0.654296 
0.877832 
1.152746 
1.481897 
1.865275 
2.299274 
2.776165 
3.283914 
3.806399 
4.324083 
4.815120 
5.256812 
5.627293 
5.907261 
6.081580 
6.140567 
6.080817 
5.905474 
5.623902 
5.250785 
4.804767 
4.306746 
3.778032 
3.238536 
2.705178 
2.190667 
1.702751 
1.243996 
0.812079 
0.400553 
0.000000 
0.011267 
0.024871 
0.043384 
0.069835 
0.107897 
0.162011 
0.237430 
0.340134 
0.476601 
0.653402 
0.876626 
1.151157 
1.479847 
1.862687 
2.296074 
2.772293 
3.279324 
3.801068 
4.318017 
4.808356 
5.249420 
5.619373 
5.898942 
6.073013 
6.131915 
6.072250 
5.897157 
5.615986 
5.243400 
4.798016 
4.300702 
3.772738 
3.234005 
2.701400 
2.187612 
1.700381 
1.242267 
0.810951 
0.399997 
0.000000 
0.011240 
0.024810 
0.043277 
0.069663 
0.107630 
0.161608 
0.236837 
0.339280 
0.475398 
0.651746 
0.874396 
1.148218 
1.476057 
1.857902 
2.290161 
2.765136 
3.270840 
3.791218 
4.306810 
4.795861 
5.235764 
5.604744 
5.883577 
6.057189 
6.115936 
6.056428 
5.881796 
5.601365 
5.229760 
4.785545 
4.289537 
3.762957 
3.225633 
2.694417 
2.181967 
1.695999 
1.239071 
0.808867 
0.398970 
0.000000 
0.011195 
0.024712 
0.043105 
0.069385 
0.107198 
0.160957 
0.235877 
0.337900 
0.473456 
0.649073 
0.870798 
1.143479 
1.469946 
1.850190 
2.280632 
2.753606 
3.257177 
3.775355 
4.288766 
4.775745 
5.213783 
5.581197 
5.858846 
6.031720 
6.090218 
6.030962 
5.857072 
5.577831 
5.207801 
4.765469 
4.271560 
3.747206 
3.212149 
2.683170 
2.172872 
1.688940 
1.233919 
0.805507 
0.397314 
0.000000 
0.011128 
0.024562 
0.042843 
0.068961 
0.106540 
0.159965 
0.234418 
0.335801 
0.470504 
0.645013 
0.865334 
1.136283 
1.460672 
1.838490 
2.266180 
2.736125 
3.236465 
3.751314 
4.261422 
4.745265 
5.180481 
5.545526 
5.821384 
5.993143 
6.051262 
5.992389 
5.819621 
5.542180 
5.174535 
4.735052 
4.244320 
3.723334 
3.191710 
2.666118 
2.159081 
1.678234 
1.226106 
0.800411 
0.394801 
0.000000 
0.011028 
0.024342 
0.042458 
0.068338 
0.105575 
0.158510 
0.232278 
0.332725 
0.466182 
0.639070 
0.857339 
1.125759 
1.447113 
1.821389 
2.245062 
2.710586 
3.206213 
3.716207 
4.221500 
4.700771 
5.131872 
5.493463 
5.766710 
5.936843 
5.994412 
5.936096 
5.764962 
5.490146 
5.125978 
4.690648 
4.204550 
3.688478 
3.161861 
2.641212 
2.138933 
1.662590 
1.214688 
0.792963 
0.391129 
0.000000 
0.010886 
0.024027 
0.041908 
0.067450 
0.104198 
0.156437 
0.229231 
0.328348 
0.460032 
0.630619 
0.845976 
1.110807 
1.427856 
1.797110 
2.215089 
2.674348 
3.163297 
3.666411 
4.164882 
4.637679 
5.062952 
5.419653 
5.689203 
5.857033 
5.913823 
5.856296 
5.687477 
5.416378 
5.057133 
4.627685 
4.148150 
3.639039 
3.119518 
2.605874 
2.110343 
1.640387 
1.198480 
0.782389 
0.385916 
0.000000 
0.010688 
0.023590 
0.041143 
0.066217 
0.102288 
0.153561 
0.225006 
0.322281 
0.451513 
0.618916 
0.830246 
1.090116 
1.401216 
1.763532 
2.173647 
2.624256 
3.103986 
3.597606 
4.086664 
4.550526 
4.967759 
5.317714 
5.582164 
5.746818 
5.802533 
5.746094 
5.580469 
5.314497 
4.962045 
4.540712 
4.070234 
3.570731 
3.061005 
2.557034 
2.070821 
1.609691 
1.176068 
0.767766 
0.378706 
0.000000 
0.010420 
0.022997 
0.040108 
0.064547 
0.099702 
0.149670 
0.219293 
0.314082 
0.440005 
0.603113 
0.809014 
1.062197 
1.365281 
1.718251 
2.117775 
2.556736 
3.024055 
3.504897 
3.981286 
4.433126 
4.839540 
5.180418 
5.438007 
5.598389 
5.652658 
5.597682 
5.436354 
5.177281 
4.833968 
4.423556 
3.965267 
3.478696 
2.982155 
2.491209 
2.017548 
1.568307 
1.145850 
0.748048 
0.368982 
0.000000 
0.010065 
0.022214 
0.038740 
0.062341 
0.096289 
0.144538 
0.211760 
0.303275 
0.424842 
0.582301 
0.781060 
1.025451 
1.318000 
1.658686 
2.044296 
2.467957 
2.918978 
3.383038 
3.842793 
4.278850 
4.671064 
5.000027 
5.248612 
5.403386 
5.455756 
5.402703 
5.247014 
4.996996 
4.665680 
4.269605 
3.827318 
3.357728 
2.878506 
2.404668 
1.947500 
1.513884 
1.106105 
0.722111 
0.356192 
0.000000 
0.009608 
0.021205 
0.036978 
0.059502 
0.091897 
0.137935 
0.202073 
0.289383 
0.405358 
0.555566 
0.745162 
0.978275 
1.257312 
1.582252 
1.950026 
2.354080 
2.784215 
3.226777 
3.665224 
4.081064 
4.455089 
4.768794 
5.005846 
5.153439 
5.203379 
5.152787 
5.004320 
4.765899 
4.449948 
4.072237 
3.650450 
3.202616 
2.745583 
2.293673 
1.857645 
1.444065 
1.055111 
0.688830 
0.339778 
0.000000 
0.009034 
0.019937 
0.034764 
0.055936 
0.086383 
0.129650 
0.189922 
0.271966 
0.380937 
0.522065 
0.700192 
0.919194 
1.181328 
1.486572 
1.832042 
2.211579 
2.615605 
3.031292 
3.443107 
3.833682 
4.184977 
4.479615 
4.702257 
4.840877 
4.887781 
4.840263 
4.700821 
4.476892 
4.180142 
3.825381 
3.429215 
3.008575 
2.579284 
2.154792 
1.745203 
1.356684 
0.991285 
0.647170 
0.319232 
0.000000 
0.008330 
0.018383 
0.032052 
0.051569 
0.079634 
0.119512 
0.175059 
0.250666 
0.351081 
0.481122 
0.645245 
0.847020 
1.088525 
1.369736 
1.687994 
2.037625 
2.409805 
2.792719 
3.172058 
3.531826 
3.855407 
4.126798 
4.331872 
4.459554 
4.502756 
4.458987 
4.330548 
4.124287 
3.850947 
3.524170 
3.159246 
2.771771 
2.376317 
1.985270 
1.607939 
1.250004 
0.913354 
0.596301 
0.294142 
0.000000 
0.007489 
0.016526 
0.028814 
0.046356 
0.071578 
0.107414 
0.157328 
0.225263 
0.315484 
0.432315 
0.579760 
0.761023 
0.977966 
1.230569 
1.516440 
1.830482 
2.164769 
2.508689 
2.849391 
3.172511 
3.463127 
3.706866 
3.891044 
4.005715 
4.044514 
4.005206 
3.889853 
3.704607 
3.459116 
3.165626 
2.837872 
2.489856 
2.134664 
1.783420 
1.444483 
1.122957 
0.820538 
0.535712 
0.264257 
0.000000 
0.006510 
0.014364 
0.025042 
0.040286 
0.062201 
0.093337 
0.136701 
0.195717 
0.274090 
0.375573 
0.503643 
0.661079 
0.849499 
1.068881 
1.317149 
1.589875 
1.880176 
2.178835 
2.474696 
2.755283 
3.007642 
3.219293 
3.379223 
3.478796 
3.512487 
3.478354 
3.378188 
3.217329 
3.004155 
2.749298 
2.464682 
2.162465 
1.854010 
1.548975 
1.254619 
0.975372 
0.712710 
0.465320 
0.229536 
0.000000 
0.005397 
0.011908 
0.020760 
0.033395 
0.051559 
0.077364 
0.113301 
0.162206 
0.227148 
0.311238 
0.417352 
0.547793 
0.703901 
0.885655 
1.091335 
1.317272 
1.557763 
1.805175 
2.050264 
2.282697 
2.491745 
2.667070 
2.799550 
2.882032 
2.909940 
2.881664 
2.798691 
2.665441 
2.488853 
2.277735 
2.041961 
1.791603 
1.536072 
1.283367 
1.039503 
0.808149 
0.590528 
0.385553 
0.190190 
0.000000 
0.004165 
0.009190 
0.016020 
0.025769 
0.039783 
0.059691 
0.087414 
0.125141 
0.175236 
0.240099 
0.321948 
0.422559 
0.542962 
0.683143 
0.841773 
1.016023 
1.201495 
1.392300 
1.581312 
1.760563 
1.921776 
2.056983 
2.159148 
2.222756 
2.244277 
2.222472 
2.158485 
2.055726 
1.919544 
1.756732 
1.574905 
1.381827 
1.184756 
0.989861 
0.801779 
0.623342 
0.455492 
0.297391 
0.146701 
0.000000 
0.002835 
0.006255 
0.010904 
0.017539 
0.027077 
0.040624 
0.059491 
0.085163 
0.119252 
0.163388 
0.219081 
0.287539 
0.369462 
0.464840 
0.572769 
0.691324 
0.817512 
0.947327 
1.075921 
1.197873 
1.307553 
1.399539 
1.469045 
1.512319 
1.526961 
1.512126 
1.468594 
1.398683 
1.306033 
1.195266 
1.071560 
0.940198 
0.806118 
0.673517 
0.545549 
0.424140 
0.309933 
0.202357 
0.099822 
0.000000 
0.001436 
0.003167 
0.005521 
0.008881 
0.013710 
0.020569 
0.030121 
0.043119 
0.060377 
0.082721 
0.110916 
0.145572 
0.187045 
0.235329 
0.289966 
0.349982 
0.413861 
0.479576 
0.544672 
0.606406 
0.661927 
0.708491 
0.743675 
0.765581 
0.772993 
0.765483 
0.743447 
0.708057 
0.661157 
0.605085 
0.542463 
0.475966 
0.408092 
0.340965 
0.276184 
0.214722 
0.156905 
0.102445 
0.050536 
0.000000 
0.000000 
0.000000 
0.000000 
0.000000 
0.000000 
0.000000 
0.000000 
0.000000 
0.000000 
0.000000 
0.000000 
0.000000 
0.000000 
0.000000 
0.000000 
0.000000 
0.000000 
0.000000 
0.000000 
0.000000 
0.000000 
0.000000 
0.000000 
0.000000 
0.000000 
0.000000 
0.000000 
0.000000 
0.000000 
0.000000 
0.000000 
0.000000 
0.000000 
0.000000 
0.000000 
0.000000 
0.000000 
0.000000 
0.000000 
0.000000 
