# z = ,(t = 4)
0.007181 
0.014675 
0.022786 
0.031810 
0.042020 
0.053661 
0.066943 
0.082025 
0.099006 
0.117916 
0.138704 
0.161227 
0.185251 
0.210443 
0.236379 
0.262549 
0.288375 
0.313225 
0.336441 
0.357364 
0.375364 
0.389863 
0.400367 
0.406487 
0.407952 
0.404623 
0.396494 
0.383685 
0.366430 
0.345060 
0.319978 
0.291635 
0.260503 
0.227054 
0.191735 
0.154959 
0.117095 
0.078465 
0.039350 
0.000000 
0.014273 
0.029166 
0.045288 
0.063223 
0.083515 
0.106653 
0.133051 
0.163027 
0.196778 
0.234363 
0.275680 
0.320447 
0.368197 
0.418268 
0.469818 
0.521833 
0.573163 
0.622555 
0.668699 
0.710287 
0.746062 
0.774881 
0.795759 
0.807923 
0.810835 
0.804219 
0.788062 
0.762602 
0.728307 
0.685832 
0.635979 
0.579645 
0.517769 
0.451285 
0.381086 
0.307992 
0.232735 
0.155955 
0.078210 
0.000000 
0.021188 
0.043297 
0.067231 
0.093856 
0.123980 
0.158331 
0.197520 
0.242021 
0.292127 
0.347926 
0.409265 
0.475726 
0.546615 
0.620952 
0.697483 
0.774706 
0.850912 
0.924239 
0.992747 
1.054489 
1.107602 
1.150387 
1.181384 
1.199442 
1.203766 
1.193945 
1.169958 
1.132160 
1.081244 
1.018185 
0.944174 
0.860540 
0.768678 
0.669976 
0.565759 
0.457244 
0.345517 
0.231529 
0.116110 
0.000000 
0.027847 
0.056905 
0.088361 
0.123355 
0.162949 
0.208097 
0.259606 
0.318096 
0.383954 
0.457295 
0.537917 
0.625274 
0.718450 
0.816158 
0.916751 
1.018254 
1.118420 
1.214804 
1.304852 
1.386007 
1.455821 
1.512058 
1.552802 
1.576539 
1.582224 
1.569315 
1.537786 
1.488104 
1.421180 
1.338295 
1.241014 
1.131085 
1.010341 
0.880608 
0.743626 
0.600995 
0.454142 
0.304318 
0.152613 
0.000000 
0.034180 
0.069845 
0.108455 
0.151407 
0.200006 
0.255422 
0.318648 
0.390442 
0.471282 
0.561307 
0.660271 
0.767502 
0.881877 
1.001816 
1.125297 
1.249895 
1.372853 
1.491167 
1.601705 
1.701328 
1.787027 
1.856062 
1.906078 
1.935217 
1.942195 
1.926350 
1.887648 
1.826662 
1.744511 
1.642768 
1.523353 
1.388413 
1.240198 
1.080948 
0.912801 
0.737721 
0.557459 
0.373550 
0.187333 
0.000000 
0.040125 
0.081995 
0.127322 
0.177747 
0.234802 
0.299862 
0.374090 
0.458380 
0.553290 
0.658985 
0.775176 
0.901074 
1.035361 
1.176181 
1.321160 
1.467452 
1.611818 
1.750734 
1.880519 
1.997489 
2.098112 
2.179168 
2.237894 
2.272108 
2.280302 
2.261699 
2.216259 
2.144656 
2.048202 
1.928745 
1.788540 
1.630108 
1.456089 
1.269116 
1.071698 
0.866139 
0.654497 
0.438575 
0.219942 
0.000000 
0.045637 
0.093260 
0.144813 
0.202167 
0.267063 
0.341065 
0.425496 
0.521373 
0.629332 
0.749559 
0.881726 
1.024937 
1.177691 
1.337878 
1.502797 
1.669210 
1.833434 
1.991458 
2.139096 
2.272156 
2.386622 
2.478829 
2.545634 
2.584556 
2.593880 
2.572719 
2.521030 
2.439579 
2.329859 
2.193973 
2.034485 
1.854264 
1.656314 
1.443628 
1.219061 
0.985236 
0.744492 
0.498879 
0.250184 
0.000000 
0.050682 
0.103569 
0.160823 
0.224519 
0.296592 
0.378780 
0.472552 
0.579037 
0.698943 
0.832476 
0.979272 
1.138335 
1.308000 
1.485921 
1.669100 
1.853940 
2.036348 
2.211872 
2.375860 
2.523657 
2.650800 
2.753220 
2.827425 
2.870659 
2.881016 
2.857514 
2.800103 
2.709634 
2.587766 
2.436834 
2.259689 
2.059515 
1.839651 
1.603421 
1.353995 
1.094286 
0.826895 
0.554096 
0.277875 
0.000000 
0.055240 
0.112884 
0.175287 
0.244714 
0.323272 
0.412857 
0.515070 
0.631143 
0.761845 
0.907405 
1.067423 
1.240815 
1.425764 
1.619717 
1.819402 
2.020898 
2.219746 
2.411089 
2.589858 
2.750977 
2.889581 
3.001234 
3.082130 
3.129262 
3.140555 
3.114936 
3.052353 
2.953733 
2.820883 
2.656352 
2.463245 
2.245036 
2.005362 
1.747850 
1.475954 
1.192851 
0.901375 
0.604004 
0.302903 
0.000000 
0.059303 
0.121187 
0.188182 
0.262717 
0.347058 
0.443239 
0.552979 
0.677602 
0.817934 
0.974219 
1.146030 
1.332202 
1.530786 
1.739038 
1.953446 
2.169802 
2.383314 
2.588770 
2.780725 
2.953729 
3.102558 
3.222449 
3.309313 
3.359925 
3.372053 
3.344546 
3.277350 
3.171458 
3.028813 
2.852150 
2.644806 
2.410508 
2.153166 
1.876670 
1.584732 
1.280763 
0.967803 
0.648516 
0.325225 
0.000000 
0.062875 
0.128487 
0.199519 
0.278546 
0.367972 
0.469953 
0.586314 
0.718456 
0.867258 
1.032977 
1.215163 
1.412578 
1.623156 
1.843988 
2.071350 
2.300779 
2.527194 
2.745066 
2.948624 
3.132085 
3.289912 
3.417051 
3.509167 
3.562840 
3.575704 
3.546537 
3.475281 
3.362992 
3.211730 
3.024394 
2.804523 
2.556072 
2.283186 
1.989990 
1.680421 
1.358095 
1.026238 
0.687672 
0.344862 
0.000000 
0.065970 
0.134811 
0.209340 
0.292260 
0.386092 
0.493099 
0.615197 
0.753857 
0.909999 
1.083896 
1.275074 
1.482234 
1.703210 
1.934949 
2.173541 
2.414303 
2.651905 
2.880543 
3.094159 
3.286688 
3.452315 
3.585739 
3.682410 
3.738738 
3.752240 
3.721634 
3.646860 
3.529025 
3.370291 
3.173703 
2.942973 
2.682252 
2.395890 
2.088218 
1.763366 
1.425128 
1.076889 
0.721613 
0.361882 
0.000000 
0.068607 
0.140201 
0.217712 
0.303950 
0.401538 
0.512831 
0.639820 
0.784037 
0.946439 
1.127310 
1.326157 
1.541629 
1.771474 
2.012514 
2.260686 
2.511116 
2.758260 
2.996081 
3.218279 
3.418543 
3.590825 
3.729611 
3.830168 
3.888760 
3.902807 
3.870974 
3.793199 
3.670634 
3.505527 
3.301046 
3.061054 
2.789868 
2.492013 
2.171993 
1.834105 
1.482296 
1.120087 
0.750558 
0.376398 
0.000000 
0.070813 
0.144710 
0.224714 
0.313728 
0.414459 
0.529338 
0.660421 
0.809287 
0.976929 
1.163636 
1.368901 
1.591331 
1.828599 
2.077426 
2.333615 
2.592139 
2.847271 
3.092780 
3.322162 
3.528902 
3.706756 
3.850031 
3.953841 
4.014330 
4.028833 
3.995974 
3.915687 
3.789161 
3.618721 
3.407633 
3.159888 
2.879942 
2.572466 
2.242111 
1.893312 
1.530144 
1.156242 
0.774784 
0.388547 
0.000000 
0.072616 
0.148395 
0.230437 
0.321720 
0.425020 
0.542830 
0.677259 
0.829928 
1.001853 
1.193333 
1.403846 
1.631965 
1.875303 
2.130498 
2.393246 
2.658388 
2.920053 
3.171851 
3.407109 
3.619146 
3.801557 
3.948504 
4.054976 
4.117016 
4.131893 
4.098194 
4.015852 
3.886089 
3.711285 
3.494795 
3.240709 
2.953598 
2.638255 
2.299448 
1.941727 
1.569270 
1.185806 
0.794594 
0.398481 
0.000000 
0.074044 
0.151313 
0.234970 
0.328050 
0.433386 
0.553518 
0.690598 
0.846280 
1.021599 
1.216861 
1.431534 
1.664162 
1.912312 
2.172554 
2.440499 
2.710888 
2.977732 
3.234515 
3.474430 
3.690666 
3.876690 
4.026548 
4.135130 
4.198400 
4.213573 
4.179209 
4.095239 
3.962909 
3.784647 
3.563874 
3.304762 
3.011974 
2.690394 
2.344889 
1.980096 
1.600278 
1.209236 
0.810294 
0.406354 
0.000000 
0.075124 
0.153520 
0.238397 
0.332836 
0.439710 
0.561598 
0.700684 
0.858644 
1.036531 
1.234653 
1.452472 
1.688511 
1.940299 
2.204359 
2.476236 
2.750594 
3.021356 
3.281908 
3.525348 
3.744760 
3.933518 
4.085578 
4.195755 
4.259957 
4.275354 
4.240487 
4.155285 
4.021013 
3.840136 
3.616124 
3.353210 
3.056126 
2.729830 
2.379258 
2.009117 
1.623731 
1.226956 
0.822168 
0.412309 
0.000000 
0.075878 
0.155060 
0.240790 
0.336178 
0.444126 
0.567240 
0.707726 
0.867277 
1.046956 
1.247076 
1.467092 
1.705513 
1.959843 
2.226569 
2.501193 
2.778322 
3.051820 
3.315007 
3.560908 
3.782539 
3.973205 
4.126804 
4.238096 
4.302948 
4.318502 
4.283284 
4.197222 
4.061594 
3.878890 
3.652615 
3.387046 
3.086962 
2.757372 
2.403261 
2.029384 
1.640109 
1.239332 
0.830460 
0.416467 
0.000000 
0.076322 
0.155970 
0.242202 
0.338150 
0.446733 
0.570572 
0.711884 
0.872375 
1.053113 
1.254412 
1.475726 
1.715553 
1.971384 
2.239685 
2.515931 
2.794698 
3.069812 
3.334555 
3.581909 
3.804851 
3.996645 
4.151152 
4.263103 
4.328339 
4.343986 
4.308560 
4.221990 
4.085561 
3.901778 
3.674166 
3.407029 
3.105174 
2.773638 
2.417437 
2.041354 
1.649783 
1.246641 
0.835358 
0.418923 
0.000000 
0.076470 
0.156270 
0.242669 
0.338803 
0.447595 
0.571673 
0.713259 
0.874060 
1.055148 
1.256838 
1.478580 
1.718873 
1.975200 
2.244022 
2.520804 
2.800112 
3.075761 
3.341017 
3.588853 
3.812227 
4.004395 
4.159202 
4.271371 
4.336734 
4.352412 
4.316917 
4.230179 
4.093485 
3.909345 
3.681292 
3.413637 
3.111195 
2.779016 
2.422124 
2.045312 
1.652981 
1.249058 
0.836977 
0.419735 
0.000000 
0.076322 
0.155970 
0.242202 
0.338150 
0.446733 
0.570572 
0.711884 
0.872375 
1.053113 
1.254412 
1.475726 
1.715553 
1.971384 
2.239685 
2.515931 
2.794698 
3.069812 
3.334555 
3.581909 
3.804851 
3.996645 
4.151152 
4.263103 
4.328339 
4.343986 
4.308560 
4.221990 
4.085561 
3.901778 
3.674166 
3.407029 
3.105174 
2.773638 
2.417437 
2.041354 
1.649783 
1.246641 
0.835358 
0.418923 
0.000000 
0.075878 
0.155060 
0.240790 
0.336178 
0.444126 
0.567240 
0.707726 
0.867277 
1.046956 
1.247076 
1.467092 
1.705513 
1.959843 
2.226569 
2.501193 
2.778322 
3.051820 
3.315007 
3.560908 
3.782539 
3.973205 
4.126804 
4.238096 
4.302948 
4.318502 
4.283284 
4.197222 
4.061594 
3.878890 
3.652615 
3.387046 
3.086962 
2.757372 
2.403261 
2.029384 
1.640109 
1.239332 
0.830460 
0.416467 
0.000000 
0.075124 
0.153520 
0.238397 
0.332836 
0.439710 
0.561598 
0.700684 
0.858644 
1.036531 
1.234653 
1.452472 
1.688511 
1.940299 
2.204359 
2.476236 
2.750594 
3.021356 
3.281908 
3.525348 
3.744760 
3.933518 
4.085578 
4.195755 
4.259957 
4.275354 
4.240487 
4.155285 
4.021013 
3.840136 
3.616124 
3.353210 
3.056126 
2.729830 
2.379258 
2.009117 
1.623731 
1.226956 
0.822168 
0.412309 
0.000000 
0.074044 
0.151313 
0.234970 
0.328050 
0.433386 
0.553518 
0.690598 
0.846280 
1.021599 
1.216861 
1.431534 
1.664162 
1.912312 
2.172554 
2.440499 
2.710888 
2.977732 
3.234515 
3.474430 
3.690666 
3.876690 
4.026548 
4.135130 
4.198400 
4.213573 
4.179209 
4.095239 
3.962909 
3.784647 
3.563874 
3.304762 
3.011974 
2.690394 
2.344889 
1.980096 
1.600278 
1.209236 
0.810294 
0.406354 
0.000000 
0.072616 
0.148395 
0.230437 
0.321720 
0.425020 
0.542830 
0.677259 
0.829928 
1.001853 
1.193333 
1.403846 
1.631965 
1.875303 
2.130498 
2.393246 
2.658388 
2.920053 
3.171851 
3.407109 
3.619146 
3.801557 
3.948504 
4.054976 
4.117016 
4.131893 
4.098194 
4.015852 
3.886089 
3.711285 
3.494795 
3.240709 
2.953598 
2.638255 
2.299448 
1.941727 
1.569270 
1.185806 
0.794594 
0.398481 
0.000000 
0.070813 
0.144710 
0.224714 
0.313728 
0.414459 
0.529338 
0.660421 
0.809287 
0.976929 
1.163636 
1.368901 
1.591331 
1.828599 
2.077426 
2.333615 
2.592139 
2.847271 
3.092780 
3.322162 
3.528902 
3.706756 
3.850031 
3.953841 
4.014330 
4.028833 
3.995974 
3.915687 
3.789161 
3.618721 
3.407633 
3.159888 
2.879942 
2.572466 
2.242111 
1.893312 
1.530144 
1.156242 
0.774784 
0.388547 
0.000000 
0.068607 
0.140201 
0.217712 
0.303950 
0.401538 
0.512831 
0.639820 
0.784037 
0.946439 
1.127310 
1.326157 
1.541629 
1.771474 
2.012514 
2.260686 
2.511116 
2.758260 
2.996081 
3.218279 
3.418543 
3.590825 
3.729611 
3.830168 
3.888760 
3.902807 
3.870974 
3.793199 
3.670634 
3.505527 
3.301046 
3.061054 
2.789868 
2.492013 
2.171993 
1.834105 
1.482296 
1.120087 
0.750558 
0.376398 
0.000000 
0.065970 
0.134811 
0.209340 
0.292260 
0.386092 
0.493099 
0.615197 
0.753857 
0.909999 
1.083896 
1.275074 
1.482234 
1.703210 
1.934949 
2.173541 
2.414303 
2.651905 
2.880543 
3.094159 
3.286688 
3.452315 
3.585739 
3.682410 
3.738738 
3.752240 
3.721634 
3.646860 
3.529025 
3.370291 
3.173703 
2.942973 
2.682252 
2.395890 
2.088218 
1.763366 
1.425128 
1.076889 
0.721613 
0.361882 
0.000000 
0.062875 
0.128487 
0.199519 
0.278546 
0.367972 
0.469953 
0.586314 
0.718456 
0.867258 
1.032977 
1.215163 
1.412578 
1.623156 
1.843988 
2.071350 
2.300779 
2.527194 
2.745066 
2.948624 
3.132085 
3.289912 
3.417051 
3.509167 
3.562840 
3.575704 
3.546537 
3.475281 
3.362992 
3.211730 
3.024394 
2.804523 
2.556072 
2.283186 
1.989990 
1.680421 
1.358095 
1.026238 
0.687672 
0.344862 
0.000000 
0.059303 
0.121187 
0.188182 
0.262717 
0.347058 
0.443239 
0.552979 
0.677602 
0.817934 
0.974219 
1.146030 
1.332202 
1.530786 
1.739038 
1.953446 
2.169802 
2.383314 
2.588770 
2.780725 
2.953729 
3.102558 
3.222449 
3.309313 
3.359925 
3.372053 
3.344546 
3.277350 
3.171458 
3.028813 
2.852150 
2.644806 
2.410508 
2.153166 
1.876670 
1.584732 
1.280763 
0.967803 
0.648516 
0.325225 
0.000000 
0.055240 
0.112884 
0.175287 
0.244714 
0.323272 
0.412857 
0.515070 
0.631143 
0.761845 
0.907405 
1.067423 
1.240815 
1.425764 
1.619717 
1.819402 
2.020898 
2.219746 
2.411089 
2.589858 
2.750977 
2.889581 
3.001234 
3.082130 
3.129262 
3.140555 
3.114936 
3.052353 
2.953733 
2.820883 
2.656352 
2.463245 
2.245036 
2.005362 
1.747850 
1.475954 
1.192851 
0.901375 
0.604004 
0.302903 
0.000000 
0.050682 
0.103569 
0.160823 
0.224519 
0.296592 
0.378780 
0.472552 
0.579037 
0.698943 
0.832476 
0.979272 
1.138335 
1.308000 
1.485921 
1.669100 
1.853940 
2.036348 
2.211872 
2.375860 
2.523657 
2.650800 
2.753220 
2.827425 
2.870659 
2.881016 
2.857514 
2.800103 
2.709634 
2.587766 
2.436834 
2.259689 
2.059515 
1.839651 
1.603421 
1.353995 
1.094286 
0.826895 
0.554096 
0.277875 
0.000000 
0.045637 
0.093260 
0.144813 
0.202167 
0.267063 
0.341065 
0.425496 
0.521373 
0.629332 
0.749559 
0.881726 
1.024937 
1.177691 
1.337878 
1.502797 
1.669210 
1.833434 
1.991458 
2.139096 
2.272156 
2.386622 
2.478829 
2.545634 
2.584556 
2.593880 
2.572719 
2.521030 
2.439579 
2.329859 
2.193973 
2.034485 
1.854264 
1.656314 
1.443628 
1.219061 
0.985236 
0.744492 
0.498879 
0.250184 
0.000000 
0.040125 
0.081995 
0.127322 
0.177747 
0.234802 
0.299862 
0.374090 
0.458380 
0.553290 
0.658985 
0.775176 
0.901074 
1.035361 
1.176181 
1.321160 
1.467452 
1.611818 
1.750734 
1.880519 
1.997489 
2.098112 
2.179168 
2.237894 
2.272108 
2.280302 
2.261699 
2.216259 
2.144656 
2.048202 
1.928745 
1.788540 
1.630108 
1.456089 
1.269116 
1.071698 
0.866139 
0.654497 
0.438575 
0.219942 
0.000000 
0.034180 
0.069845 
0.108455 
0.151407 
0.200006 
0.255422 
0.318648 
0.390442 
0.471282 
0.561307 
0.660271 
0.767502 
0.881877 
1.001816 
1.125297 
1.249895 
1.372853 
1.491167 
1.601705 
1.701328 
1.787027 
1.856062 
1.906078 
1.935217 
1.942195 
1.926350 
1.887648 
1.826662 
1.744511 
1.642768 
1.523353 
1.388413 
1.240198 
1.080948 
0.912801 
0.737721 
0.557459 
0.373550 
0.187333 
0.000000 
0.027847 
0.056905 
0.088361 
0.123355 
0.162949 
0.208097 
0.259606 
0.318096 
0.383954 
0.457295 
0.537917 
0.625274 
0.718450 
0.816158 
0.916751 
1.018254 
1.118420 
1.214804 
1.304852 
1.386007 
1.455821 
1.512058 
1.552802 
1.576539 
1.582224 
1.569315 
1.537786 
1.488104 
1.421180 
1.338295 
1.241014 
1.131085 
1.010341 
0.880608 
0.743626 
0.600995 
0.454142 
0.304318 
0.152613 
0.000000 
0.021188 
0.043297 
0.067231 
0.093856 
0.123980 
0.158331 
0.197520 
0.242021 
0.292127 
0.347926 
0.409265 
0.475726 
0.546615 
0.620952 
0.697483 
0.774706 
0.850912 
0.924239 
0.992747 
1.054489 
1.107602 
1.150387 
1.181384 
1.199442 
1.203766 
1.193945 
1.169958 
1.132160 
1.081244 
1.018185 
0.944174 
0.860540 
0.768678 
0.669976 
0.565759 
0.457244 
0.345517 
0.231529 
0.116110 
0.000000 
0.014273 
0.029166 
0.045288 
0.063223 
0.083515 
0.106653 
0.133051 
0.163027 
0.196778 
0.234363 
0.275680 
0.320447 
0.368197 
0.418268 
0.469818 
0.521833 
0.573163 
0.622555 
0.668699 
0.710287 
0.746062 
0.774881 
0.795759 
0.807923 
0.810835 
0.804219 
0.788062 
0.762602 
0.728307 
0.685832 
0.635979 
0.579645 
0.517769 
0.451285 
0.381086 
0.307992 
0.232735 
0.155955 
0.078210 
0.000000 
0.007181 
0.014675 
0.022786 
0.031810 
0.042020 
0.053661 
0.066943 
0.082025 
0.099006 
0.117916 
0.138704 
0.161227 
0.185251 
0.210443 
0.236379 
0.262549 
0.288375 
0.313225 
0.336441 
0.357364 
0.375364 
0.389863 
0.400367 
0.406487 
0.407952 
0.404623 
0.396494 
0.383685 
0.366430 
0.345060 
0.319978 
0.291635 
0.260503 
0.227054 
0.191735 
0.154959 
0.117095 
0.078465 
0.039350 
0.000000 
0.000000 
0.000000 
0.000000 
0.000000 
0.000000 
0.000000 
0.000000 
0.000000 
0.000000 
0.000000 
0.000000 
0.000000 
0.000000 
0.000000 
0.000000 
0.000000 
0.000000 
0.000000 
0.000000 
0.000000 
0.000000 
0.000000 
0.000000 
0.000000 
0.000000 
0.000000 
0.000000 
0.000000 
0.000000 
0.000000 
0.000000 
0.000000 
0.000000 
0.000000 
0.000000 
0.000000 
0.000000 
0.000000 
0.000000 
0.000000 
