# z = ,(t = 1)
0.000032 
0.000092 
0.000224 
0.000513 
0.001126 
0.002364 
0.004756 
0.009170 
0.016938 
0.029978 
0.050841 
0.082646 
0.128821 
0.192633 
0.276527 
0.381381 
0.505849 
0.645978 
0.795243 
0.945066 
1.085703 
1.207352 
1.301230 
1.360464 
1.380704 
1.360464 
1.301230 
1.207350 
1.085697 
0.945051 
0.795205 
0.645883 
0.505624 
0.380867 
0.275401 
0.190270 
0.124065 
0.073476 
0.033902 
0.000000 
0.000063 
0.000180 
0.000436 
0.001000 
0.002193 
0.004607 
0.009272 
0.017878 
0.033027 
0.058459 
0.099155 
0.161202 
0.251291 
0.375799 
0.539500 
0.744113 
0.987014 
1.260486 
1.551797 
1.844200 
2.118679 
2.356102 
2.539325 
2.654931 
2.694433 
2.654931 
2.539323 
2.356098 
2.118669 
1.844171 
1.551723 
1.260302 
0.986576 
0.743113 
0.537307 
0.371192 
0.242019 
0.143324 
0.066128 
0.000000 
0.000091 
0.000258 
0.000627 
0.001438 
0.003154 
0.006627 
0.013341 
0.025731 
0.047544 
0.084171 
0.142791 
0.232180 
0.361987 
0.541411 
0.777341 
1.072259 
1.422389 
1.816609 
2.236562 
2.658102 
3.053810 
3.396097 
3.660247 
3.826915 
3.883865 
3.826915 
3.660245 
3.396092 
3.053795 
2.658061 
2.236456 
1.816345 
1.421760 
1.070820 
0.774186 
0.534784 
0.348646 
0.206449 
0.095247 
0.000000 
0.000114 
0.000325 
0.000790 
0.001812 
0.003975 
0.008354 
0.016823 
0.032456 
0.059988 
0.106227 
0.180249 
0.293147 
0.457125 
0.683816 
0.981939 
1.354646 
1.797168 
2.295451 
2.826290 
3.359154 
3.859376 
4.292074 
4.625996 
4.836689 
4.908681 
4.836688 
4.625993 
4.292067 
3.859357 
3.359103 
2.826157 
2.295119 
1.796376 
1.352833 
0.977964 
0.675461 
0.440301 
0.260691 
0.120261 
0.000000 
0.000133 
0.000379 
0.000921 
0.002114 
0.004640 
0.009756 
0.019653 
0.037928 
0.070123 
0.124209 
0.210816 
0.342940 
0.534883 
0.800283 
1.149369 
1.585845 
2.104138 
2.687789 
3.309612 
3.933833 
4.519833 
5.026736 
5.417925 
5.664753 
5.749092 
5.664752 
5.417923 
5.026728 
4.519811 
3.933774 
3.309457 
2.687402 
2.103215 
1.583730 
1.144728 
0.790527 
0.515230 
0.305012 
0.140693 
0.000000 
0.000148 
0.000420 
0.001022 
0.002346 
0.005152 
0.010836 
0.021837 
0.042157 
0.077968 
0.138145 
0.234533 
0.381616 
0.595335 
0.890904 
1.279734 
1.765973 
2.343423 
2.993746 
3.686649 
4.382255 
5.035286 
5.600180 
6.036126 
6.311194 
6.405182 
6.311193 
6.036123 
5.600172 
5.035261 
4.382188 
3.686477 
2.993317 
2.342398 
1.763626 
1.274582 
0.880067 
0.573498 
0.339458 
0.156566 
0.000000 
0.000158 
0.000450 
0.001095 
0.002516 
0.005526 
0.011627 
0.023439 
0.045265 
0.083740 
0.148416 
0.252036 
0.410191 
0.640051 
0.958000 
1.376340 
1.899553 
2.520980 
3.220892 
3.966676 
4.715403 
5.418323 
6.026382 
6.495641 
6.791729 
6.892900 
6.791728 
6.495638 
6.026372 
5.418297 
4.715332 
3.966492 
3.220432 
2.519882 
1.897036 
1.370814 
0.946373 
0.616612 
0.364927 
0.168296 
0.000000 
0.000165 
0.000471 
0.001146 
0.002633 
0.005785 
0.012177 
0.024555 
0.047435 
0.087779 
0.155615 
0.264323 
0.430282 
0.671529 
1.005287 
1.444493 
1.993869 
2.646437 
3.381480 
4.164743 
4.951128 
5.689420 
6.328086 
6.820968 
7.131962 
7.238225 
7.131961 
6.820965 
6.328076 
5.689393 
4.951054 
4.164550 
3.380999 
2.645288 
1.991236 
1.438708 
0.993110 
0.646974 
0.382847 
0.176544 
0.000000 
0.000170 
0.000484 
0.001179 
0.002710 
0.005956 
0.012540 
0.025295 
0.048876 
0.090467 
0.160416 
0.272533 
0.443727 
0.692626 
1.037020 
1.490280 
2.057295 
2.730872 
3.489630 
4.298206 
5.110031 
5.872223 
6.531571 
7.040416 
7.361482 
7.471187 
7.361481 
7.040413 
6.531561 
5.872195 
5.109954 
4.298007 
3.489136 
2.729690 
2.054584 
1.484323 
1.024480 
0.667331 
0.394851 
0.182065 
0.000000 
0.000173 
0.000493 
0.001200 
0.002758 
0.006063 
0.012769 
0.025761 
0.049786 
0.092170 
0.163463 
0.277755 
0.452295 
0.706091 
1.057304 
1.519584 
2.097932 
2.785020 
3.559038 
4.383909 
5.212117 
5.989703 
6.662374 
7.181504 
7.509058 
7.620980 
7.509057 
7.181500 
6.662364 
5.989675 
5.212039 
4.383707 
3.558536 
2.783817 
2.095173 
1.513521 
1.044536 
0.680331 
0.402508 
0.185585 
0.000000 
0.000175 
0.000498 
0.001212 
0.002786 
0.006127 
0.012905 
0.026040 
0.050334 
0.093197 
0.165305 
0.280918 
0.457496 
0.714280 
1.069660 
1.537459 
2.122749 
2.818121 
3.601502 
4.436376 
5.274646 
6.061689 
6.742544 
7.267991 
7.599532 
7.712816 
7.599531 
7.267988 
6.742534 
6.061660 
5.274568 
4.436173 
3.600995 
2.816905 
2.119962 
1.531332 
1.056755 
0.688240 
0.407162 
0.187721 
0.000000 
0.000176 
0.000500 
0.001219 
0.002802 
0.006163 
0.012983 
0.026200 
0.050647 
0.093786 
0.166366 
0.282744 
0.460504 
0.719027 
1.076834 
1.547854 
2.137200 
2.837417 
3.626279 
4.467012 
5.311176 
6.103760 
6.789413 
7.318563 
7.652440 
7.766523 
7.652439 
7.318559 
6.789403 
6.103731 
5.311097 
4.466807 
3.625768 
2.836195 
2.134397 
1.541690 
1.063851 
0.692827 
0.409857 
0.188958 
0.000000 
0.000176 
0.000502 
0.001222 
0.002811 
0.006182 
0.013025 
0.026286 
0.050818 
0.094109 
0.166948 
0.283749 
0.462164 
0.721651 
1.080807 
1.553620 
2.145228 
2.848148 
3.640072 
4.484080 
5.331540 
6.127224 
6.815560 
7.346781 
7.681966 
7.796495 
7.681965 
7.346778 
6.815550 
6.127195 
5.331461 
4.483874 
3.639560 
2.846922 
2.142415 
1.547437 
1.067782 
0.695364 
0.411345 
0.189640 
0.000000 
0.000176 
0.000503 
0.001224 
0.002815 
0.006192 
0.013046 
0.026331 
0.050907 
0.094277 
0.167252 
0.284276 
0.463036 
0.723034 
1.082906 
1.556672 
2.149483 
2.853845 
3.647401 
4.493157 
5.342377 
6.139716 
6.829486 
7.361813 
7.697696 
7.812464 
7.697695 
7.361810 
6.829475 
6.139687 
5.342298 
4.492951 
3.646888 
2.852617 
2.146667 
1.550479 
1.069860 
0.696703 
0.412129 
0.189999 
0.000000 
0.000176 
0.000503 
0.001225 
0.002818 
0.006197 
0.013057 
0.026353 
0.050951 
0.094361 
0.167404 
0.284540 
0.463475 
0.723730 
1.083965 
1.558214 
2.151637 
2.856732 
3.651121 
4.497767 
5.347885 
6.146069 
6.836569 
7.369462 
7.705700 
7.820590 
7.705699 
7.369458 
6.836559 
6.146040 
5.347806 
4.497561 
3.650607 
2.855503 
2.148819 
1.552017 
1.070908 
0.697377 
0.412523 
0.190179 
0.000000 
0.000177 
0.000503 
0.001225 
0.002819 
0.006200 
0.013062 
0.026364 
0.050972 
0.094400 
0.167477 
0.284666 
0.463685 
0.724065 
1.084475 
1.558959 
2.152679 
2.858130 
3.652923 
4.500003 
5.350559 
6.149155 
6.840012 
7.373179 
7.709592 
7.824541 
7.709591 
7.373176 
6.840001 
6.149125 
5.350480 
4.499798 
3.652410 
2.856901 
2.149859 
1.552759 
1.071413 
0.697701 
0.412713 
0.190265 
0.000000 
0.000177 
0.000503 
0.001226 
0.002819 
0.006201 
0.013064 
0.026369 
0.050981 
0.094418 
0.167510 
0.284723 
0.463781 
0.724218 
1.084709 
1.559302 
2.153160 
2.858776 
3.653758 
4.501040 
5.351799 
6.150586 
6.841609 
7.374905 
7.711399 
7.826375 
7.711398 
7.374902 
6.841599 
6.150557 
5.351720 
4.500834 
3.653244 
2.857547 
2.150339 
1.553101 
1.071645 
0.697850 
0.412799 
0.190305 
0.000000 
0.000177 
0.000503 
0.001226 
0.002819 
0.006201 
0.013065 
0.026371 
0.050985 
0.094426 
0.167524 
0.284748 
0.463822 
0.724285 
1.084812 
1.559452 
2.153370 
2.859060 
3.654125 
4.501496 
5.352345 
6.151218 
6.842314 
7.375667 
7.712196 
7.827185 
7.712195 
7.375663 
6.842304 
6.151188 
5.352266 
4.501290 
3.653611 
2.857831 
2.150550 
1.553250 
1.071746 
0.697915 
0.412837 
0.190322 
0.000000 
0.000177 
0.000503 
0.001226 
0.002819 
0.006201 
0.013066 
0.026371 
0.050987 
0.094429 
0.167529 
0.284758 
0.463839 
0.724312 
1.084853 
1.559512 
2.153455 
2.859174 
3.654273 
4.501680 
5.352566 
6.151472 
6.842599 
7.375974 
7.712518 
7.827511 
7.712517 
7.375971 
6.842588 
6.151443 
5.352487 
4.501474 
3.653759 
2.857945 
2.150635 
1.553310 
1.071787 
0.697941 
0.412852 
0.190329 
0.000000 
0.000177 
0.000503 
0.001226 
0.002819 
0.006201 
0.013066 
0.026371 
0.050987 
0.094430 
0.167531 
0.284761 
0.463843 
0.724319 
1.084864 
1.559528 
2.153477 
2.859204 
3.654312 
4.501729 
5.352624 
6.151539 
6.842674 
7.376055 
7.712603 
7.827598 
7.712602 
7.376052 
6.842663 
6.151510 
5.352545 
4.501523 
3.653798 
2.857975 
2.150657 
1.553326 
1.071798 
0.697947 
0.412856 
0.190331 
0.000000 
0.000177 
0.000503 
0.001226 
0.002819 
0.006201 
0.013066 
0.026371 
0.050987 
0.094429 
0.167529 
0.284758 
0.463839 
0.724312 
1.084853 
1.559512 
2.153455 
2.859174 
3.654273 
4.501680 
5.352566 
6.151472 
6.842599 
7.375974 
7.712518 
7.827511 
7.712517 
7.375971 
6.842588 
6.151443 
5.352487 
4.501474 
3.653759 
2.857945 
2.150635 
1.553310 
1.071787 
0.697941 
0.412852 
0.190329 
0.000000 
0.000177 
0.000503 
0.001226 
0.002819 
0.006201 
0.013065 
0.026371 
0.050985 
0.094426 
0.167524 
0.284748 
0.463822 
0.724285 
1.084812 
1.559452 
2.153370 
2.859060 
3.654125 
4.501496 
5.352345 
6.151218 
6.842314 
7.375667 
7.712196 
7.827185 
7.712195 
7.375663 
6.842304 
6.151188 
5.352266 
4.501290 
3.653611 
2.857831 
2.150550 
1.553250 
1.071746 
0.697915 
0.412837 
0.190322 
0.000000 
0.000177 
0.000503 
0.001226 
0.002819 
0.006201 
0.013064 
0.026369 
0.050981 
0.094418 
0.167510 
0.284723 
0.463781 
0.724218 
1.084709 
1.559302 
2.153160 
2.858776 
3.653758 
4.501040 
5.351799 
6.150586 
6.841609 
7.374905 
7.711399 
7.826375 
7.711398 
7.374902 
6.841599 
6.150557 
5.351720 
4.500834 
3.653244 
2.857547 
2.150339 
1.553101 
1.071645 
0.697850 
0.412799 
0.190305 
0.000000 
0.000177 
0.000503 
0.001225 
0.002819 
0.006200 
0.013062 
0.026364 
0.050972 
0.094400 
0.167477 
0.284666 
0.463685 
0.724065 
1.084475 
1.558959 
2.152679 
2.858130 
3.652923 
4.500003 
5.350559 
6.149155 
6.840012 
7.373179 
7.709592 
7.824541 
7.709591 
7.373176 
6.840001 
6.149125 
5.350480 
4.499798 
3.652410 
2.856901 
2.149859 
1.552759 
1.071413 
0.697701 
0.412713 
0.190265 
0.000000 
0.000176 
0.000503 
0.001225 
0.002818 
0.006197 
0.013057 
0.026353 
0.050951 
0.094361 
0.167404 
0.284540 
0.463475 
0.723730 
1.083965 
1.558214 
2.151637 
2.856732 
3.651121 
4.497767 
5.347885 
6.146069 
6.836569 
7.369462 
7.705700 
7.820590 
7.705699 
7.369458 
6.836559 
6.146040 
5.347806 
4.497561 
3.650607 
2.855503 
2.148819 
1.552017 
1.070908 
0.697377 
0.412523 
0.190179 
0.000000 
0.000176 
0.000503 
0.001224 
0.002815 
0.006192 
0.013046 
0.026331 
0.050907 
0.094277 
0.167252 
0.284276 
0.463036 
0.723034 
1.082906 
1.556672 
2.149483 
2.853845 
3.647401 
4.493157 
5.342377 
6.139716 
6.829486 
7.361813 
7.697696 
7.812464 
7.697695 
7.361810 
6.829475 
6.139687 
5.342298 
4.492951 
3.646888 
2.852617 
2.146667 
1.550479 
1.069860 
0.696703 
0.412129 
0.189999 
0.000000 
0.000176 
0.000502 
0.001222 
0.002811 
0.006182 
0.013025 
0.026286 
0.050818 
0.094109 
0.166948 
0.283749 
0.462164 
0.721651 
1.080807 
1.553620 
2.145228 
2.848148 
3.640072 
4.484080 
5.331540 
6.127224 
6.815560 
7.346781 
7.681966 
7.796495 
7.681965 
7.346778 
6.815550 
6.127195 
5.331461 
4.483874 
3.639560 
2.846922 
2.142415 
1.547437 
1.067782 
0.695364 
0.411345 
0.189640 
0.000000 
0.000176 
0.000500 
0.001219 
0.002802 
0.006163 
0.012983 
0.026200 
0.050647 
0.093786 
0.166366 
0.282744 
0.460504 
0.719027 
1.076834 
1.547854 
2.137200 
2.837417 
3.626279 
4.467012 
5.311176 
6.103760 
6.789413 
7.318563 
7.652440 
7.766523 
7.652439 
7.318559 
6.789403 
6.103731 
5.311097 
4.466807 
3.625768 
2.836195 
2.134397 
1.541690 
1.063851 
0.692827 
0.409857 
0.188958 
0.000000 
0.000175 
0.000498 
0.001212 
0.002786 
0.006127 
0.012905 
0.026040 
0.050334 
0.093197 
0.165305 
0.280918 
0.457496 
0.714280 
1.069660 
1.537459 
2.122749 
2.818121 
3.601502 
4.436376 
5.274646 
6.061689 
6.742544 
7.267991 
7.599532 
7.712816 
7.599531 
7.267988 
6.742534 
6.061660 
5.274568 
4.436173 
3.600995 
2.816905 
2.119962 
1.531332 
1.056755 
0.688240 
0.407162 
0.187721 
0.000000 
0.000173 
0.000493 
0.001200 
0.002758 
0.006063 
0.012769 
0.025761 
0.049786 
0.092170 
0.163463 
0.277755 
0.452295 
0.706091 
1.057304 
1.519584 
2.097932 
2.785020 
3.559038 
4.383909 
5.212117 
5.989703 
6.662374 
7.181504 
7.509058 
7.620980 
7.509057 
7.181500 
6.662364 
5.989675 
5.212039 
4.383707 
3.558536 
2.783817 
2.095173 
1.513521 
1.044536 
0.680331 
0.402508 
0.185585 
0.000000 
0.000170 
0.000484 
0.001179 
0.002710 
0.005956 
0.012540 
0.025295 
0.048876 
0.090467 
0.160416 
0.272533 
0.443727 
0.692626 
1.037020 
1.490280 
2.057295 
2.730872 
3.489630 
4.298206 
5.110031 
5.872223 
6.531571 
7.040416 
7.361482 
7.471187 
7.361481 
7.040413 
6.531561 
5.872195 
5.109954 
4.298007 
3.489136 
2.729690 
2.054584 
1.484323 
1.024480 
0.667331 
0.394851 
0.182065 
0.000000 
0.000165 
0.000471 
0.001146 
0.002633 
0.005785 
0.012177 
0.024555 
0.047435 
0.087779 
0.155615 
0.264323 
0.430282 
0.671529 
1.005287 
1.444493 
1.993869 
2.646437 
3.381480 
4.164743 
4.951128 
5.689420 
6.328086 
6.820968 
7.131962 
7.238225 
7.131961 
6.820965 
6.328076 
5.689393 
4.951054 
4.164550 
3.380999 
2.645288 
1.991236 
1.438708 
0.993110 
0.646974 
0.382847 
0.176544 
0.000000 
0.000158 
0.000450 
0.001095 
0.002516 
0.005526 
0.011627 
0.023439 
0.045265 
0.083740 
0.148416 
0.252036 
0.410191 
0.640051 
0.958000 
1.376340 
1.899553 
2.520980 
3.220892 
3.966676 
4.715403 
5.418323 
6.026382 
6.495641 
6.791729 
6.892900 
6.791728 
6.495638 
6.026372 
5.418297 
4.715332 
3.966492 
3.220432 
2.519882 
1.897036 
1.370814 
0.946373 
0.616612 
0.364927 
0.168296 
0.000000 
0.000148 
0.000420 
0.001022 
0.002346 
0.005152 
0.010836 
0.021837 
0.042157 
0.077968 
0.138145 
0.234533 
0.381616 
0.595335 
0.890904 
1.279734 
1.765973 
2.343423 
2.993746 
3.686649 
4.382255 
5.035286 
5.600180 
6.036126 
6.311194 
6.405182 
6.311193 
6.036123 
5.600172 
5.035261 
4.382188 
3.686477 
2.993317 
2.342398 
1.763626 
1.274582 
0.880067 
0.573498 
0.339458 
0.156566 
0.000000 
0.000133 
0.000379 
0.000921 
0.002114 
0.004640 
0.009756 
0.019653 
0.037928 
0.070123 
0.124209 
0.210816 
0.342940 
0.534883 
0.800283 
1.149369 
1.585845 
2.104138 
2.687789 
3.309612 
3.933833 
4.519833 
5.026736 
5.417925 
5.664753 
5.749092 
5.664752 
5.417923 
5.026728 
4.519811 
3.933774 
3.309457 
2.687402 
2.103215 
1.583730 
1.144728 
0.790527 
0.515230 
0.305012 
0.140693 
0.000000 
0.000114 
0.000325 
0.000790 
0.001812 
0.003975 
0.008354 
0.016823 
0.032456 
0.059988 
0.106227 
0.180249 
0.293147 
0.457125 
0.683816 
0.981939 
1.354646 
1.797168 
2.295451 
2.826290 
3.359154 
3.859376 
4.292074 
4.625996 
4.836689 
4.908681 
4.836688 
4.625993 
4.292067 
3.859357 
3.359103 
2.826157 
2.295119 
1.796376 
1.352833 
0.977964 
0.675461 
0.440301 
0.260691 
0.120261 
0.000000 
0.000091 
0.000258 
0.000627 
0.001438 
0.003154 
0.006627 
0.013341 
0.025731 
0.047544 
0.084171 
0.142791 
0.232180 
0.361987 
0.541411 
0.777341 
1.072259 
1.422389 
1.816609 
2.236562 
2.658102 
3.053810 
3.396097 
3.660247 
3.826915 
3.883865 
3.826915 
3.660245 
3.396092 
3.053795 
2.658061 
2.236456 
1.816345 
1.421760 
1.070820 
0.774186 
0.534784 
0.348646 
0.206449 
0.095247 
0.000000 
0.000063 
0.000180 
0.000436 
0.001000 
0.002193 
0.004607 
0.009272 
0.017878 
0.033027 
0.058459 
0.099155 
0.161202 
0.251291 
0.375799 
0.539500 
0.744113 
0.987014 
1.260486 
1.551797 
1.844200 
2.118679 
2.356102 
2.539325 
2.654931 
2.694433 
2.654931 
2.539323 
2.356098 
2.118669 
1.844171 
1.551723 
1.260302 
0.986576 
0.743113 
0.537307 
0.371192 
0.242019 
0.143324 
0.066128 
0.000000 
0.000032 
0.000092 
0.000224 
0.000513 
0.001126 
0.002364 
0.004756 
0.009170 
0.016938 
0.029978 
0.050841 
0.082646 
0.128821 
0.192633 
0.276527 
0.381381 
0.505849 
0.645978 
0.795243 
0.945066 
1.085703 
1.207352 
1.301230 
1.360464 
1.380704 
1.360464 
1.301230 
1.207350 
1.085697 
0.945051 
0.795205 
0.645883 
0.505624 
0.380867 
0.275401 
0.190270 
0.124065 
0.073476 
0.033902 
0.000000 
0.000000 
0.000000 
0.000000 
0.000000 
0.000000 
0.000000 
0.000000 
0.000000 
0.000000 
0.000000 
0.000000 
0.000000 
0.000000 
0.000000 
0.000000 
0.000000 
0.000000 
0.000000 
0.000000 
0.000000 
0.000000 
0.000000 
0.000000 
0.000000 
0.000000 
0.000000 
0.000000 
0.000000 
0.000000 
0.000000 
0.000000 
0.000000 
0.000000 
0.000000 
0.000000 
0.000000 
0.000000 
0.000000 
0.000000 
0.000000 
