# z = ,(t = 8)
0.009783 
0.019603 
0.029492 
0.039478 
0.049582 
0.059811 
0.070162 
0.080619 
0.091147 
0.101699 
0.112210 
0.122600 
0.132775 
0.142627 
0.152040 
0.160887 
0.169036 
0.176353 
0.182705 
0.187963 
0.192006 
0.194723 
0.196016 
0.195804 
0.194024 
0.190633 
0.185610 
0.178955 
0.170690 
0.160862 
0.149535 
0.136798 
0.122756 
0.107533 
0.091267 
0.074112 
0.056231 
0.037798 
0.018992 
0.000000 
0.019497 
0.039067 
0.058775 
0.078677 
0.098811 
0.119197 
0.139827 
0.160665 
0.181647 
0.202676 
0.223624 
0.244330 
0.264608 
0.284243 
0.303002 
0.320633 
0.336873 
0.351455 
0.364114 
0.374594 
0.382651 
0.388065 
0.390642 
0.390219 
0.386672 
0.379914 
0.369904 
0.356641 
0.340170 
0.320583 
0.298011 
0.272627 
0.244642 
0.214303 
0.181887 
0.147698 
0.112063 
0.075327 
0.037850 
0.000000 
0.029073 
0.058254 
0.087642 
0.117319 
0.147343 
0.177741 
0.208503 
0.239576 
0.270864 
0.302221 
0.333457 
0.364333 
0.394570 
0.423850 
0.451822 
0.478112 
0.502329 
0.524073 
0.542951 
0.558577 
0.570592 
0.578665 
0.582507 
0.581877 
0.576588 
0.566511 
0.551584 
0.531806 
0.507247 
0.478039 
0.444380 
0.406529 
0.364799 
0.319559 
0.271222 
0.220240 
0.167103 
0.112324 
0.056440 
0.000000 
0.038445 
0.077032 
0.115892 
0.155135 
0.194837 
0.235034 
0.275712 
0.316802 
0.358175 
0.399641 
0.440945 
0.481774 
0.521758 
0.560476 
0.597466 
0.632230 
0.664253 
0.693007 
0.717970 
0.738633 
0.754521 
0.765196 
0.770277 
0.769444 
0.762450 
0.749126 
0.729386 
0.703234 
0.670758 
0.632135 
0.587626 
0.537573 
0.482392 
0.422569 
0.358650 
0.291235 
0.220969 
0.148532 
0.074634 
0.000000 
0.047548 
0.095272 
0.143334 
0.191869 
0.240972 
0.290687 
0.340997 
0.391816 
0.442986 
0.494270 
0.545354 
0.595852 
0.645304 
0.693190 
0.738938 
0.781935 
0.821540 
0.857103 
0.887977 
0.913534 
0.933183 
0.946387 
0.952671 
0.951641 
0.942991 
0.926511 
0.902098 
0.869753 
0.829587 
0.781819 
0.726771 
0.664865 
0.596618 
0.522629 
0.443575 
0.360197 
0.273292 
0.183703 
0.092306 
0.000000 
0.056322 
0.112852 
0.169783 
0.227274 
0.285439 
0.344327 
0.403921 
0.464119 
0.524731 
0.585479 
0.645990 
0.705806 
0.764384 
0.821108 
0.875298 
0.926230 
0.973144 
1.015270 
1.051841 
1.082115 
1.105391 
1.121031 
1.128475 
1.127255 
1.117009 
1.097488 
1.068570 
1.030256 
0.982678 
0.926095 
0.860888 
0.787559 
0.706718 
0.619075 
0.525432 
0.426667 
0.323725 
0.217604 
0.109341 
0.000000 
0.064710 
0.129660 
0.195070 
0.261124 
0.327951 
0.395611 
0.464080 
0.533244 
0.602884 
0.672680 
0.742204 
0.810930 
0.878233 
0.943405 
1.005667 
1.064185 
1.118087 
1.166488 
1.208506 
1.243289 
1.270032 
1.288003 
1.296556 
1.295155 
1.283382 
1.260955 
1.227729 
1.183709 
1.129044 
1.064033 
0.989114 
0.904863 
0.811981 
0.711284 
0.603693 
0.490218 
0.371943 
0.250015 
0.125627 
0.000000 
0.072661 
0.145591 
0.219038 
0.293207 
0.368245 
0.444218 
0.521101 
0.598762 
0.676959 
0.755331 
0.833399 
0.910569 
0.986142 
1.059322 
1.129235 
1.194944 
1.255470 
1.309818 
1.357000 
1.396057 
1.426087 
1.446266 
1.455871 
1.454297 
1.441079 
1.415896 
1.378588 
1.329159 
1.267777 
1.194778 
1.110653 
1.016050 
0.911755 
0.798685 
0.677873 
0.550454 
0.417646 
0.280736 
0.141063 
0.000000 
0.080127 
0.160550 
0.241543 
0.323334 
0.406082 
0.489862 
0.574644 
0.660285 
0.746518 
0.832942 
0.919032 
1.004132 
1.087471 
1.168172 
1.245269 
1.317730 
1.384476 
1.444410 
1.496440 
1.539511 
1.572627 
1.594880 
1.605472 
1.603738 
1.589161 
1.561391 
1.520249 
1.465741 
1.398053 
1.317552 
1.224783 
1.120458 
1.005446 
0.880757 
0.747531 
0.607018 
0.460563 
0.309585 
0.155559 
0.000000 
0.087065 
0.174453 
0.262460 
0.351334 
0.441248 
0.532282 
0.624407 
0.717465 
0.811165 
0.905075 
0.998620 
1.091091 
1.181647 
1.269337 
1.353112 
1.431849 
1.504376 
1.569501 
1.626038 
1.672840 
1.708825 
1.733005 
1.744515 
1.742631 
1.726792 
1.696617 
1.651913 
1.592684 
1.519134 
1.431661 
1.330858 
1.217498 
1.092525 
0.957037 
0.812273 
0.659591 
0.500451 
0.336397 
0.169031 
0.000000 
0.093440 
0.187226 
0.281676 
0.377056 
0.473553 
0.571254 
0.670123 
0.769995 
0.870556 
0.971342 
1.071737 
1.170979 
1.268167 
1.362278 
1.452187 
1.536690 
1.614528 
1.684423 
1.745100 
1.795330 
1.833950 
1.859902 
1.872255 
1.870233 
1.853235 
1.820851 
1.772874 
1.709308 
1.630372 
1.536495 
1.428310 
1.306650 
1.172525 
1.027116 
0.871752 
0.707890 
0.537097 
0.361030 
0.181409 
0.000000 
0.099218 
0.198803 
0.299094 
0.400373 
0.502837 
0.606579 
0.711563 
0.817611 
0.924391 
1.031410 
1.138015 
1.243394 
1.346593 
1.446525 
1.541995 
1.631725 
1.714378 
1.788595 
1.853026 
1.906363 
1.947372 
1.974930 
1.988047 
1.985901 
1.967852 
1.933466 
1.882521 
1.815025 
1.731207 
1.631523 
1.516648 
1.387463 
1.245044 
1.090642 
0.925668 
0.751671 
0.570316 
0.383359 
0.192629 
0.000000 
0.104372 
0.209131 
0.314632 
0.421172 
0.528960 
0.638092 
0.748530 
0.860088 
0.972416 
1.084996 
1.197139 
1.307994 
1.416555 
1.521679 
1.622111 
1.716503 
1.803451 
1.881525 
1.949305 
2.005413 
2.048554 
2.077544 
2.091344 
2.089087 
2.070101 
2.033927 
1.980337 
1.909333 
1.821160 
1.716298 
1.595454 
1.459556 
1.309736 
1.147312 
0.973766 
0.790728 
0.599950 
0.403278 
0.202638 
0.000000 
0.108880 
0.218163 
0.328221 
0.439363 
0.551806 
0.665652 
0.780860 
0.897237 
1.014417 
1.131860 
1.248848 
1.364491 
1.477742 
1.587408 
1.692179 
1.790649 
1.881353 
1.962801 
2.033509 
2.092042 
2.137047 
2.167290 
2.181686 
2.179332 
2.159526 
2.121791 
2.065885 
1.991815 
1.899833 
1.790441 
1.664377 
1.522609 
1.366317 
1.196875 
1.015833 
0.824888 
0.625867 
0.420700 
0.211392 
0.000000 
0.112723 
0.225863 
0.339805 
0.454870 
0.571281 
0.689145 
0.808420 
0.928905 
1.050221 
1.171809 
1.292926 
1.412652 
1.529901 
1.643439 
1.751908 
1.853855 
1.947762 
2.032085 
2.105290 
2.165889 
2.212484 
2.243794 
2.258700 
2.256263 
2.235758 
2.196691 
2.138812 
2.062127 
1.966899 
1.853645 
1.723131 
1.576358 
1.414549 
1.239126 
1.051693 
0.854007 
0.647961 
0.435551 
0.218854 
0.000000 
0.115885 
0.232200 
0.349339 
0.467632 
0.587310 
0.708480 
0.831102 
0.954968 
1.079688 
1.204688 
1.329204 
1.452290 
1.572829 
1.689554 
1.801067 
1.905875 
2.002417 
2.089108 
2.164367 
2.226668 
2.274570 
2.306760 
2.322084 
2.319579 
2.298499 
2.258336 
2.198833 
2.119997 
2.022096 
1.905664 
1.771487 
1.620596 
1.454246 
1.273900 
1.081207 
0.877974 
0.666145 
0.447774 
0.224996 
0.000000 
0.118356 
0.237151 
0.356788 
0.477603 
0.599833 
0.723587 
0.848824 
0.975331 
1.102711 
1.230377 
1.357549 
1.483260 
1.606370 
1.725584 
1.839475 
1.946519 
2.045121 
2.133660 
2.210525 
2.274155 
2.323079 
2.355956 
2.371607 
2.369049 
2.347520 
2.306501 
2.245729 
2.165211 
2.065223 
1.946307 
1.809269 
1.655160 
1.485262 
1.301070 
1.104267 
0.896699 
0.680353 
0.457324 
0.229794 
0.000000 
0.120127 
0.240699 
0.362126 
0.484748 
0.608807 
0.734413 
0.861524 
0.989924 
1.119210 
1.248786 
1.377861 
1.505454 
1.630406 
1.751404 
1.867000 
1.975646 
2.075724 
2.165588 
2.243604 
2.308186 
2.357843 
2.391212 
2.407098 
2.404502 
2.382651 
2.341018 
2.279337 
2.197614 
2.096129 
1.975435 
1.836346 
1.679930 
1.507490 
1.320541 
1.120792 
0.910119 
0.690534 
0.464168 
0.233233 
0.000000 
0.121192 
0.242832 
0.365335 
0.489045 
0.614203 
0.740923 
0.869160 
0.998698 
1.129131 
1.259856 
1.390075 
1.518798 
1.644859 
1.766930 
1.883551 
1.993160 
2.094125 
2.184786 
2.263494 
2.328649 
2.378746 
2.412411 
2.428438 
2.425819 
2.403774 
2.361772 
2.299545 
2.217098 
2.114713 
1.992948 
1.852626 
1.694824 
1.520855 
1.332249 
1.130729 
0.918188 
0.696657 
0.468284 
0.235301 
0.000000 
0.121547 
0.243544 
0.366406 
0.490479 
0.616004 
0.743095 
0.871708 
1.001626 
1.132441 
1.263550 
1.394150 
1.523251 
1.649681 
1.772110 
1.889073 
1.999004 
2.100265 
2.191193 
2.270131 
2.335477 
2.385721 
2.419485 
2.435559 
2.432932 
2.410823 
2.368698 
2.306288 
2.223599 
2.120914 
1.998792 
1.858059 
1.699794 
1.525315 
1.336155 
1.134045 
0.920880 
0.698700 
0.469657 
0.235991 
0.000000 
0.121192 
0.242832 
0.365335 
0.489045 
0.614203 
0.740923 
0.869160 
0.998698 
1.129131 
1.259856 
1.390075 
1.518798 
1.644859 
1.766930 
1.883551 
1.993160 
2.094125 
2.184786 
2.263494 
2.328649 
2.378746 
2.412411 
2.428438 
2.425819 
2.403774 
2.361772 
2.299545 
2.217098 
2.114713 
1.992948 
1.852626 
1.694824 
1.520855 
1.332249 
1.130729 
0.918188 
0.696657 
0.468284 
0.235301 
0.000000 
0.120127 
0.240699 
0.362126 
0.484748 
0.608807 
0.734413 
0.861524 
0.989924 
1.119210 
1.248786 
1.377861 
1.505454 
1.630406 
1.751404 
1.867000 
1.975646 
2.075724 
2.165588 
2.243604 
2.308186 
2.357843 
2.391212 
2.407098 
2.404502 
2.382651 
2.341018 
2.279337 
2.197614 
2.096129 
1.975435 
1.836346 
1.679930 
1.507490 
1.320541 
1.120792 
0.910119 
0.690534 
0.464168 
0.233233 
0.000000 
0.118356 
0.237151 
0.356788 
0.477603 
0.599833 
0.723587 
0.848824 
0.975331 
1.102711 
1.230377 
1.357549 
1.483260 
1.606370 
1.725584 
1.839475 
1.946519 
2.045121 
2.133660 
2.210525 
2.274155 
2.323079 
2.355956 
2.371607 
2.369049 
2.347520 
2.306501 
2.245729 
2.165211 
2.065223 
1.946307 
1.809269 
1.655160 
1.485262 
1.301070 
1.104267 
0.896699 
0.680353 
0.457324 
0.229794 
0.000000 
0.115885 
0.232200 
0.349339 
0.467632 
0.587310 
0.708480 
0.831102 
0.954968 
1.079688 
1.204688 
1.329204 
1.452290 
1.572829 
1.689554 
1.801067 
1.905875 
2.002417 
2.089108 
2.164367 
2.226668 
2.274570 
2.306760 
2.322084 
2.319579 
2.298499 
2.258336 
2.198833 
2.119997 
2.022096 
1.905664 
1.771487 
1.620596 
1.454246 
1.273900 
1.081207 
0.877974 
0.666145 
0.447774 
0.224996 
0.000000 
0.112723 
0.225863 
0.339805 
0.454870 
0.571281 
0.689145 
0.808420 
0.928905 
1.050221 
1.171809 
1.292926 
1.412652 
1.529901 
1.643439 
1.751908 
1.853855 
1.947762 
2.032085 
2.105290 
2.165889 
2.212484 
2.243794 
2.258700 
2.256263 
2.235758 
2.196691 
2.138812 
2.062127 
1.966899 
1.853645 
1.723131 
1.576358 
1.414549 
1.239126 
1.051693 
0.854007 
0.647961 
0.435551 
0.218854 
0.000000 
0.108880 
0.218163 
0.328221 
0.439363 
0.551806 
0.665652 
0.780860 
0.897237 
1.014417 
1.131860 
1.248848 
1.364491 
1.477742 
1.587408 
1.692179 
1.790649 
1.881353 
1.962801 
2.033509 
2.092042 
2.137047 
2.167290 
2.181686 
2.179332 
2.159526 
2.121791 
2.065885 
1.991815 
1.899833 
1.790441 
1.664377 
1.522609 
1.366317 
1.196875 
1.015833 
0.824888 
0.625867 
0.420700 
0.211392 
0.000000 
0.104372 
0.209131 
0.314632 
0.421172 
0.528960 
0.638092 
0.748530 
0.860088 
0.972416 
1.084996 
1.197139 
1.307994 
1.416555 
1.521679 
1.622111 
1.716503 
1.803451 
1.881525 
1.949305 
2.005413 
2.048554 
2.077544 
2.091344 
2.089087 
2.070101 
2.033927 
1.980337 
1.909333 
1.821160 
1.716298 
1.595454 
1.459556 
1.309736 
1.147312 
0.973766 
0.790728 
0.599950 
0.403278 
0.202638 
0.000000 
0.099218 
0.198803 
0.299094 
0.400373 
0.502837 
0.606579 
0.711563 
0.817611 
0.924391 
1.031410 
1.138015 
1.243394 
1.346593 
1.446525 
1.541995 
1.631725 
1.714378 
1.788595 
1.853026 
1.906363 
1.947372 
1.974930 
1.988047 
1.985901 
1.967852 
1.933466 
1.882521 
1.815025 
1.731207 
1.631523 
1.516648 
1.387463 
1.245044 
1.090642 
0.925668 
0.751671 
0.570316 
0.383359 
0.192629 
0.000000 
0.093440 
0.187226 
0.281676 
0.377056 
0.473553 
0.571254 
0.670123 
0.769995 
0.870556 
0.971342 
1.071737 
1.170979 
1.268167 
1.362278 
1.452187 
1.536690 
1.614528 
1.684423 
1.745100 
1.795330 
1.833950 
1.859902 
1.872255 
1.870233 
1.853235 
1.820851 
1.772874 
1.709308 
1.630372 
1.536495 
1.428310 
1.306650 
1.172525 
1.027116 
0.871752 
0.707890 
0.537097 
0.361030 
0.181409 
0.000000 
0.087065 
0.174453 
0.262460 
0.351334 
0.441248 
0.532282 
0.624407 
0.717465 
0.811165 
0.905075 
0.998620 
1.091091 
1.181647 
1.269337 
1.353112 
1.431849 
1.504376 
1.569501 
1.626038 
1.672840 
1.708825 
1.733005 
1.744515 
1.742631 
1.726792 
1.696617 
1.651913 
1.592684 
1.519134 
1.431661 
1.330858 
1.217498 
1.092525 
0.957037 
0.812273 
0.659591 
0.500451 
0.336397 
0.169031 
0.000000 
0.080127 
0.160550 
0.241543 
0.323334 
0.406082 
0.489862 
0.574644 
0.660285 
0.746518 
0.832942 
0.919032 
1.004132 
1.087471 
1.168172 
1.245269 
1.317730 
1.384476 
1.444410 
1.496440 
1.539511 
1.572627 
1.594880 
1.605472 
1.603738 
1.589161 
1.561391 
1.520249 
1.465741 
1.398053 
1.317552 
1.224783 
1.120458 
1.005446 
0.880757 
0.747531 
0.607018 
0.460563 
0.309585 
0.155559 
0.000000 
0.072661 
0.145591 
0.219038 
0.293207 
0.368245 
0.444218 
0.521101 
0.598762 
0.676959 
0.755331 
0.833399 
0.910569 
0.986142 
1.059322 
1.129235 
1.194944 
1.255470 
1.309818 
1.357000 
1.396057 
1.426087 
1.446266 
1.455871 
1.454297 
1.441079 
1.415896 
1.378588 
1.329159 
1.267777 
1.194778 
1.110653 
1.016050 
0.911755 
0.798685 
0.677873 
0.550454 
0.417646 
0.280736 
0.141063 
0.000000 
0.064710 
0.129660 
0.195070 
0.261124 
0.327951 
0.395611 
0.464080 
0.533244 
0.602884 
0.672680 
0.742204 
0.810930 
0.878233 
0.943405 
1.005667 
1.064185 
1.118087 
1.166488 
1.208506 
1.243289 
1.270032 
1.288003 
1.296556 
1.295155 
1.283382 
1.260955 
1.227729 
1.183709 
1.129044 
1.064033 
0.989114 
0.904863 
0.811981 
0.711284 
0.603693 
0.490218 
0.371943 
0.250015 
0.125627 
0.000000 
0.056322 
0.112852 
0.169783 
0.227274 
0.285439 
0.344327 
0.403921 
0.464119 
0.524731 
0.585479 
0.645990 
0.705806 
0.764384 
0.821108 
0.875298 
0.926230 
0.973144 
1.015270 
1.051841 
1.082115 
1.105391 
1.121031 
1.128475 
1.127255 
1.117009 
1.097488 
1.068570 
1.030256 
0.982678 
0.926095 
0.860888 
0.787559 
0.706718 
0.619075 
0.525432 
0.426667 
0.323725 
0.217604 
0.109341 
0.000000 
0.047548 
0.095272 
0.143334 
0.191869 
0.240972 
0.290687 
0.340997 
0.391816 
0.442986 
0.494270 
0.545354 
0.595852 
0.645304 
0.693190 
0.738938 
0.781935 
0.821540 
0.857103 
0.887977 
0.913534 
0.933183 
0.946387 
0.952671 
0.951641 
0.942991 
0.926511 
0.902098 
0.869753 
0.829587 
0.781819 
0.726771 
0.664865 
0.596618 
0.522629 
0.443575 
0.360197 
0.273292 
0.183703 
0.092306 
0.000000 
0.038445 
0.077032 
0.115892 
0.155135 
0.194837 
0.235034 
0.275712 
0.316802 
0.358175 
0.399641 
0.440945 
0.481774 
0.521758 
0.560476 
0.597466 
0.632230 
0.664253 
0.693007 
0.717970 
0.738633 
0.754521 
0.765196 
0.770277 
0.769444 
0.762450 
0.749126 
0.729386 
0.703234 
0.670758 
0.632135 
0.587626 
0.537573 
0.482392 
0.422569 
0.358650 
0.291235 
0.220969 
0.148532 
0.074634 
0.000000 
0.029073 
0.058254 
0.087642 
0.117319 
0.147343 
0.177741 
0.208503 
0.239576 
0.270864 
0.302221 
0.333457 
0.364333 
0.394570 
0.423850 
0.451822 
0.478112 
0.502329 
0.524073 
0.542951 
0.558577 
0.570592 
0.578665 
0.582507 
0.581877 
0.576588 
0.566511 
0.551584 
0.531806 
0.507247 
0.478039 
0.444380 
0.406529 
0.364799 
0.319559 
0.271222 
0.220240 
0.167103 
0.112324 
0.056440 
0.000000 
0.019497 
0.039067 
0.058775 
0.078677 
0.098811 
0.119197 
0.139827 
0.160665 
0.181647 
0.202676 
0.223624 
0.244330 
0.264608 
0.284243 
0.303002 
0.320633 
0.336873 
0.351455 
0.364114 
0.374594 
0.382651 
0.388065 
0.390642 
0.390219 
0.386672 
0.379914 
0.369904 
0.356641 
0.340170 
0.320583 
0.298011 
0.272627 
0.244642 
0.214303 
0.181887 
0.147698 
0.112063 
0.075327 
0.037850 
0.000000 
0.009783 
0.019603 
0.029492 
0.039478 
0.049582 
0.059811 
0.070162 
0.080619 
0.091147 
0.101699 
0.112210 
0.122600 
0.132775 
0.142627 
0.152040 
0.160887 
0.169036 
0.176353 
0.182705 
0.187963 
0.192006 
0.194723 
0.196016 
0.195804 
0.194024 
0.190633 
0.185610 
0.178955 
0.170690 
0.160862 
0.149535 
0.136798 
0.122756 
0.107533 
0.091267 
0.074112 
0.056231 
0.037798 
0.018992 
0.000000 
0.000000 
0.000000 
0.000000 
0.000000 
0.000000 
0.000000 
0.000000 
0.000000 
0.000000 
0.000000 
0.000000 
0.000000 
0.000000 
0.000000 
0.000000 
0.000000 
0.000000 
0.000000 
0.000000 
0.000000 
0.000000 
0.000000 
0.000000 
0.000000 
0.000000 
0.000000 
0.000000 
0.000000 
0.000000 
0.000000 
0.000000 
0.000000 
0.000000 
0.000000 
0.000000 
0.000000 
0.000000 
0.000000 
0.000000 
0.000000 
