# z = , (t = 0.5)
0.000000 
0.000000 
0.000001 
0.000002 
0.000009 
0.000036 
0.000129 
0.000425 
0.001294 
0.003639 
0.009448 
0.022630 
0.049977 
0.101733 
0.190907 
0.330521 
0.528779 
0.783730 
1.080205 
1.391508 
1.685935 
1.935170 
2.120272 
2.232546 
2.269966 
2.232546 
2.120272 
1.935170 
1.685935 
1.391508 
1.080205 
0.783730 
0.528779 
0.330519 
0.190898 
0.101696 
0.049848 
0.022205 
0.008154 
0.000000 
0.000000 
0.000000 
0.000001 
0.000004 
0.000018 
0.000069 
0.000244 
0.000805 
0.002451 
0.006901 
0.017933 
0.042987 
0.094998 
0.193488 
0.363275 
0.629208 
1.006971 
1.492873 
2.058000 
2.651424 
3.212662 
3.687708 
4.040467 
4.254403 
4.325702 
4.254403 
4.040467 
3.687708 
3.212662 
2.651424 
2.058000 
1.492873 
1.006970 
0.629203 
0.363257 
0.193420 
0.094754 
0.042183 
0.015481 
0.000000 
0.000000 
0.000000 
0.000001 
0.000006 
0.000024 
0.000094 
0.000336 
0.001107 
0.003379 
0.009524 
0.024781 
0.059469 
0.131549 
0.268165 
0.503854 
0.873240 
1.398220 
2.073723 
2.859535 
3.684766 
4.465205 
5.125693 
5.616054 
5.913378 
6.012455 
5.913378 
5.616054 
5.125693 
4.465205 
3.684766 
2.859535 
2.073722 
1.398218 
0.873234 
0.503830 
0.268071 
0.131213 
0.058361 
0.021402 
0.000000 
0.000000 
0.000000 
0.000002 
0.000007 
0.000029 
0.000112 
0.000400 
0.001324 
0.004045 
0.011419 
0.029752 
0.071489 
0.158319 
0.323058 
0.607514 
1.053658 
1.688092 
2.504774 
3.455064 
4.453122 
5.396961 
6.195597 
6.788378 
7.147713 
7.267435 
7.147713 
6.788378 
6.195597 
5.396961 
4.453122 
3.455064 
2.504773 
1.688090 
1.053651 
0.607485 
0.322946 
0.157918 
0.070166 
0.025708 
0.000000 
0.000000 
0.000000 
0.000002 
0.000008 
0.000032 
0.000123 
0.000441 
0.001462 
0.004474 
0.012650 
0.033003 
0.079398 
0.176029 
0.359549 
0.676710 
1.174509 
1.882806 
2.794949 
3.856590 
4.971706 
6.026192 
6.918299 
7.580293 
7.981485 
8.115131 
7.981485 
7.580293 
6.918299 
6.026192 
4.971706 
3.856590 
2.794949 
1.882805 
1.174502 
0.676678 
0.359425 
0.175587 
0.077936 
0.028529 
0.000000 
0.000000 
0.000000 
0.000002 
0.000008 
0.000034 
0.000130 
0.000465 
0.001541 
0.004723 
0.013370 
0.034921 
0.084100 
0.186629 
0.381521 
0.718589 
1.247966 
2.001571 
2.972414 
4.102630 
5.289878 
6.412524 
7.362150 
8.066672 
8.493545 
8.635727 
8.493545 
8.066672 
7.362150 
6.412524 
5.289878 
4.102630 
2.972414 
2.001569 
1.247958 
0.718556 
0.381391 
0.186165 
0.082559 
0.030198 
0.000000 
0.000000 
0.000000 
0.000002 
0.000008 
0.000034 
0.000133 
0.000477 
0.001582 
0.004853 
0.013750 
0.035944 
0.086630 
0.192380 
0.393526 
0.741610 
1.288553 
2.067462 
3.071185 
4.239882 
5.467634 
6.628540 
7.610413 
8.338734 
8.779952 
8.926896 
8.779952 
8.338734 
7.610413 
6.628540 
5.467634 
4.239882 
3.071185 
2.067460 
1.288545 
0.741576 
0.393393 
0.191904 
0.085048 
0.031091 
0.000000 
0.000000 
0.000000 
0.000002 
0.000008 
0.000035 
0.000134 
0.000482 
0.001601 
0.004914 
0.013931 
0.036438 
0.087866 
0.195214 
0.399489 
0.753126 
1.308975 
2.100775 
3.121306 
4.309713 
5.558228 
6.738738 
7.737109 
8.477581 
8.926108 
9.075474 
8.926108 
8.477581 
7.737109 
6.738738 
5.558228 
4.309713 
3.121305 
2.100773 
1.308967 
0.753092 
0.399355 
0.194732 
0.086265 
0.031524 
0.000000 
0.000000 
0.000000 
0.000002 
0.000008 
0.000035 
0.000135 
0.000484 
0.001609 
0.004940 
0.014010 
0.036655 
0.088414 
0.196484 
0.402188 
0.758379 
1.318352 
2.116152 
3.144538 
4.342179 
5.600428 
6.790124 
7.796214 
8.542356 
8.994284 
9.144777 
8.994284 
8.542356 
7.796214 
6.790124 
5.600428 
4.342179 
3.144537 
2.116151 
1.318343 
0.758344 
0.402053 
0.196000 
0.086805 
0.031714 
0.000000 
0.000000 
0.000000 
0.000002 
0.000008 
0.000035 
0.000135 
0.000485 
0.001612 
0.004951 
0.014041 
0.036741 
0.088635 
0.197004 
0.403302 
0.760567 
1.322288 
2.122646 
3.154393 
4.355997 
5.618428 
6.812069 
7.821465 
8.570030 
9.023408 
9.174380 
9.023408 
8.570030 
7.821465 
6.812069 
5.618428 
4.355997 
3.154393 
2.122644 
1.322279 
0.760532 
0.403167 
0.196518 
0.087023 
0.031791 
0.000000 
0.000000 
0.000000 
0.000002 
0.000008 
0.000035 
0.000135 
0.000485 
0.001613 
0.004954 
0.014052 
0.036773 
0.088717 
0.197197 
0.403723 
0.761402 
1.323801 
2.125159 
3.158227 
4.361392 
5.625472 
6.820667 
7.831364 
8.580879 
9.034823 
9.185981 
9.034823 
8.580879 
7.831364 
6.820667 
5.625472 
4.361392 
3.158227 
2.125157 
1.323792 
0.761367 
0.403588 
0.196712 
0.087104 
0.031819 
0.000000 
0.000000 
0.000000 
0.000002 
0.000008 
0.000035 
0.000135 
0.000486 
0.001613 
0.004955 
0.014055 
0.036783 
0.088744 
0.197264 
0.403869 
0.761693 
1.324335 
2.126052 
3.159597 
4.363327 
5.628006 
6.823763 
7.834931 
8.584787 
9.038935 
9.190160 
9.038935 
8.584787 
7.834931 
6.823763 
5.628006 
4.363327 
3.159596 
2.126050 
1.324326 
0.761659 
0.403733 
0.196778 
0.087131 
0.031828 
0.000000 
0.000000 
0.000000 
0.000002 
0.000008 
0.000035 
0.000135 
0.000486 
0.001613 
0.004956 
0.014056 
0.036786 
0.088753 
0.197284 
0.403915 
0.761787 
1.324508 
2.126344 
3.160047 
4.363966 
5.628844 
6.824790 
7.836114 
8.586084 
9.040299 
9.191546 
9.040299 
8.586084 
7.836114 
6.824790 
5.628844 
4.363966 
3.160047 
2.126342 
1.324499 
0.761752 
0.403779 
0.196799 
0.087139 
0.031831 
0.000000 
0.000000 
0.000000 
0.000002 
0.000008 
0.000035 
0.000135 
0.000486 
0.001613 
0.004956 
0.014057 
0.036787 
0.088755 
0.197290 
0.403928 
0.761815 
1.324559 
2.126432 
3.160184 
4.364160 
5.629100 
6.825104 
7.836476 
8.586481 
9.040716 
9.191970 
9.040716 
8.586481 
7.836476 
6.825104 
5.629100 
4.364160 
3.160183 
2.126430 
1.324551 
0.761780 
0.403793 
0.196805 
0.087142 
0.031831 
0.000000 
0.000000 
0.000000 
0.000002 
0.000008 
0.000035 
0.000135 
0.000486 
0.001613 
0.004956 
0.014057 
0.036787 
0.088756 
0.197292 
0.403932 
0.761822 
1.324574 
2.126456 
3.160222 
4.364215 
5.629173 
6.825193 
7.836578 
8.586593 
9.040834 
9.192089 
9.040834 
8.586593 
7.836578 
6.825193 
5.629173 
4.364215 
3.160221 
2.126454 
1.324565 
0.761787 
0.403797 
0.196806 
0.087142 
0.031832 
0.000000 
0.000000 
0.000000 
0.000002 
0.000008 
0.000035 
0.000135 
0.000486 
0.001613 
0.004956 
0.014057 
0.036787 
0.088756 
0.197292 
0.403933 
0.761824 
1.324577 
2.126462 
3.160232 
4.364229 
5.629191 
6.825216 
7.836605 
8.586622 
9.040864 
9.192121 
9.040864 
8.586622 
7.836605 
6.825216 
5.629191 
4.364229 
3.160231 
2.126461 
1.324569 
0.761789 
0.403797 
0.196807 
0.087142 
0.031832 
0.000000 
0.000000 
0.000000 
0.000002 
0.000008 
0.000035 
0.000135 
0.000486 
0.001613 
0.004956 
0.014057 
0.036787 
0.088756 
0.197292 
0.403933 
0.761825 
1.324578 
2.126464 
3.160234 
4.364233 
5.629196 
6.825221 
7.836611 
8.586629 
9.040872 
9.192128 
9.040872 
8.586629 
7.836611 
6.825221 
5.629196 
4.364233 
3.160234 
2.126462 
1.324570 
0.761790 
0.403798 
0.196807 
0.087142 
0.031832 
0.000000 
0.000000 
0.000000 
0.000002 
0.000008 
0.000035 
0.000135 
0.000486 
0.001613 
0.004956 
0.014057 
0.036787 
0.088756 
0.197293 
0.403933 
0.761825 
1.324578 
2.126464 
3.160235 
4.364233 
5.629197 
6.825223 
7.836613 
8.586631 
9.040874 
9.192130 
9.040874 
8.586631 
7.836613 
6.825223 
5.629197 
4.364233 
3.160234 
2.126462 
1.324570 
0.761790 
0.403798 
0.196807 
0.087142 
0.031832 
0.000000 
0.000000 
0.000000 
0.000002 
0.000008 
0.000035 
0.000135 
0.000486 
0.001613 
0.004956 
0.014057 
0.036787 
0.088756 
0.197293 
0.403933 
0.761825 
1.324578 
2.126464 
3.160235 
4.364234 
5.629197 
6.825223 
7.836613 
8.586631 
9.040874 
9.192130 
9.040874 
8.586631 
7.836613 
6.825223 
5.629197 
4.364234 
3.160234 
2.126462 
1.324570 
0.761790 
0.403798 
0.196807 
0.087142 
0.031832 
0.000000 
0.000000 
0.000000 
0.000002 
0.000008 
0.000035 
0.000135 
0.000486 
0.001613 
0.004956 
0.014057 
0.036787 
0.088756 
0.197293 
0.403933 
0.761825 
1.324578 
2.126464 
3.160235 
4.364234 
5.629197 
6.825223 
7.836613 
8.586631 
9.040874 
9.192130 
9.040874 
8.586631 
7.836613 
6.825223 
5.629197 
4.364234 
3.160234 
2.126462 
1.324570 
0.761790 
0.403798 
0.196807 
0.087142 
0.031832 
0.000000 
0.000000 
0.000000 
0.000002 
0.000008 
0.000035 
0.000135 
0.000486 
0.001613 
0.004956 
0.014057 
0.036787 
0.088756 
0.197293 
0.403933 
0.761825 
1.324578 
2.126464 
3.160235 
4.364234 
5.629197 
6.825223 
7.836613 
8.586631 
9.040874 
9.192130 
9.040874 
8.586631 
7.836613 
6.825223 
5.629197 
4.364234 
3.160234 
2.126462 
1.324570 
0.761790 
0.403798 
0.196807 
0.087142 
0.031832 
0.000000 
0.000000 
0.000000 
0.000002 
0.000008 
0.000035 
0.000135 
0.000486 
0.001613 
0.004956 
0.014057 
0.036787 
0.088756 
0.197293 
0.403933 
0.761825 
1.324578 
2.126464 
3.160235 
4.364233 
5.629197 
6.825223 
7.836613 
8.586631 
9.040874 
9.192130 
9.040874 
8.586631 
7.836613 
6.825223 
5.629197 
4.364233 
3.160234 
2.126462 
1.324570 
0.761790 
0.403798 
0.196807 
0.087142 
0.031832 
0.000000 
0.000000 
0.000000 
0.000002 
0.000008 
0.000035 
0.000135 
0.000486 
0.001613 
0.004956 
0.014057 
0.036787 
0.088756 
0.197292 
0.403933 
0.761825 
1.324578 
2.126464 
3.160234 
4.364233 
5.629196 
6.825221 
7.836611 
8.586629 
9.040872 
9.192128 
9.040872 
8.586629 
7.836611 
6.825221 
5.629196 
4.364233 
3.160234 
2.126462 
1.324570 
0.761790 
0.403798 
0.196807 
0.087142 
0.031832 
0.000000 
0.000000 
0.000000 
0.000002 
0.000008 
0.000035 
0.000135 
0.000486 
0.001613 
0.004956 
0.014057 
0.036787 
0.088756 
0.197292 
0.403933 
0.761824 
1.324577 
2.126462 
3.160232 
4.364229 
5.629191 
6.825216 
7.836605 
8.586622 
9.040864 
9.192121 
9.040864 
8.586622 
7.836605 
6.825216 
5.629191 
4.364229 
3.160231 
2.126461 
1.324569 
0.761789 
0.403797 
0.196807 
0.087142 
0.031832 
0.000000 
0.000000 
0.000000 
0.000002 
0.000008 
0.000035 
0.000135 
0.000486 
0.001613 
0.004956 
0.014057 
0.036787 
0.088756 
0.197292 
0.403932 
0.761822 
1.324574 
2.126456 
3.160222 
4.364215 
5.629173 
6.825193 
7.836578 
8.586593 
9.040834 
9.192089 
9.040834 
8.586593 
7.836578 
6.825193 
5.629173 
4.364215 
3.160221 
2.126454 
1.324565 
0.761787 
0.403797 
0.196806 
0.087142 
0.031832 
0.000000 
0.000000 
0.000000 
0.000002 
0.000008 
0.000035 
0.000135 
0.000486 
0.001613 
0.004956 
0.014057 
0.036787 
0.088755 
0.197290 
0.403928 
0.761815 
1.324559 
2.126432 
3.160184 
4.364160 
5.629100 
6.825104 
7.836476 
8.586481 
9.040716 
9.191970 
9.040716 
8.586481 
7.836476 
6.825104 
5.629100 
4.364160 
3.160183 
2.126430 
1.324551 
0.761780 
0.403793 
0.196805 
0.087142 
0.031831 
0.000000 
0.000000 
0.000000 
0.000002 
0.000008 
0.000035 
0.000135 
0.000486 
0.001613 
0.004956 
0.014056 
0.036786 
0.088753 
0.197284 
0.403915 
0.761787 
1.324508 
2.126344 
3.160047 
4.363966 
5.628844 
6.824790 
7.836114 
8.586084 
9.040299 
9.191546 
9.040299 
8.586084 
7.836114 
6.824790 
5.628844 
4.363966 
3.160047 
2.126342 
1.324499 
0.761752 
0.403779 
0.196799 
0.087139 
0.031831 
0.000000 
0.000000 
0.000000 
0.000002 
0.000008 
0.000035 
0.000135 
0.000486 
0.001613 
0.004955 
0.014055 
0.036783 
0.088744 
0.197264 
0.403869 
0.761693 
1.324335 
2.126052 
3.159597 
4.363327 
5.628006 
6.823763 
7.834931 
8.584787 
9.038935 
9.190160 
9.038935 
8.584787 
7.834931 
6.823763 
5.628006 
4.363327 
3.159596 
2.126050 
1.324326 
0.761659 
0.403733 
0.196778 
0.087131 
0.031828 
0.000000 
0.000000 
0.000000 
0.000002 
0.000008 
0.000035 
0.000135 
0.000485 
0.001613 
0.004954 
0.014052 
0.036773 
0.088717 
0.197197 
0.403723 
0.761402 
1.323801 
2.125159 
3.158227 
4.361392 
5.625472 
6.820667 
7.831364 
8.580879 
9.034823 
9.185981 
9.034823 
8.580879 
7.831364 
6.820667 
5.625472 
4.361392 
3.158227 
2.125157 
1.323792 
0.761367 
0.403588 
0.196712 
0.087104 
0.031819 
0.000000 
0.000000 
0.000000 
0.000002 
0.000008 
0.000035 
0.000135 
0.000485 
0.001612 
0.004951 
0.014041 
0.036741 
0.088635 
0.197004 
0.403302 
0.760567 
1.322288 
2.122646 
3.154393 
4.355997 
5.618428 
6.812069 
7.821465 
8.570030 
9.023408 
9.174380 
9.023408 
8.570030 
7.821465 
6.812069 
5.618428 
4.355997 
3.154393 
2.122644 
1.322279 
0.760532 
0.403167 
0.196518 
0.087023 
0.031791 
0.000000 
0.000000 
0.000000 
0.000002 
0.000008 
0.000035 
0.000135 
0.000484 
0.001609 
0.004940 
0.014010 
0.036655 
0.088414 
0.196484 
0.402188 
0.758379 
1.318352 
2.116152 
3.144538 
4.342179 
5.600428 
6.790124 
7.796214 
8.542356 
8.994284 
9.144777 
8.994284 
8.542356 
7.796214 
6.790124 
5.600428 
4.342179 
3.144537 
2.116151 
1.318343 
0.758344 
0.402053 
0.196000 
0.086805 
0.031714 
0.000000 
0.000000 
0.000000 
0.000002 
0.000008 
0.000035 
0.000134 
0.000482 
0.001601 
0.004914 
0.013931 
0.036438 
0.087866 
0.195214 
0.399489 
0.753126 
1.308975 
2.100775 
3.121306 
4.309713 
5.558228 
6.738738 
7.737109 
8.477581 
8.926108 
9.075474 
8.926108 
8.477581 
7.737109 
6.738738 
5.558228 
4.309713 
3.121305 
2.100773 
1.308967 
0.753092 
0.399355 
0.194732 
0.086265 
0.031524 
0.000000 
0.000000 
0.000000 
0.000002 
0.000008 
0.000034 
0.000133 
0.000477 
0.001582 
0.004853 
0.013750 
0.035944 
0.086630 
0.192380 
0.393526 
0.741610 
1.288553 
2.067462 
3.071185 
4.239882 
5.467634 
6.628540 
7.610413 
8.338734 
8.779952 
8.926896 
8.779952 
8.338734 
7.610413 
6.628540 
5.467634 
4.239882 
3.071185 
2.067460 
1.288545 
0.741576 
0.393393 
0.191904 
0.085048 
0.031091 
0.000000 
0.000000 
0.000000 
0.000002 
0.000008 
0.000034 
0.000130 
0.000465 
0.001541 
0.004723 
0.013370 
0.034921 
0.084100 
0.186629 
0.381521 
0.718589 
1.247966 
2.001571 
2.972414 
4.102630 
5.289878 
6.412524 
7.362150 
8.066672 
8.493545 
8.635727 
8.493545 
8.066672 
7.362150 
6.412524 
5.289878 
4.102630 
2.972414 
2.001569 
1.247958 
0.718556 
0.381391 
0.186165 
0.082559 
0.030198 
0.000000 
0.000000 
0.000000 
0.000002 
0.000008 
0.000032 
0.000123 
0.000441 
0.001462 
0.004474 
0.012650 
0.033003 
0.079398 
0.176029 
0.359549 
0.676710 
1.174509 
1.882806 
2.794949 
3.856590 
4.971706 
6.026192 
6.918299 
7.580293 
7.981485 
8.115131 
7.981485 
7.580293 
6.918299 
6.026192 
4.971706 
3.856590 
2.794949 
1.882805 
1.174502 
0.676678 
0.359425 
0.175587 
0.077936 
0.028529 
0.000000 
0.000000 
0.000000 
0.000002 
0.000007 
0.000029 
0.000112 
0.000400 
0.001324 
0.004045 
0.011419 
0.029752 
0.071489 
0.158319 
0.323058 
0.607514 
1.053658 
1.688092 
2.504774 
3.455064 
4.453122 
5.396961 
6.195597 
6.788378 
7.147713 
7.267435 
7.147713 
6.788378 
6.195597 
5.396961 
4.453122 
3.455064 
2.504773 
1.688090 
1.053651 
0.607485 
0.322946 
0.157918 
0.070166 
0.025708 
0.000000 
0.000000 
0.000000 
0.000001 
0.000006 
0.000024 
0.000094 
0.000336 
0.001107 
0.003379 
0.009524 
0.024781 
0.059469 
0.131549 
0.268165 
0.503854 
0.873240 
1.398220 
2.073723 
2.859535 
3.684766 
4.465205 
5.125693 
5.616054 
5.913378 
6.012455 
5.913378 
5.616054 
5.125693 
4.465205 
3.684766 
2.859535 
2.073722 
1.398218 
0.873234 
0.503830 
0.268071 
0.131213 
0.058361 
0.021402 
0.000000 
0.000000 
0.000000 
0.000001 
0.000004 
0.000018 
0.000069 
0.000244 
0.000805 
0.002451 
0.006901 
0.017933 
0.042987 
0.094998 
0.193488 
0.363275 
0.629208 
1.006971 
1.492873 
2.058000 
2.651424 
3.212662 
3.687708 
4.040467 
4.254403 
4.325702 
4.254403 
4.040467 
3.687708 
3.212662 
2.651424 
2.058000 
1.492873 
1.006970 
0.629203 
0.363257 
0.193420 
0.094754 
0.042183 
0.015481 
0.000000 
0.000000 
0.000000 
0.000001 
0.000002 
0.000009 
0.000036 
0.000129 
0.000425 
0.001294 
0.003639 
0.009448 
0.022630 
0.049977 
0.101733 
0.190907 
0.330521 
0.528779 
0.783730 
1.080205 
1.391508 
1.685935 
1.935170 
2.120272 
2.232546 
2.269966 
2.232546 
2.120272 
1.935170 
1.685935 
1.391508 
1.080205 
0.783730 
0.528779 
0.330519 
0.190898 
0.101696 
0.049848 
0.022205 
0.008154 
0.000000 
0.000000 
0.000000 
0.000000 
0.000000 
0.000000 
0.000000 
0.000000 
0.000000 
0.000000 
0.000000 
0.000000 
0.000000 
0.000000 
0.000000 
0.000000 
0.000000 
0.000000 
0.000000 
0.000000 
0.000000 
0.000000 
0.000000 
0.000000 
0.000000 
0.000000 
0.000000 
0.000000 
0.000000 
0.000000 
0.000000 
0.000000 
0.000000 
0.000000 
0.000000 
0.000000 
0.000000 
0.000000 
0.000000 
0.000000 
0.000000 
