# x = , y = ,(t = 0.064)
0.010000 4.330263
0.020000 4.330830
0.030000 4.331904
0.040000 4.333477
0.050000 4.335541
0.060000 4.338082
0.070000 4.341084
0.080000 4.344529
0.090000 4.348397
0.100000 4.352663
0.110000 4.357301
0.120000 4.362282
0.130000 4.367577
0.140000 4.373151
0.150000 4.378971
0.160000 4.385001
0.170000 4.391202
0.180000 4.397535
0.190000 4.403961
0.200000 4.410438
0.210000 4.416924
0.220000 4.423378
0.230000 4.429757
0.240000 4.436018
0.250000 4.442119
0.260000 4.448018
0.270000 4.453673
0.280000 4.459045
0.290000 4.464092
0.300000 4.468778
0.310000 4.473063
0.320000 4.476914
0.330000 4.480296
0.340000 4.483177
0.350000 4.485527
0.360000 4.487317
0.370000 4.488523
0.380000 4.489121
0.390000 4.489090
0.400000 4.488412
0.410000 4.487071
0.420000 4.485054
0.430000 4.482352
0.440000 4.478956
0.450000 4.474863
0.460000 4.470071
0.470000 4.464581
0.480000 4.458398
0.490000 4.451527
0.500000 4.443978
0.510000 4.435765
0.520000 4.426901
0.530000 4.417405
0.540000 4.407297
0.550000 4.396599
0.560000 4.385335
0.570000 4.373534
0.580000 4.361224
0.590000 4.348436
0.600000 4.335204
0.610000 4.321561
0.620000 4.307545
0.630000 4.293194
0.640000 4.278545
0.650000 4.263641
0.660000 4.248520
0.670000 4.233227
0.680000 4.217803
0.690000 4.202292
0.700000 4.186738
0.710000 4.171185
0.720000 4.155676
0.730000 4.140256
0.740000 4.124968
0.750000 4.109856
0.760000 4.094964
0.770000 4.080332
0.780000 4.066004
0.790000 4.052019
0.800000 4.038418
0.810000 4.025238
0.820000 4.012518
0.830000 4.000294
0.840000 3.988600
0.850000 3.977469
0.860000 3.966932
0.870000 3.957020
0.880000 3.947760
0.890000 3.939178
0.900000 3.931298
0.910000 3.924142
0.920000 3.917731
0.930000 3.912082
0.940000 3.907211
0.950000 3.903131
0.960000 3.899854
0.970000 3.897388
0.980000 3.895741
0.990000 3.894916
1.000000 3.894916
