# x = , y = ,(t = 0.032)
0.010000 3.721341
0.020000 3.725946
0.030000 3.734662
0.040000 3.747432
0.050000 3.764173
0.060000 3.784775
0.070000 3.809107
0.080000 3.837014
0.090000 3.868316
0.100000 3.902817
0.110000 3.940298
0.120000 3.980523
0.130000 4.023240
0.140000 4.068184
0.150000 4.115074
0.160000 4.163621
0.170000 4.213527
0.180000 4.264487
0.190000 4.316191
0.200000 4.368327
0.210000 4.420581
0.220000 4.472644
0.230000 4.524208
0.240000 4.574970
0.250000 4.624638
0.260000 4.672926
0.270000 4.719560
0.280000 4.764281
0.290000 4.806842
0.300000 4.847013
0.310000 4.884579
0.320000 4.919347
0.330000 4.951139
0.340000 4.979800
0.350000 5.005195
0.360000 5.027209
0.370000 5.045749
0.380000 5.060744
0.390000 5.072145
0.400000 5.079923
0.410000 5.084072
0.420000 5.084606
0.430000 5.081557
0.440000 5.074980
0.450000 5.064947
0.460000 5.051545
0.470000 5.034881
0.480000 5.015075
0.490000 4.992263
0.500000 4.966590
0.510000 4.938216
0.520000 4.907310
0.530000 4.874047
0.540000 4.838612
0.550000 4.801194
0.560000 4.761987
0.570000 4.721186
0.580000 4.678990
0.590000 4.635595
0.600000 4.591199
0.610000 4.545994
0.620000 4.500171
0.630000 4.453917
0.640000 4.407412
0.650000 4.360829
0.660000 4.314336
0.670000 4.268093
0.680000 4.222250
0.690000 4.176950
0.700000 4.132327
0.710000 4.088505
0.720000 4.045599
0.730000 4.003714
0.740000 3.962946
0.750000 3.923383
0.760000 3.885101
0.770000 3.848171
0.780000 3.812652
0.790000 3.778597
0.800000 3.746051
0.810000 3.715051
0.820000 3.685628
0.830000 3.657807
0.840000 3.631608
0.850000 3.607044
0.860000 3.584126
0.870000 3.562861
0.880000 3.543250
0.890000 3.525295
0.900000 3.508994
0.910000 3.494344
0.920000 3.481340
0.930000 3.469976
0.940000 3.460249
0.950000 3.452152
0.960000 3.445681
0.970000 3.440831
0.980000 3.437600
0.990000 3.435985
1.000000 3.435985
