# x = , y = ,(t = 0.004)
0.010000 0.119849
0.020000 0.131240
0.030000 0.153412
0.040000 0.187300
0.050000 0.234234
0.060000 0.295894
0.070000 0.374267
0.080000 0.471582
0.090000 0.590224
0.100000 0.732645
0.110000 0.901248
0.120000 1.098264
0.130000 1.325624
0.140000 1.584825
0.150000 1.876798
0.160000 2.201795
0.170000 2.559291
0.180000 2.947911
0.190000 3.365394
0.200000 3.808589
0.210000 4.273491
0.220000 4.755319
0.230000 5.248617
0.240000 5.747398
0.250000 6.245295
0.260000 6.735731
0.270000 7.212091
0.280000 7.667881
0.290000 8.096878
0.300000 8.493256
0.310000 8.851689
0.320000 9.167427
0.330000 9.436348
0.340000 9.654992
0.350000 9.820579
0.360000 9.931017
0.370000 9.984906
0.380000 9.981543
0.390000 9.920932
0.400000 9.803793
0.410000 9.631582
0.420000 9.406507
0.430000 9.131534
0.440000 8.810390
0.450000 8.447551
0.460000 8.048195
0.470000 7.618150
0.480000 7.163799
0.490000 6.691970
0.500000 6.209799
0.510000 5.724575
0.520000 5.243582
0.530000 4.773931
0.540000 4.322400
0.550000 3.895293
0.560000 3.498303
0.570000 3.136419
0.580000 2.813837
0.590000 2.533910
0.600000 2.299117
0.610000 2.111049
0.620000 1.970420
0.630000 1.877080
0.640000 1.830043
0.650000 1.827527
0.660000 1.866983
0.670000 1.945148
0.680000 2.058094
0.690000 2.201283
0.700000 2.369641
0.710000 2.557642
0.720000 2.759401
0.730000 2.968795
0.740000 3.179591
0.750000 3.385588
0.760000 3.580776
0.770000 3.759496
0.780000 3.916600
0.790000 4.047605
0.800000 4.148836
0.810000 4.217547
0.820000 4.252011
0.830000 4.251588
0.840000 4.216749
0.850000 4.149063
0.860000 4.051154
0.870000 3.926610
0.880000 3.779868
0.890000 3.616060
0.900000 3.440845
0.910000 3.260215
0.920000 3.080298
0.930000 2.907150
0.940000 2.746562
0.950000 2.603862
0.960000 2.483753
0.970000 2.390155
0.980000 2.326087
0.990000 2.293571
1.000000 2.293571
