# x = , y = ,(t = 0.008)
0.010000 0.837837
0.020000 0.858915
0.030000 0.898987
0.040000 0.958095
0.050000 1.036281
0.060000 1.133578
0.070000 1.249988
0.080000 1.385461
0.090000 1.539875
0.100000 1.713005
0.110000 1.904504
0.120000 2.113877
0.130000 2.340457
0.140000 2.583390
0.150000 2.841611
0.160000 3.113841
0.170000 3.398572
0.180000 3.694072
0.190000 3.998385
0.200000 4.309344
0.210000 4.624586
0.220000 4.941572
0.230000 5.257619
0.240000 5.569930
0.250000 5.875629
0.260000 6.171804
0.270000 6.455551
0.280000 6.724012
0.290000 6.974431
0.300000 7.204188
0.310000 7.410853
0.320000 7.592220
0.330000 7.746354
0.340000 7.871619
0.350000 7.966712
0.360000 8.030689
0.370000 8.062986
0.380000 8.063429
0.390000 8.032245
0.400000 7.970059
0.410000 7.877892
0.420000 7.757145
0.430000 7.609580
0.440000 7.437296
0.450000 7.242695
0.460000 7.028446
0.470000 6.797445
0.480000 6.552765
0.490000 6.297610
0.500000 6.035262
0.510000 5.769029
0.520000 5.502189
0.530000 5.237941
0.540000 4.979350
0.550000 4.729300
0.560000 4.490447
0.570000 4.265180
0.580000 4.055582
0.590000 3.863405
0.600000 3.690039
0.610000 3.536504
0.620000 3.403434
0.630000 3.291078
0.640000 3.199308
0.650000 3.127628
0.660000 3.075197
0.670000 3.040857
0.680000 3.023165
0.690000 3.020434
0.700000 3.030774
0.710000 3.052144
0.720000 3.082398
0.730000 3.119338
0.740000 3.160771
0.750000 3.204552
0.760000 3.248641
0.770000 3.291146
0.780000 3.330365
0.790000 3.364823
0.800000 3.393299
0.810000 3.414854
0.820000 3.428842
0.830000 3.434916
0.840000 3.433030
0.850000 3.423426
0.860000 3.406617
0.870000 3.383361
0.880000 3.354631
0.890000 3.321572
0.900000 3.285464
0.910000 3.247673
0.920000 3.209603
0.930000 3.172647
0.940000 3.138144
0.950000 3.107327
0.960000 3.081288
0.970000 3.060940
0.980000 3.046985
0.990000 3.039895
1.000000 3.039895
