# x = , y = ,(t = 0.016)
0.010000 2.327531
0.020000 2.342282
0.030000 2.370206
0.040000 2.411121
0.050000 2.464760
0.060000 2.530780
0.070000 2.608754
0.080000 2.698180
0.090000 2.798479
0.100000 2.909001
0.110000 3.029023
0.120000 3.157757
0.130000 3.294351
0.140000 3.437897
0.150000 3.587432
0.160000 3.741946
0.170000 3.900391
0.180000 4.061681
0.190000 4.224708
0.200000 4.388342
0.210000 4.551447
0.220000 4.712886
0.230000 4.871528
0.240000 5.026263
0.250000 5.176009
0.260000 5.319722
0.270000 5.456405
0.280000 5.585117
0.290000 5.704984
0.300000 5.815207
0.310000 5.915069
0.320000 6.003942
0.330000 6.081294
0.340000 6.146694
0.350000 6.199818
0.360000 6.240449
0.370000 6.268479
0.380000 6.283913
0.390000 6.286864
0.400000 6.277553
0.410000 6.256307
0.420000 6.223550
0.430000 6.179801
0.440000 6.125665
0.450000 6.061825
0.460000 5.989033
0.470000 5.908103
0.480000 5.819893
0.490000 5.725304
0.500000 5.625260
0.510000 5.520702
0.520000 5.412574
0.530000 5.301813
0.540000 5.189338
0.550000 5.076039
0.560000 4.962769
0.570000 4.850332
0.580000 4.739481
0.590000 4.630905
0.600000 4.525227
0.610000 4.423000
0.620000 4.324702
0.630000 4.230733
0.640000 4.141421
0.650000 4.057015
0.660000 3.977689
0.670000 3.903548
0.680000 3.834628
0.690000 3.770904
0.700000 3.712293
0.710000 3.658660
0.720000 3.609827
0.730000 3.565579
0.740000 3.525669
0.750000 3.489826
0.760000 3.457767
0.770000 3.429193
0.780000 3.403808
0.790000 3.381314
0.800000 3.361421
0.810000 3.343855
0.820000 3.328352
0.830000 3.314673
0.840000 3.302596
0.850000 3.291923
0.860000 3.282481
0.870000 3.274118
0.880000 3.266708
0.890000 3.260144
0.900000 3.254341
0.910000 3.249232
0.920000 3.244766
0.930000 3.240905
0.940000 3.237623
0.950000 3.234903
0.960000 3.232735
0.970000 3.231111
0.980000 3.230030
0.990000 3.229490
1.000000 3.229490
